 -2.500  -62.500
  0.19053279E+02  0.00000000E+00  0.19068840E+02  0.00000000E+00  0.19068181E+02  0.19068584E+02  0.00000000E+00  0.19068351E+02  0.00000000E+00
  0.11251167E+03  0.00000000E+00  0.11134143E+03  0.00000000E+00  0.11139098E+03  0.11136066E+03  0.00000000E+00  0.11137821E+03  0.00000000E+00
  0.13431614E+03  0.00000000E+00  0.13318505E+03  0.00000000E+00  0.13332287E+03  0.13323467E+03  0.00000000E+00  0.13329340E+03  0.00000000E+00
  0.13420867E+03  0.00000000E+00  0.13392617E+03  0.00000000E+00  0.13393813E+03  0.13393081E+03  0.00000000E+00  0.13393504E+03  0.00000000E+00
  0.00000000E+00  0.00000000E+00  0.00000000E+00  0.00000000E+00  0.00000000E+00  0.00000000E+00  0.00000000E+00  0.00000000E+00  0.00000000E+00
  0.00000000E+00  0.00000000E+00  0.00000000E+00  0.00000000E+00  0.00000000E+00  0.00000000E+00  0.00000000E+00  0.00000000E+00  0.00000000E+00
  0.99497288E+02  0.35618710E+02  0.52106039E+02  0.60460904E+02  0.43384388E+02  0.78542219E+01  0.13438900E+04  0.43825071E+04
  0.39798915E+01  0.14247484E+01  0.17368680E+02  0.60460904E+01  0.28922927E+01  0.52361482E+00  0.11199083E+03  0.62607244E+03
  0.22574852E+01  0.40766414E+01  0.63341266E+01
  0.53979844E+03
  0.12228268E+03
  0.00000000E+00
  0.00000000E+00
  0.74453515E+01
  0.79091485E+03
 -2.500  -50.100
  0.19248112E+02  0.00000000E+00  0.19266000E+02  0.00000000E+00  0.19264978E+02  0.19265626E+02  0.00000000E+00  0.19265613E+02  0.00000000E+00
  0.11348633E+03  0.00000000E+00  0.11208653E+03  0.00000000E+00  0.11216649E+03  0.11211574E+03  0.00000000E+00  0.11211677E+03  0.00000000E+00
  0.97058467E+02  0.00000000E+00  0.93440021E+02  0.00000000E+00  0.94427297E+02  0.93718874E+02  0.00000000E+00  0.94199658E+02  0.00000000E+00
  0.88145611E+02  0.00000000E+00  0.88024630E+02  0.00000000E+00  0.88031540E+02  0.88027155E+02  0.00000000E+00  0.88027243E+02  0.00000000E+00
  0.00000000E+00  0.00000000E+00  0.00000000E+00  0.00000000E+00  0.00000000E+00  0.00000000E+00  0.00000000E+00  0.00000000E+00  0.00000000E+00
  0.00000000E+00  0.00000000E+00  0.00000000E+00  0.00000000E+00  0.00000000E+00  0.00000000E+00  0.00000000E+00  0.00000000E+00  0.00000000E+00
  0.11109232E+03  0.35996420E+02  0.57919211E+02  0.66724623E+02  0.54566181E+02  0.91169249E+01  0.14697102E+04  0.44452085E+04
  0.44436928E+01  0.14398568E+01  0.19306404E+02  0.66724623E+01  0.36377456E+01  0.60779503E+00  0.12247585E+03  0.63502978E+03
  0.18404525E+01  0.25998718E+01  0.44403244E+01
  0.52700268E+03
  0.10970614E+03
  0.00000000E+00
  0.00000000E+00
  0.71549085E+01
  0.79677318E+03
 36.000  -84.250
  0.19015187E+02  0.00000000E+00  0.19015216E+02  0.00000000E+00  0.19015187E+02  0.00000000E+00  0.19015224E+02  0.19015187E+02  0.00000000E+00
  0.10789440E+03  0.00000000E+00  0.10781952E+03  0.00000000E+00  0.10789440E+03  0.00000000E+00  0.10779741E+03  0.10789440E+03  0.00000000E+00
  0.12693458E+03  0.00000000E+00  0.12688173E+03  0.00000000E+00  0.12693458E+03  0.00000000E+00  0.12686612E+03  0.12693458E+03  0.00000000E+00
  0.12666362E+03  0.00000000E+00  0.12664607E+03  0.00000000E+00  0.12666362E+03  0.00000000E+00  0.12664089E+03  0.12666362E+03  0.00000000E+00
  0.30022699E+02  0.00000000E+00  0.30030521E+02  0.00000000E+00  0.30022699E+02  0.00000000E+00  0.30034129E+02  0.30022699E+02  0.00000000E+00
  0.19075306E+01  0.00000000E+00  0.18849164E+01  0.00000000E+00  0.19075306E+01  0.00000000E+00  0.18744847E+01  0.19075306E+01  0.00000000E+00
  0.19362254E+03  0.58159970E+02  0.96987836E+02  0.11108914E+03  0.94863873E+02  0.14287591E+02  0.32369971E+04  0.48540343E+04
  0.77449015E+01  0.23263988E+01  0.32329279E+02  0.11108914E+02  0.63242585E+01  0.95250609E+00  0.26974976E+03  0.69343347E+03
  0.41255436E+01  0.55744722E+01  0.97000158E+01
  0.32981616E+03
  0.59092461E+02
  0.00000000E+00
  0.00000000E+00
  0.37990778E+01
  0.46763426E+03
 54.000 -105.100
  0.12982792E+02  0.00000000E+00  0.12982792E+02  0.00000000E+00  0.12982792E+02  0.00000000E+00  0.12982792E+02  0.12982792E+02  0.00000000E+00
  0.73735070E+02  0.00000000E+00  0.73734685E+02  0.00000000E+00  0.73735070E+02  0.00000000E+00  0.73734393E+02  0.73735070E+02  0.00000000E+00
  0.54242439E+02  0.00000000E+00  0.54242350E+02  0.00000000E+00  0.54242439E+02  0.00000000E+00  0.54242283E+02  0.54242439E+02  0.00000000E+00
  0.68605264E+02  0.00000000E+00  0.68605207E+02  0.00000000E+00  0.68605264E+02  0.00000000E+00  0.68605164E+02  0.68605264E+02  0.00000000E+00
  0.34767578E+02  0.00000000E+00  0.34767578E+02  0.00000000E+00  0.34767578E+02  0.00000000E+00  0.34767578E+02  0.34767578E+02  0.00000000E+00
  0.19355823E+01  0.00000000E+00  0.19355823E+01  0.00000000E+00  0.19355823E+01  0.00000000E+00  0.19355823E+01  0.19355823E+01  0.00000000E+00
  0.82389335E+03  0.24927970E+03  0.34034346E+03  0.48531643E+03  0.38460942E+03  0.62179915E+02  0.76235607E+04  0.50024089E+04
  0.32955734E+02  0.99711879E+01  0.31567626E+02  0.48531643E+02  0.25640629E+02  0.41453278E+01  0.44354991E+03  0.55921879E+03
  0.64667427E+00  0.56424416E-01  0.70309869E+00
  0.28749095E+03
  0.68475754E+02
  0.00000000E+00
  0.00000000E+00
  0.41029975E+01
  0.35371113E+03
 48.670    7.080
  0.17159136E+02  0.00000000E+00  0.17159139E+02  0.00000000E+00  0.17159136E+02  0.00000000E+00  0.17159140E+02  0.17159136E+02  0.00000000E+00
  0.97262935E+02  0.00000000E+00  0.97233313E+02  0.00000000E+00  0.97262935E+02  0.00000000E+00  0.97224243E+02  0.97262935E+02  0.00000000E+00
  0.11442698E+03  0.00000000E+00  0.11440607E+03  0.00000000E+00  0.11442698E+03  0.00000000E+00  0.11439967E+03  0.11442698E+03  0.00000000E+00
  0.11405752E+03  0.00000000E+00  0.11405059E+03  0.00000000E+00  0.11405752E+03  0.00000000E+00  0.11404847E+03  0.11405752E+03  0.00000000E+00
  0.51984899E-01  0.00000000E+00  0.54769166E-01  0.00000000E+00  0.51984899E-01  0.00000000E+00  0.56173294E-01  0.51984899E-01  0.00000000E+00
  0.12739354E+00  0.00000000E+00  0.11934374E+00  0.00000000E+00  0.12739354E+00  0.00000000E+00  0.11528416E+00  0.12739354E+00  0.00000000E+00
  0.36463688E+03  0.10776294E+03  0.18095010E+03  0.21335825E+03  0.15169358E+03  0.21805602E+02  0.55464186E+04  0.49320572E+04
  0.14585475E+02  0.43105176E+01  0.33094928E+02  0.21335825E+02  0.10112906E+02  0.14537069E+01  0.40647777E+03  0.64751485E+03
  0.11349298E+01  0.45380216E+00  0.15887319E+01
  0.37700417E+03
  0.66598299E+02
  0.00000000E+00
  0.00000000E+00
  0.34977119E+01
  0.48906566E+03
 41.750   12.370
  0.16754997E+02  0.00000000E+00  0.16755353E+02  0.00000000E+00  0.16755306E+02  0.00000000E+00  0.16755351E+02  0.16755323E+02  0.00000000E+00
  0.98197041E+02  0.00000000E+00  0.98020319E+02  0.00000000E+00  0.98043526E+02  0.00000000E+00  0.98021348E+02  0.98034882E+02  0.00000000E+00
  0.11590824E+03  0.00000000E+00  0.11578283E+03  0.00000000E+00  0.11579929E+03  0.00000000E+00  0.11578356E+03  0.11579316E+03  0.00000000E+00
  0.11556848E+03  0.00000000E+00  0.11552687E+03  0.00000000E+00  0.11553234E+03  0.00000000E+00  0.11552711E+03  0.11553030E+03  0.00000000E+00
  0.00000000E+00  0.00000000E+00  0.00000000E+00  0.00000000E+00  0.00000000E+00  0.00000000E+00  0.00000000E+00  0.00000000E+00  0.00000000E+00
  0.00000000E+00  0.00000000E+00  0.00000000E+00  0.00000000E+00  0.00000000E+00  0.00000000E+00  0.00000000E+00  0.00000000E+00  0.00000000E+00
  0.27374037E+03  0.55783382E+02  0.12678533E+03  0.16289332E+03  0.11241445E+03  0.11208384E+02  0.43838223E+04  0.48731550E+04
  0.10949615E+02  0.22313353E+01  0.38004666E+02  0.16289332E+02  0.74942971E+01  0.74722567E+00  0.35862330E+03  0.68790896E+03
  0.13744281E+01  0.56956423E+00  0.19439923E+01
  0.43032480E+03
  0.54252737E+02
  0.00000000E+00
  0.00000000E+00
  0.43460667E+01
  0.51752521E+03
 64.120   19.450
  0.82556337E+01  0.00000000E+00  0.82556337E+01  0.00000000E+00  0.82556337E+01  0.00000000E+00  0.82556337E+01  0.82556337E+01  0.00000000E+00
  0.46779546E+02  0.00000000E+00  0.46778805E+02  0.00000000E+00  0.46779546E+02  0.00000000E+00  0.46778159E+02  0.46779546E+02  0.00000000E+00
  0.61093203E+02  0.00000000E+00  0.61092601E+02  0.00000000E+00  0.61093203E+02  0.00000000E+00  0.61092077E+02  0.61093203E+02  0.00000000E+00
  0.62874463E+02  0.00000000E+00  0.62874254E+02  0.00000000E+00  0.62874463E+02  0.00000000E+00  0.62874073E+02  0.62874463E+02  0.00000000E+00
  0.77486366E+02  0.00000000E+00  0.77486366E+02  0.00000000E+00  0.77486366E+02  0.00000000E+00  0.77486366E+02  0.77486366E+02  0.00000000E+00
  0.31796173E+01  0.00000000E+00  0.31796173E+01  0.00000000E+00  0.31796173E+01  0.00000000E+00  0.31796173E+01  0.31796173E+01  0.00000000E+00
  0.11264224E+04  0.37387221E+03  0.30580872E+03  0.67365057E+03  0.49985348E+03  0.73567574E+02  0.75455491E+04  0.49981292E+04
  0.45056896E+02  0.14954888E+02  0.25339729E+02  0.67365057E+02  0.33323567E+02  0.49045051E+01  0.41813866E+03  0.53934197E+03
  0.42580150E+00  0.62806784E-01  0.48860828E+00
  0.28850547E+03
  0.51883342E+02
  0.00000000E+00
  0.00000000E+00
  0.42853227E+01
  0.41091308E+03
 44.080    0.080
  0.15930972E+02  0.00000000E+00  0.15930988E+02  0.00000000E+00  0.15930972E+02  0.00000000E+00  0.15930994E+02  0.15930972E+02  0.00000000E+00
  0.92010555E+02  0.00000000E+00  0.91967934E+02  0.00000000E+00  0.92010555E+02  0.00000000E+00  0.91953307E+02  0.92010555E+02  0.00000000E+00
  0.11118047E+03  0.00000000E+00  0.11114909E+03  0.00000000E+00  0.11118047E+03  0.00000000E+00  0.11113832E+03  0.11118047E+03  0.00000000E+00
  0.11081423E+03  0.00000000E+00  0.11080382E+03  0.00000000E+00  0.11081423E+03  0.00000000E+00  0.11080025E+03  0.11081423E+03  0.00000000E+00
  0.00000000E+00  0.00000000E+00  0.00000000E+00  0.00000000E+00  0.00000000E+00  0.00000000E+00  0.00000000E+00  0.00000000E+00  0.00000000E+00
  0.00000000E+00  0.00000000E+00  0.00000000E+00  0.00000000E+00  0.00000000E+00  0.00000000E+00  0.00000000E+00  0.00000000E+00  0.00000000E+00
  0.34275811E+03  0.91623520E+02  0.16760722E+03  0.20133296E+03  0.14018171E+03  0.18229647E+02  0.52459369E+04  0.49049981E+04
  0.13710324E+02  0.36649408E+01  0.33153723E+02  0.20133296E+02  0.93454479E+01  0.12153099E+01  0.39235732E+03  0.65279302E+03
  0.11967215E+01  0.46070236E+00  0.16574239E+01
  0.42936109E+03
  0.69710265E+02
  0.00000000E+00
  0.00000000E+00
  0.36320185E+01
  0.55355437E+03
 61.850   24.280
  0.15026764E+02  0.00000000E+00  0.15026805E+02  0.00000000E+00  0.15026764E+02  0.00000000E+00  0.15026818E+02  0.15026764E+02  0.00000000E+00
  0.85553871E+02  0.00000000E+00  0.85519998E+02  0.00000000E+00  0.85553871E+02  0.00000000E+00  0.85509839E+02  0.85553871E+02  0.00000000E+00
  0.10065161E+03  0.00000000E+00  0.10062770E+03  0.00000000E+00  0.10065161E+03  0.00000000E+00  0.10062053E+03  0.10065161E+03  0.00000000E+00
  0.10001601E+03  0.00000000E+00  0.10000812E+03  0.00000000E+00  0.10001601E+03  0.00000000E+00  0.10000575E+03  0.10001601E+03  0.00000000E+00
  0.46499727E+01  0.00000000E+00  0.46499727E+01  0.00000000E+00  0.46499727E+01  0.00000000E+00  0.46499727E+01  0.46499727E+01  0.00000000E+00
  0.87929899E+00  0.00000000E+00  0.87929899E+00  0.00000000E+00  0.87929899E+00  0.00000000E+00  0.87929899E+00  0.87929899E+00  0.00000000E+00
  0.67751611E+03  0.21592991E+03  0.24089754E+03  0.40220135E+03  0.30228240E+03  0.48878177E+02  0.69514967E+04  0.49778058E+04
  0.27100644E+02  0.86371963E+01  0.26694521E+02  0.40220135E+02  0.20152161E+02  0.32585453E+01  0.43403033E+03  0.58520714E+03
  0.82087863E+00  0.17508280E+00  0.99596143E+00
  0.32480059E+03
  0.69144084E+02
  0.00000000E+00
  0.00000000E+00
  0.45954627E+01
  0.45329956E+03
