 -2.500  -62.500
1901     -1.9    78.4    88.5    82.9    78.1    76.2    75.0    73.1    67.0    61.2    52.4    43.8   774.673
1902     63.0   102.5   101.2    96.2    90.3    86.4    80.5    69.7    69.6    67.6    64.1    41.9   932.893
1903     70.8    78.9    76.4    72.7    68.1    62.9    57.9    51.7    50.6    48.9    49.0    30.6   718.632
1904     71.1    69.9    71.2    68.9    66.1    60.8    51.5    48.0    47.0    47.4    26.3    51.9   680.342
1905     67.3    67.2    67.4    65.2    63.5    58.7    52.0    49.4    51.2    52.1    17.6    65.9   677.406
1906     70.5    66.3    65.2    64.0    62.5    56.3    52.0    47.4    48.5    27.4    39.3    69.0   668.381
1907     71.0    68.1    67.7    66.3    63.9    55.5    52.5    49.4    50.5     8.6    64.5    70.7   688.777
1908     71.9    70.5    69.5    67.5    63.5    58.7    54.1    50.7    26.5    30.5    70.0    74.0   707.292
1909     73.4    71.1    69.6    67.5    61.4    58.8    56.5    55.5     1.6    59.0    71.6    74.0   720.213
1910     73.7    73.2    73.3    68.4    61.9    58.9    56.1    35.4     4.0    59.9    62.0    71.2   698.087
1911     76.5    72.7    72.5    67.6    66.8    62.5    56.6    -4.6    43.0    48.1    47.6    60.8   670.060
1912     63.7    63.5    62.0    69.2    70.3    66.4    64.4    -9.3    65.2    77.4    74.3    85.6   752.666
1913     84.3    81.1    76.2    72.6    71.7    67.5     3.8    53.2    66.4    61.9    70.8    75.8   785.128
1914     79.2    78.1    73.9    72.4    69.7    65.6   -14.5    64.8    58.2    70.0    73.1    82.7   773.145
1915     81.9    76.1    72.7    74.0    71.5     5.7    53.3    71.3    66.6    71.3    79.2    74.4   798.049
1916     82.0    75.7    74.5    73.4    69.9    -6.9    73.0    69.8    58.9    62.1    63.7    72.4   768.552
1917     78.6    76.2    77.4    76.2    16.3    54.3    79.6    81.3    81.6    72.7    81.1    83.3   858.632
1918     80.1    77.6    74.0    72.6    -6.7    74.0    75.8    70.2    56.0    64.4    63.8    67.1   768.838
1919     75.0    74.9    74.9    23.5    48.7    79.4    77.0    73.9    71.8    72.2    82.1    79.8   833.263
1920     78.5    76.3    74.5    -1.9    79.1    82.3    79.8    71.7    60.5    56.9    67.4    71.2   796.475
1909     76.0    75.3    31.7    39.8    84.1    82.8    80.2    79.9    73.2    71.7    75.2    76.4   846.340
1902     75.6    74.1    -0.7    76.9    84.5    83.1    79.4    67.5    68.9    64.5    66.2    75.8   815.754
1916     75.2    40.8    27.5    83.7    83.5    83.0    76.5    69.8    57.6    57.0    58.7    67.8   781.103
1912     75.1    -1.5    69.4    84.3    85.6    80.7    78.9    66.6    61.3    68.8    65.4    77.1   811.716
1919     57.9    16.3    86.9    88.8    86.6    80.6    76.3    72.6    66.2    66.5    73.9    76.4   849.009
1907      5.3    71.4    85.0    86.0    84.4    81.2    76.2    70.8    68.0    68.2    73.1    72.3   841.792
1914     -6.6    82.6    84.2    84.1    82.0    78.9    70.4    60.9    51.5    61.5    64.6     5.2   719.350
1901     69.0    86.7    86.7    85.9    84.4    79.3    72.5    70.5    65.2    71.2    71.0    -3.6   838.815
1915     82.4    83.7    82.0    83.8    82.2    78.0    69.8    64.6    59.8    63.4     4.9    52.3   806.856
1913     84.5    83.4    85.3    83.3    82.3    76.6    70.4    62.6    59.5    53.5   -12.9    76.7   805.252
1906     87.8    86.9    86.8    85.6    83.6    75.9    71.1    64.1    61.8    11.5    49.5    84.1   848.742
1911     87.7    84.1    84.5    82.8    81.0    72.4    66.0    59.4    46.2   -36.0    45.3    61.8   735.166
1920     72.1    83.2    87.2    87.2    82.5    77.0    73.8    66.8     5.9    29.4    77.2    84.9   827.192
1908     91.8    90.3    89.9    87.1    79.6    75.9    69.6    68.0   -10.3    77.4    84.4    88.6   892.312
1910     87.9    86.7    86.9    81.6    74.8    71.0    67.6    18.3    19.4    63.0    64.4    75.2   796.797
1904     86.5    83.3    85.6    78.2    76.4    72.7    69.4    -7.3    65.4    77.2    83.5    87.0   857.874
1905     86.4    85.1    82.8    77.0    75.4    70.9    35.7    16.1    70.2    74.5    81.2    84.1   839.316
1918     87.4    85.6    76.7    76.0    72.8    68.7    -7.5    60.1    56.8    65.8    65.0    70.8   778.083
1917     80.5    81.6    79.4    78.5    76.8    54.7    10.4    80.9    82.9    74.2    82.8    86.5   869.311
1903     86.5    80.3    76.7    75.8    73.8     0.2    64.7    76.5    74.5    76.6    82.3    84.7   852.533
1902     83.7    76.3    76.3    74.3    71.3    -6.8    77.6    67.4    69.6    67.3    71.5    84.2   812.843
1907     80.0    75.8    75.2    74.3     5.2    63.7    77.2    74.9    75.6    74.8    81.6    82.8   841.005
1919     78.2    75.9    75.5    73.7    -4.8    76.9    74.9    71.9    69.7    70.1    81.3    80.3   823.424
1906     78.1    76.1    75.3    10.6    62.1    81.5    80.3    72.4    68.8    76.7    72.0    75.0   829.038
1912     77.4    73.3    69.5    -5.4    81.1    79.4    77.9    65.4    61.6    72.4    64.8    77.3   794.716
1909     76.2    76.9    18.1    57.8    85.5    83.9    80.8    80.5    73.4    71.4    75.2    77.0   856.643
1905     75.8    74.5    -0.7    82.3    85.8    82.4    79.3    71.4    69.5    69.4    73.7    75.6   838.876
1913     75.2    20.8    49.4    83.8    84.8    80.3    77.8    68.1    63.5    53.4    63.2    69.2   789.259
1918     77.6     0.9    80.5    87.7    85.7    81.4    78.3    71.5    54.8    60.9    61.2    68.0   808.689
1917     33.3    42.3    89.3    90.3    88.6    85.3    80.9    80.4    74.8    65.8    74.0    76.7   881.579
1901      1.5    79.2    86.4    86.6    85.1    80.0    74.4    73.8    64.9    71.3    73.3    41.8   818.429
1902     31.1    84.4    87.1    85.7    84.5    81.7    77.4    61.0    62.5    61.2    65.7     0.8   783.077
1903     75.4    87.0    85.9    85.8    84.2    81.3    75.1    68.9    66.3    67.0    52.5    15.0   844.360
1904     86.2    84.7    87.8    85.8    83.9    79.2    70.5    67.0    62.3    66.4     1.2    71.2   846.025
1905     85.4    86.2    87.4    85.3    83.4    76.8    69.8    63.6    63.0    65.3    -5.2    83.5   844.286
1906     87.9    86.5    86.2    84.9    82.7    74.1    69.9    63.0    60.6     1.0    59.3    83.5   839.518
1907     88.1    85.5    84.7    83.9    80.5    72.7    68.6    65.3    65.3   -10.6    82.2    86.2   852.528
1908     87.7    86.8    86.5    84.3    77.8    72.4    66.3    65.4    -0.9    57.6    81.2    86.5   851.664
1909     86.2    86.0    85.3    81.5    75.0    71.5    68.5    66.4   -14.7    70.3    82.2    85.2   843.457
1910     85.4    85.4    86.0    80.3    74.4    70.6    67.3     3.0    35.5    63.1    64.4    75.5   790.915
 -2.500  -50.100
1901      4.8    82.1    88.9    85.2    83.6    79.6    75.0    65.8    55.0    49.6    41.1    34.4   745.065
1902     65.9   102.8   100.8    95.5    89.6    81.8    74.8    60.0    51.7    48.3    47.4    31.0   849.582
1903     75.8    83.2    80.6    74.7    67.9    60.8    53.2    38.2    36.4    35.1    32.8    29.2   667.906
1904     79.1    80.1    78.1    73.5    68.9    59.9    43.7    37.1    34.4    31.0     8.9    60.1   654.611
1905     78.6    79.2    76.6    72.4    66.2    56.2    40.4    37.9    32.3    29.5    -0.0    60.6   629.856
1906     79.8    78.8    75.5    71.8    65.4    51.7    43.6    41.3    38.2     4.3    38.3    64.7   653.384
1907     82.0    81.0    77.5    72.1    63.8    44.7    44.8    41.2    36.3    -7.3    52.6    60.6   649.207
1908     82.3    81.1    78.3    71.2    58.3    48.4    46.2    44.5     7.5    29.3    60.9    66.8   674.616
1909     85.8    82.6    77.1    70.5    51.9    49.3    48.2    43.6    -5.5    54.4    49.7    65.7   673.258
1910     84.6    84.0    78.5    65.0    54.6    52.2    47.8    22.6    30.8    57.9    57.1    65.6   700.824
1911     82.3    83.8    78.2    59.9    56.4    53.3    52.1     0.7    61.2    61.9    57.3    64.3   711.391
1912     81.9    82.5    71.6    59.1    57.7    55.5    36.8    18.8    68.8    59.2    58.1    63.9   713.895
1913     82.6    82.8    65.2    60.7    59.4    56.1    -2.9    67.3    68.2    62.1    51.5    51.7   704.770
1914     78.9    77.7    65.2    63.0    61.4    54.5     3.2    87.7    84.1    64.4    45.9    44.0   730.183
1915     61.0    65.8    64.0    63.0    60.0     0.3    70.1    87.4    70.7    51.5    36.3    53.2   683.292
1916     71.9    68.9    68.8    66.9    64.0     4.4    77.2    63.6    43.1    22.8    22.3    61.7   635.653
1917     75.0    73.0    73.0    71.3    15.6    75.4    86.2    70.1    51.4    34.1    31.1    60.0   716.212
1918     72.0    75.0    72.2    71.5    11.1    89.1    87.1    79.8    63.2    51.3    39.2    29.7   741.135
1919     66.4    72.1    71.1    19.0    70.8    91.6    84.0    77.1    72.6    62.2    46.8    36.0   769.643
1920     59.9    71.1    70.7    10.1    94.8    95.9    86.9    86.9    90.0    80.6    61.9    59.8   868.612
1909     69.7    68.6    19.1    61.8    92.0    88.2    85.3    73.3    59.4    49.5    28.6    45.3   740.724
1902     63.6    64.3     4.4    88.9    93.7    89.2    80.4    72.0    55.1    40.5    34.8    43.6   730.540
1916     61.8    25.9    55.6    95.7    95.9    90.2    74.8    56.4    34.6    11.5    13.5    47.5   663.471
1912     65.9    10.3    93.9   100.8    98.6    94.0    89.1    76.2    59.1    43.3    45.2    52.5   828.779
1919     36.7    46.5    97.5    97.5    92.1    84.0    73.4    64.6    49.2    44.5    36.8    36.6   759.317
1907     -6.5    88.0    98.5    97.1    92.6    87.3    80.8    63.6    45.5    37.2    39.5    25.6   749.093
1914     31.6    99.9   101.2    98.2    94.0    85.2    78.0    63.4    58.0    45.2    34.6   -25.5   763.827
1901     66.6    93.6    94.7    91.4    87.6    80.2    70.8    52.7    47.7    44.6    37.1   -12.4   754.641
1915     88.6    93.5    91.3    88.4    82.8    76.2    61.5    57.7    45.8    33.6    19.6   -13.8   725.175
1913     85.4    97.1    97.3    92.9    88.0    80.4    64.0    54.6    47.8    43.2    31.6    -3.9   778.392
1906     93.3   100.0    98.0    94.0    86.2    80.1    59.7    54.8    49.6    36.0    -7.7    52.4   796.458
1911     93.2    99.5    98.0    91.5    83.9    70.9    59.7    56.7    48.7    34.5    -6.0    70.9   801.456
1920     94.3    97.5    95.3    87.5    83.1    62.2    54.9    56.3    53.7    14.3    54.7    79.4   833.084
1908     97.2    96.6    92.0    85.2    73.4    57.2    54.6    54.2    36.9   -10.8    61.7    68.0   766.128
1910     94.8    95.3    89.8    85.0    66.5    60.1    54.8    49.6    10.8    33.5    59.0    67.7   766.875
1904     95.6    94.5    89.4    79.4    64.2    61.1    59.3    49.2    -1.3    61.0    61.2    75.1   788.648
1905     95.4    93.0    89.2    71.5    64.5    61.1    54.6    21.2    34.7    60.7    54.4    59.1   759.443
1918     84.2    91.7    82.3    67.1    65.1    59.3    52.2     7.5    64.1    58.3    46.1    38.9   716.841
1917     85.1    92.6    77.9    70.3    68.8    61.8    32.5    27.8    54.5    37.0    33.3    66.1   707.736
1903     93.7    91.3    74.4    72.4    70.2    60.5    17.4    77.2    74.5    65.4    52.7    71.0   820.716
1902     90.4    80.5    72.6    70.5    65.1    46.9    31.9    81.0    66.8    56.5    52.2    58.0   772.314
1907     82.7    72.0    70.8    69.1    60.5    17.2    79.8    80.4    67.1    51.7    51.1    53.9   756.292
1919     75.6    70.5    69.5    65.8    59.6    18.7    80.8    75.6    71.4    61.3    45.6    42.9   737.461
1906     52.4    72.0    71.3    64.5    24.9    83.3    92.1    82.0    69.6    53.9    47.4    49.4   762.660
1912     65.1    72.7    70.5    62.2    27.5    95.1    92.7    81.4    69.6    54.3    53.1    48.4   792.545
1909     70.1    70.9    63.4    25.2    78.9    92.3    90.7    78.7    64.4    54.8    37.5    47.7   774.700
1905     67.6    69.6    60.0    26.9    95.7    93.5    89.4    77.9    61.1    51.4    36.9    43.3   773.201
1913     64.5    63.5    28.7    76.1    97.3    92.5    84.2    76.7    61.3    49.6    35.2    38.8   768.370
1918     64.2    61.0    23.4    95.4    96.4    86.6    79.1    69.0    52.8    33.9    26.6    25.8   714.424
1917     60.1    33.4    74.0   101.1    99.7    93.5    79.8    60.6    39.9    20.5    21.5    50.1   734.135
1901     63.5    26.0   100.2   103.0   100.2    92.4    86.7    75.0    54.1    46.6    41.1    45.9   834.778
1902     40.2    68.0   103.9   102.0    97.3    88.8    76.8    65.7    42.8    38.2    38.0    40.3   802.097
1903     22.1    96.6   102.2    99.2    93.7    83.8    76.7    56.0    44.7    40.9    31.1    27.1   773.953
1904     55.4   101.9   102.1    97.9    92.5    83.1    74.4    52.5    46.1    40.0    33.7     6.0   785.496
1905     91.2   102.0   100.7    96.4    88.6    80.9    65.4    53.3    45.4    37.2    20.1    13.5   794.690
1906     93.7   101.3    98.7    94.2    86.9    79.3    59.6    55.4    50.1    36.0   -10.2    59.6   804.674
1907     95.5   100.7    97.8    91.1    84.4    68.7    59.7    54.7    45.3    33.7    -9.6    67.1   789.082
1908     97.2   100.3    97.5    89.8    84.7    63.3    57.8    57.7    42.4    -9.8    55.8    72.6   809.152
1909    100.3   100.3    93.8    88.6    77.5    60.0    58.7    51.8    42.7    -9.4    54.8    70.5   789.603
1910     96.5    98.6    92.7    88.2    70.0    62.4    56.9    51.3     2.9    46.6    61.1    69.6   796.773
 36.000  -84.250
1901      0.0     0.0    -1.7    45.6    74.8    85.1    78.7    66.0    50.2    27.3     2.3    -1.6   426.621
1902     -0.6    -2.0    -2.4    47.1    86.5    94.2    86.1    69.9    54.2    32.2     3.1    -4.8   463.579
1903     -4.5    -2.3    -1.0    52.5    78.5    83.8    79.2    68.5    43.5    16.6    -5.2    -6.5   403.145
1904     -5.9    -5.3    -9.5    40.4    74.6    84.8    78.6    61.8    49.4    20.6    -4.5    -8.1   376.787
1905     -5.7    -3.6    -3.7    54.2    80.5    88.9    82.8    69.8    50.2    15.6    -4.0    -8.1   416.976
1906     -6.6    -6.2   -15.8    33.9    71.7    89.8    86.5    74.4    55.1    26.4    -4.6    -9.8   394.662
1907     -5.8    -6.6    -6.8    34.3    70.0    85.3    85.7    71.9    52.8    16.0    -5.7    -7.7   383.392
1908     -7.2    -5.4    -9.6    55.8    80.7    87.9    82.3    71.0    49.1    21.3    -3.0    -7.5   415.375
1909     -7.1    -5.7    -8.6    55.9    76.9    89.2    82.9    70.7    42.8     7.4    -1.5    -5.8   397.023
1910     -6.0    -5.1   -13.7    48.1    74.6    90.8    87.4    75.1    54.6    26.5    -4.9    -7.4   419.947
1911     -6.5    -3.7   -21.0    51.7    84.4    92.2    86.0    73.0    53.1    22.7    -5.0    -6.9   419.977
1912     -4.5    -5.1   -22.2    40.1    82.3    92.1    91.9    76.4    58.7    32.3    -3.3    -8.0   430.780
1913     -4.8    -5.0   -23.4    49.3    81.2    92.6    83.5    60.7    40.3    16.5    -2.3    -7.4   381.184
1914     -6.1    -5.1   -13.9    27.7    80.2    86.9    82.8    81.1    60.8    34.6    -0.8    -5.3   422.999
1915     -5.8    -2.5    -1.4    -1.8    78.7    97.9    93.9    81.8    63.2    39.1    11.3    -7.3   447.199
1916     -5.2    -5.5   -10.6    20.3    82.8    94.2    92.8    80.7    56.2    28.8     0.2    -7.9   426.771
1917     -5.9    -4.5   -25.3    54.5    73.5    93.5    90.2    77.0    55.1    18.0    -3.6    -5.2   417.180
1918     -4.2    -3.0   -12.7    56.6    88.2    95.1    90.0    77.0    46.1    22.6    -2.1    -4.8   448.835
1919     -6.5    -4.2   -26.8    51.2    81.1    96.4    82.6    67.7    46.1    28.2    -1.8    -7.2   407.064
1920     -5.9    -4.1   -20.7    44.1    81.9    96.5    92.5    78.6    60.7    31.4    -3.5    -6.4   445.302
1909     -5.7    -1.8   -20.9    57.4    81.8    95.6    89.6    77.0    48.8    14.7    -0.2    -5.5   430.725
1902     -6.9    -4.6   -21.1    36.8    88.6    98.9    89.7    70.7    53.7    32.4     0.8    -7.4   431.616
1916     -4.5    -5.1   -25.6    54.2    86.1    95.6    92.5    79.9    52.3    21.8    -2.9    -7.5   436.804
1912     -4.4    -4.7   -22.2    41.8    85.7    95.7    95.5    79.7    61.4    34.2    -2.5    -7.6   452.576
1919     -6.9    -4.7   -27.5    51.1    81.4    96.9    82.7    67.7    46.0    28.1    -1.7    -7.2   405.942
1907     -3.1    -4.8   -10.7    42.9    78.5    93.8    93.8    79.1    57.0    20.0    -3.8    -6.3   436.517
1914     -5.7    -4.8   -14.2    28.9    82.8    89.3    84.5    82.9    62.3    35.4    -1.0    -5.6   434.778
1901     -6.0    -4.3   -19.4    30.1    80.7    99.9    88.9    78.8    61.6    32.3    -3.4    -7.1   432.247
1915     -5.9    -2.7   -25.5    33.7    88.5   101.7    95.7    82.4    59.2    37.7     9.6    -7.7   466.643
1913     -5.0    -4.8   -28.6    46.7    84.8    96.7    87.6    63.4    42.4    22.1    -1.1    -7.8   396.430
1906     -5.8    -4.9    -2.2     8.6    80.5   100.2    98.6    85.6    64.4    33.0     4.3    -8.1   454.265
1911     -6.1    -3.0   -26.8    46.9    88.7    97.9    92.5    78.3    60.3    32.5    -5.0    -6.7   449.554
1920     -6.4    -4.5   -21.6    44.5    83.3    98.1    93.7    79.4    61.2    31.4    -4.2    -7.1   447.720
1908     -7.0    -5.1   -14.3    59.8    87.3    94.4    87.5    74.6    51.4    22.8    -1.8    -6.7   443.032
1910     -6.1    -5.2   -15.9    50.5    79.3    96.6    92.4    79.4    58.1    28.7    -4.7    -7.4   445.679
1904     -5.9    -4.9   -20.4    45.0    84.2    95.7    87.8    68.3    54.9    24.0    -3.1    -7.1   418.422
1905     -5.6    -3.2   -10.7    61.7    91.1   100.2    93.9    79.5    58.2    19.9    -2.0    -7.0   476.113
1918     -4.5    -3.9   -13.7    57.8    90.2    97.5    92.0    78.3    46.6    22.2    -3.4    -5.9   453.361
1917     -6.2    -4.9   -25.6    57.1    76.7    97.6    93.6    80.1    57.4    18.6    -4.4    -5.7   434.264
1903     -7.0    -4.0    -8.5    59.7    88.7    94.1    88.9    78.3    48.6    14.9    -4.1    -6.6   443.123
1902     -7.2    -4.8   -22.2    41.7    91.2   101.9    91.8    72.3    55.0    31.6     0.3    -7.6   443.869
1907     -3.2    -5.1   -11.0    43.5    80.0    95.6    95.2    80.4    58.0    20.1    -4.2    -6.7   442.619
1919     -6.6    -4.0   -26.2    54.2    85.1   101.0    86.0    70.4    48.0    29.5    -1.5    -7.3   428.453
1906     -5.3    -4.5     0.2     7.2    82.1   102.1   100.3    86.8    65.4    33.4     4.0    -8.6   463.266
1912     -4.7    -5.3   -23.0    42.3    87.5    98.0    97.6    81.1    62.4    34.6    -2.8    -7.8   459.875
1909     -6.3    -2.6   -24.0    58.2    84.4    99.2    93.1    79.9    51.0    17.3    -0.8    -6.0   443.388
1905     -5.8    -3.4   -11.3    61.9    91.6   100.7    94.5    79.8    58.5    19.9    -2.4    -7.4   476.693
1913     -4.5    -4.8   -23.7    53.3    86.7    98.4    88.2    63.5    42.3    17.2    -2.9    -8.0   405.718
1918     -4.6    -4.0   -12.1    59.1    92.2    99.4    94.2    80.5    48.2    23.4    -2.6    -5.2   468.637
1917     -5.6    -4.5   -24.8    58.4    78.2    99.1    95.2    81.4    58.4    19.0    -4.3    -5.7   444.857
1901     -6.3    -4.5   -19.7    31.5    83.3   103.1    91.4    81.1    63.8    33.7    -3.6    -7.5   446.277
1902     -7.2    -4.8   -20.3    34.5    92.2   103.0    93.2    73.2    55.7    34.5     2.4    -7.8   448.525
1903     -6.9    -4.0   -16.8    58.8    89.8    96.1    91.3    80.5    50.7    20.4    -4.8    -6.8   448.273
1904     -5.9    -4.8   -19.3    46.4    86.4    98.0    90.0    70.2    56.6    24.8    -2.9    -7.1   432.419
1905     -5.6    -3.2    -9.9    63.1    93.2   102.5    95.9    81.2    59.6    20.3    -2.1    -7.2   487.807
1906     -5.5    -5.2   -19.0    36.4    81.7   102.0    99.0    85.3    63.8    31.8    -3.1    -9.2   457.800
1907     -4.7    -6.0   -10.8    39.2    79.7    96.5    96.4    81.4    60.5    19.7    -4.8    -7.2   439.802
1908     -7.0    -5.0   -12.9    62.6    90.9    98.2    90.8    77.4    53.4    23.7    -1.9    -7.0   463.142
1909     -6.6    -5.4   -11.2    62.8    86.0    99.7    92.9    79.4    48.6     9.2    -0.3    -5.9   449.264
1910     -6.0    -4.9   -15.6    53.1    82.7   100.7    96.4    82.8    60.9    30.1    -4.8    -7.7   467.634
 54.000 -105.100
1901      0.0     0.0     0.0    -0.4    84.4    90.7    97.3    81.2    45.1    22.9    -6.2    -9.4   405.624
1902     -9.1    -8.2    -5.5    -6.4    77.3    94.1   115.6    97.8    50.6    15.8    -8.0    -9.4   404.600
1903     -9.2    -8.2    -7.0    -4.4    53.6   107.6   108.6    87.6    41.2    19.3    -7.0    -9.7   372.546
1904     -9.4    -8.4    -7.2    -0.6    55.8   107.3   113.9    88.7    47.3    19.1    -2.8    -9.8   394.070
1905     -9.5    -8.5    -0.3    -4.8    56.9    98.7   111.2    95.3    52.2     3.2    -3.1    -9.4   382.218
1906     -9.5    -8.5    -7.3     3.2    55.9   114.1   121.4    88.4    48.6    20.0    -8.6    -9.8   407.920
1907     -9.5    -8.5    -6.5    -1.6   -17.5   112.3   119.7    86.5    47.4    25.7    -6.8    -9.9   331.351
1908     -8.8    -8.6    -7.3   -11.6    65.5   107.2   117.2    84.5    56.2    16.7    -5.2    -9.3   396.421
1909     -9.6    -8.6    -5.4     5.8    21.9   112.5   125.8   104.4    63.4    18.4    -8.9    -9.6   410.057
1910     -9.3    -8.3    12.9    -9.5    56.1   107.9   101.5    70.3    39.0    13.4    -6.8    -8.4   358.829
1911     -8.8    -7.8    -1.7   -25.0    70.5   120.3   110.0    95.9    53.1    19.9    -8.0    -9.0   409.639
1912     -9.6    -8.6    -7.3   -13.7    71.0   127.0   118.4   105.1    56.2    17.3    -5.7    -9.9   440.153
1913     -9.6    -8.6    -7.3    -3.8    58.3   113.1   124.2   100.8    64.4     7.8    -5.3    -9.4   424.348
1914     -9.6    -8.6    -3.1   -17.9    65.7   115.3   122.5    78.1    48.1    19.4    -6.6    -9.8   393.503
1915     -9.5    -7.8    -2.5     2.9    72.1    95.9   112.7   102.2    41.6    15.2    -8.9    -9.1   404.988
1916     -9.3    -8.3    -7.1   -11.2    53.9   107.7   132.5   100.6    55.5     7.9    -5.0    -9.9   407.071
1917     -9.6    -8.6    -2.7     4.7    25.8   100.9   115.8    79.2    52.6     6.5     2.5    -9.1   358.021
1918     -8.8    -7.9    -1.9    -3.0    37.3   113.4   114.1    92.4    54.7    19.7    -4.4    -9.5   396.153
1919     -9.2    -8.3    -7.0     0.5    77.0   109.2   107.5    95.2    57.0    -3.2    -9.2    -9.8   399.755
1920     -9.6    -8.5    -7.3     5.9    29.2   110.2   130.7    98.9    64.0    24.6    -5.9    -9.8   422.249
1909     -9.5    -8.5    -5.3     6.1    19.9   112.8   126.1   104.5    63.5    18.4    -8.8    -9.5   409.739
1902     -9.2    -8.2    -5.5   -29.3    71.2    94.9   116.8    95.9    48.2    14.9    -8.0    -9.4   372.251
1916     -9.1    -8.1    -6.9   -13.7    57.3   106.8   131.2    99.6    54.9     7.8    -5.0    -9.8   405.085
1912     -9.5    -8.5    -7.3   -11.3    66.7   125.4   116.9   103.9    55.7    16.9    -5.7    -9.8   433.440
1919     -9.5    -8.5    -7.3    -4.2    78.7   107.4   105.8    93.5    55.6    -3.4    -9.1    -9.8   389.208
1907     -9.5    -8.5    -6.3    -1.1   -21.1   117.6   123.8    89.9    50.7    27.7    -6.5    -9.8   346.757
1914     -9.5    -8.5    -2.7   -15.3    66.6   115.1   122.6    78.6    48.4    20.2    -6.4    -9.7   399.301
1901     -9.4    -8.4    -3.7   -17.0    92.3   101.0   124.3    99.9    48.3    27.6    -6.7    -9.8   438.459
1915     -9.5    -7.7    -2.4     3.7    71.4    94.8   111.4   100.9    40.7    14.8    -8.8    -9.0   400.290
1913     -9.2    -8.2    -7.0    -5.0    60.0   112.7   123.7   100.6    64.3     8.1    -5.2    -9.3   425.342
1906     -9.5    -8.5    -7.2    -3.0    54.2   115.7   122.6    89.2    49.6    21.1    -8.4    -9.6   406.207
1911     -9.3    -8.3    -1.4   -24.4    65.7   117.6   107.3    93.2    51.4    19.0    -7.9    -9.0   393.910
1920     -9.5    -8.5    -7.2     5.1    25.6   106.8   126.9    95.8    61.4    23.5    -5.9    -9.7   404.427
1908     -8.6    -8.5    -7.2   -17.2    67.1   107.4   116.6    83.9    56.0    17.0    -5.0    -9.2   392.291
1910     -9.5    -8.5    12.9   -15.5    63.9   106.6   100.1    69.6    38.9    13.4    -6.6    -8.2   357.155
1904     -8.6    -7.7    -6.5   -16.2    60.8   112.1   117.5    92.7    51.1    22.7    -1.4    -9.7   406.796
1905     -9.4    -8.4     0.8    -9.2    56.4   102.9   114.8    99.0    56.0     4.8    -2.0    -9.1   396.491
1918     -9.4    -8.4    -1.6   -14.6    53.7   112.1   112.1    90.4    53.2    18.8    -4.5    -9.4   392.565
1917     -9.1    -8.2    -2.8   -11.6    42.7   100.7   114.0    77.8    51.5     6.6     2.8    -8.9   355.383
1903     -8.6    -7.7    -6.6   -15.4    46.8   110.8   111.3    89.8    44.1    22.2    -6.6    -9.6   370.390
1902     -9.3    -8.4    -5.5   -27.0    71.6    94.4   116.4    96.1    48.6    15.2    -7.8    -9.2   375.151
1907     -8.9    -8.0    -6.0    -1.2   -19.7   115.2   121.4    88.1    49.4    27.9    -6.2    -9.6   342.351
1919     -9.3    -8.4    -7.1     4.6    74.2   107.8   106.8    94.9    56.5    -3.1    -9.0    -9.6   398.338
1906     -9.3    -8.3    -7.1     0.6    59.5   117.8   124.5    90.7    51.3    22.0    -8.2    -9.5   423.958
1912     -9.2    -8.2    -7.0   -10.5    64.7   121.8   113.3   100.2    53.4    16.4    -5.6    -9.6   419.606
1909     -9.3    -8.4    -5.3     5.4    19.8   109.3   122.4   101.2    61.5    17.6    -8.7    -9.3   396.381
1905     -9.0    -8.1     0.5   -10.2    54.9   101.3   113.2    97.1    54.9     4.5    -2.3    -9.1   387.668
1913     -9.3    -8.4    -7.1    -4.9    58.4   110.2   121.1    98.3    62.6     7.6    -5.2    -9.1   414.270
1918     -9.3    -8.4    -1.8   -15.7    49.3   109.5   109.9    88.8    51.9    18.1    -4.6    -9.3   378.578
1917     -9.0    -8.1    -2.9    -0.2    28.7    99.2   112.5    77.0    51.0     6.4     2.7    -8.8   348.522
1901     -8.6    -7.7    -3.6   -13.9    84.3    98.9   122.5    98.8    48.1    27.7    -6.5    -9.5   430.566
1902     -9.3    -8.3    -5.5   -29.2    69.0    92.2   113.9    93.8    47.2    14.5    -7.8    -9.1   361.521
1903     -8.9    -7.9    -6.7   -15.5    46.0   109.9   110.2    89.1    43.8    22.4    -6.5    -9.5   366.159
1904     -9.2    -8.3    -7.0    -7.1    50.8   110.6   116.0    91.4    50.2    22.2    -1.4    -9.5   398.630
1905     -9.2    -8.3     0.8   -10.3    54.9   101.6   113.6    98.1    55.6     4.8    -1.8    -8.9   390.703
1906     -9.2    -8.3    -7.0    -2.6    55.8   115.2   122.0    89.2    50.1    21.6    -8.1    -9.3   409.340
1907     -9.1    -8.1    -6.1    -1.2   -21.8   112.1   118.9    86.4    48.2    27.0    -6.2    -9.5   330.583
1908     -8.2    -8.2    -7.0   -12.4    65.0   106.4   116.3    84.2    56.2    17.4    -4.7    -8.9   396.145
1909     -9.2    -8.2    -5.0     6.0    22.2   110.1   123.5   102.1    62.3    18.4    -8.5    -9.2   404.407
1910     -8.9    -7.9    13.0    -8.2    54.7   105.0    99.4    69.1    38.6    13.4    -6.5    -8.0   353.711
 48.670    7.080
1901      0.0     0.0    -1.3    45.8    70.1    81.6    78.3    61.7    37.4    12.8    -1.3    -6.1   378.877
1902     -5.1    -3.3    -1.9    43.6    72.9   104.7   106.7    87.8    60.8    25.3     3.1    -5.3   489.244
1903     -3.4     1.6   -11.2    26.5    82.9    98.1    98.5    84.1    56.1    25.3     1.9    -6.0   454.096
1904     -5.9     0.1     6.4     5.7    78.4   102.7   100.1    76.5    51.0    26.2     1.0    -5.3   436.877
1905     -6.2    -1.0    -6.8    20.2    77.6   107.8   106.1    82.4    55.1    14.0    -0.1    -6.8   442.388
1906     -5.8    -4.0     6.7    -4.6    75.8   100.5   102.4    87.0    58.3    29.2     5.2    -6.0   444.756
1907     -5.6    -4.6     8.6    -5.3    78.1   101.9   102.4    89.4    58.7    30.1     5.5    -4.3   454.951
1908     -6.1    -0.3     6.1    -9.4    67.3   107.8   105.4    87.8    60.7    28.7     2.7    -6.4   444.333
1909     -6.0    -3.8     7.0    -0.4    73.5   101.3   102.7    91.6    60.1    32.7     2.1    -3.5   457.280
1910     -3.4     1.4     9.8    -5.8    72.0   108.3   104.4    90.2    58.7    31.5     2.8    -4.4   465.541
1911     -6.1     0.6    10.6    -6.6    84.9   104.1   106.3    82.1    51.3    28.6     5.7    -2.5   459.042
1912     -4.6     3.3   -17.0    34.2    87.7   107.0   106.6    82.0    45.3    21.3    -0.5    -3.4   461.825
1913     -4.0     0.7   -17.2    42.2    88.7   104.6    97.7    85.9    54.7    27.1     6.3    -4.9   481.708
1914     -6.1     3.6     2.5    15.1    77.9   106.3   108.9    93.3    59.9    25.4     2.5    -3.1   486.225
1915     -4.9    -0.7     6.6   -10.9    80.1   108.6    96.1    85.8    59.5    25.1     1.1    -1.9   444.729
1916      0.1     1.4     7.4     3.6    87.8   100.7   105.9    92.7    59.2    27.2     4.3    -4.6   485.657
1917     -6.1    -4.7     5.9   -11.7    66.3   113.0   103.8    93.8    69.8    29.6     8.8    -6.5   462.158
1918     -2.4     2.2    11.3    -1.3    81.9    98.4   107.6    86.4    62.1    27.0     3.3    -1.4   475.051
1919     -3.7    -1.7     9.4   -14.4    74.6    99.7    96.0    93.4    64.3    22.1     3.1    -3.7   439.042
1920     -0.8     3.8     4.9    13.1    93.7   105.7   106.0    87.0    61.9    24.9     0.4    -5.4   495.288
1909     -6.1    -3.7     7.2    -3.3    75.1   103.3   104.8    93.7    61.5    33.7     2.4    -3.4   465.072
1902     -2.6    -3.5     1.0    15.2    68.7   104.6   106.8    86.8    60.9    23.7     0.9    -6.4   456.123
1916      1.4     2.5    -3.6    19.4    90.8   102.0   106.8    93.3    58.7    27.8     4.4    -4.5   498.944
1912     -5.2     3.1   -21.7    43.6    89.6   107.7   106.5    81.8    43.6    19.9    -0.8    -3.5   464.681
1919     -3.8    -1.9     3.1   -11.4    77.4   100.1    96.1    93.2    64.3    21.9     1.2    -3.4   436.821
1907     -5.4    -4.4    10.6    -6.4    82.4   106.3   106.7    93.6    61.5    32.5     7.0    -3.2   481.110
1914     -5.9     4.4     5.4    15.2    79.1   107.9   110.4    94.6    60.9    25.9     2.8    -2.9   497.765
1901     -6.4    -6.0     7.5    -6.5    72.2   110.8   111.7    87.8    65.1    31.2     3.1    -5.0   465.327
1915     -3.6     0.5     7.6    -8.2    81.7   110.5    97.7    87.3    60.7    26.0     1.7    -1.4   460.418
1913     -3.7     1.2    11.5     3.0    86.3   106.6   100.8    89.4    60.4    30.0     8.3    -4.8   489.115
1906     -5.2    -3.5     8.9    -8.1    79.5   105.8   107.3    90.8    60.7    30.9     6.5    -5.6   468.137
1911     -5.9     1.7    11.7    -6.5    87.4   106.8   108.8    83.9    52.5    29.7     6.5    -2.0   474.453
1920     -1.4     3.0   -17.4    41.8    96.3   105.6   104.8    85.5    58.5    24.1    -1.6    -5.7   493.394
1908     -6.5     0.0     6.4   -20.3    75.9   111.8   108.5    90.7    63.0    30.2     2.2    -6.0   456.159
1910     -3.3     1.9    10.9    -7.3    73.9   111.5   107.6    93.2    60.8    33.2     3.8    -3.6   482.436
1904     -6.2     0.6     9.1    -0.7    83.1   109.0   105.7    80.1    53.5    28.8     2.8    -4.0   461.827
1905     -5.9     0.8    -8.2    19.7    83.2   115.0   112.6    86.9    58.6    16.7     1.9    -5.6   475.615
1918     -3.4     1.6    10.6     2.8    92.0   100.6   108.2    86.2    61.6    24.3     2.8    -1.6   485.654
1917     -6.1    -4.8     6.1   -11.3    66.9   114.7   105.3    95.2    71.0    30.3     9.3    -6.6   470.087
1903     -3.7     3.5    13.8     1.9    36.1    97.2   108.0    96.9    69.5    38.4     9.5    -5.4   465.591
1902     -2.6    -3.3     8.0     1.7    52.1   103.8   110.1    91.0    65.3    30.0     4.7    -6.2   454.738
1907     -5.0    -4.3    11.5    -6.8    83.3   107.7   108.0    94.9    62.6    33.4     7.6    -2.8   490.011
1919     -2.3    -1.2     9.9   -15.1    74.8   101.2    97.4    95.0    65.5    22.7     3.8    -3.5   448.095
1906     -4.8    -3.2     9.8    -5.0    80.9   107.0   108.5    91.9    61.6    31.6     7.1    -5.3   480.204
1912     -3.3     4.9    -5.9    21.8    88.8   110.1   109.9    85.1    49.0    22.8     0.4    -2.9   480.661
1909     -6.1    -3.6     7.6    -2.9    76.8   105.0   106.5    95.4    62.6    34.4     2.5    -3.3   474.997
1905     -5.8     1.2    -6.1    16.3    83.0   115.2   112.7    86.8    58.8    16.6     1.6    -5.9   474.441
1913     -3.5     1.0   -17.0    43.1    90.8   106.9    99.7    87.9    56.1    28.0     6.6    -4.9   494.644
1918     -4.2     1.1     8.1     1.3    91.6   100.3   107.9    85.8    61.1    23.8     2.3    -2.0   477.100
1917     -6.3    -4.9     5.8   -11.1    66.9   114.8   105.4    95.3    71.1    30.2     9.2    -6.6   469.939
1901     -6.3    -6.0     9.1    -3.8    72.4   112.8   114.3    89.6    66.7    32.7     4.2    -4.7   480.841
1902     -2.6    -3.7     5.7     8.8    68.5   105.7   108.1    87.9    62.2    24.1     1.2    -6.4   459.444
1903     -4.1     3.7   -16.4    25.1    89.6   105.8   105.9    91.9    62.0    29.0     3.5    -5.9   490.149
1904     -6.0     1.3     8.7    -0.7    84.6   110.6   107.0    81.2    54.3    29.5     3.0    -3.9   469.695
1905     -6.0     0.6    -8.6    19.5    83.6   115.8   113.4    87.5    59.0    16.8     1.8    -5.7   477.549
1906     -5.0    -3.5     9.0    -8.0    80.9   107.1   108.7    92.2    61.8    31.6     6.9    -5.5   476.325
1907     -5.3    -4.5    10.4    -8.2    82.9   107.5   107.7    94.8    62.2    33.0     7.1    -3.2   484.314
1908     -6.1     0.8     7.6   -11.1    70.5   113.4   110.2    92.5    64.3    30.9     3.8    -6.1   470.786
1909     -5.9    -3.6     8.2    -1.7    76.9   106.1   107.6    96.5    63.3    35.0     2.8    -2.9   482.265
1910     -2.9     2.2    10.9    -6.8    75.1   113.0   109.0    94.3    61.4    33.4     3.5    -4.0   489.066
 41.750   12.370
1901      0.0     0.0    13.0    57.9    77.0    82.5    72.6    53.5    25.7     6.8    -1.7    -5.7   381.658
1902     -4.3    -9.5    41.1    83.8    95.9   105.6    87.4    54.4    23.7    18.7     9.8     1.6   508.256
1903      0.6   -17.8    43.8    68.9    96.9    96.8    95.2    52.0    26.4    16.7    10.2     4.4   494.166
1904    -11.2    -1.4    52.5    79.7    92.8    91.5    78.9    38.6    23.1    17.9     8.2     2.2   472.936
1905      0.0   -24.0    29.3    72.9    96.5   106.0    88.1    57.7    30.0    12.5    11.9     3.5   484.453
1906      3.0   -26.9    42.6    75.8    96.2   104.3    84.8    41.8    25.9    18.1    12.2     2.1   479.892
1907    -18.7    -4.6    45.9    72.2    98.4    96.1    73.3    34.3    21.3    24.0    12.7     5.5   460.441
1908    -31.5    20.8    53.5    72.9    97.9    88.5    52.0    37.7    21.7    18.5     9.4   -15.9   425.529
1909    -19.2     8.1    35.0    53.4    66.3    68.9    69.4    54.4    46.1    26.3    11.2   -34.3   385.582
1910     -0.8    19.7    35.3    50.3    62.9    71.1    62.2    46.5    28.1    22.2    -3.9   -22.2   371.371
1911     16.9    32.9    58.7    72.7    86.7    69.3    61.2    44.9    35.8    24.0   -25.6    10.8   488.260
1912     31.0    55.5    68.5    75.4    74.4    60.4    54.2    38.4    20.6     7.9   -23.1    22.8   485.850
1913     33.2    44.6    64.9    78.4    62.0    67.4    57.3    40.3    27.2    -9.4     5.0    23.5   494.592
1914     27.8    48.8    65.0    72.5    59.4    65.3    55.8    41.0    26.3   -18.1    21.1    31.3   496.228
1915     39.1    46.4    58.2    60.3    63.2    67.7    57.0    38.5    21.7    -4.9    34.8    41.7   523.648
1916     39.3    47.3    64.7    48.6    61.7    61.1    44.2    31.8    -0.8    42.0    47.0    44.2   531.153
1917     37.1    38.7    42.8    42.1    61.3    60.0    43.0    29.8    18.7   -26.4    23.9    30.1   401.225
1918     36.4    40.7    59.1    61.6    62.1    58.9    50.0    39.7    26.6   -13.7    38.7    38.5   498.457
1919     42.8    43.1    60.8    49.0    54.5    55.9    46.2    35.1    -2.3    27.0    50.0    36.1   498.169
1920     43.2    46.8    52.5    49.1    56.2    51.1    45.9    35.1    -5.0    45.2    45.3    38.9   504.387
1909     31.9    33.8    36.4    46.7    50.9    53.1    52.6    18.3    55.8    77.5    53.5    43.3   553.671
1902     36.8    41.8    33.0    44.2    44.6    51.2    43.5    31.2   -18.3    29.5    44.1    33.8   415.464
1916     38.4    46.0    57.6    47.3    53.3    53.9    45.1    34.1     5.1    60.2    57.7    45.1   543.668
1912     40.5    52.7    44.6    38.8    49.2    51.1    47.0    34.2    -5.2    31.0    41.2    39.3   464.472
1919     41.5    41.5    52.4    44.9    48.1    55.9    46.2    35.1    -3.2    40.8    52.1    36.3   491.701
1907     32.4    40.2    38.2    39.7    52.7    54.1    47.9    35.0     6.0    29.5    50.8    43.1   469.471
1914     31.2    48.0    59.8    49.9    51.6    56.1    48.5    41.4    27.3   -20.0    28.9    38.8   461.476
1901     31.1    35.4    62.0    61.6    56.8    58.5    48.7    35.7    29.8     7.9    43.6    42.9   514.017
1915     40.7    46.8    57.7    47.7    55.8    59.3    52.3    40.1    -1.9    39.6    48.0    47.3   533.413
1913     40.1    43.0    52.6    45.8    51.9    57.1    48.9    36.9     2.2    51.3    48.1    35.7   513.591
1906     34.7    39.3    37.2    41.6    50.4    56.3    48.4    35.6     5.4    60.3    58.2    35.8   503.092
1911     32.1    38.8    37.8    40.6    51.4    56.5    50.8    12.8    57.3    80.2    62.4    41.2   562.009
1920     40.7    39.2    35.1    40.5    51.9    49.2    43.7     8.7    59.0    53.3    43.0    35.7   499.926
1908     30.2    27.0    26.7    34.4    51.1    49.3    24.0    49.0    62.0    64.7    46.6    31.9   497.040
1910     33.2    25.3    27.3    38.1    47.2    52.7    25.9    80.4    66.9    65.4    46.7    36.4   545.357
1904     24.2    22.4    27.5    38.2    46.2    35.8    58.4    93.0    73.5    59.8    37.3    24.5   540.628
1905     10.2    14.0    25.2    34.2    43.6    25.8    85.4    87.5    70.1    41.9    39.1    18.7   495.621
1918     13.2    13.3    22.9    33.9    39.3    46.1    99.1    85.6    57.7    44.9    33.9    13.0   502.877
1917     11.3    12.2    20.5    28.6    22.1    89.4    94.5    63.5    38.4    26.6    24.5     9.1   440.595
1903      9.7    15.5    23.3    27.4    37.1   104.8   119.5    87.4    56.8    39.9    18.0     9.5   549.024
1902      9.4    15.0    19.6     7.2    69.7   111.5    98.9    63.8    37.4    32.4    17.0     5.3   487.228
1907      5.8    10.1    15.0     8.4    96.9   110.9    95.9    62.0    35.9    35.1    17.9     8.5   502.485
1919      9.7    10.0    -5.6    49.6    97.3   113.0    89.8    58.1    34.3    18.6    13.0     4.8   492.568
1906      6.0     8.7    -6.1    69.9   104.9   117.1    96.7    65.0    32.7    21.2    14.3     3.7   534.157
1912      7.1   -11.8    27.7    73.9   101.8   102.8    87.4    49.4    20.4    16.7     8.6     5.5   489.510
1909      3.5   -25.0    36.7    83.9   104.9   105.5   104.6    63.9    48.0    30.0    11.8     6.1   573.931
1905      0.2   -25.5    26.8    76.8   102.3   112.8    92.7    59.8    32.6    12.8    12.7     4.0   508.015
1913      5.0   -28.9    48.8    81.8   104.7   110.5    89.8    46.4    29.6    17.2     9.8     2.9   517.602
1918    -22.8     1.1    55.2    83.3   104.8   106.1    80.1    43.7    24.8    18.0    11.0     3.9   509.245
1917    -36.7    24.1    57.3    76.6   103.1    99.2    57.2    31.4    17.9    11.4    10.8   -20.1   432.299
1901    -18.2    15.2    39.9    54.6    68.7    75.6    61.6    39.3    40.8    28.6    13.4   -37.8   381.670
1902      5.9    29.4    39.5    58.9    63.1    72.0    58.7    37.5    25.4    22.0    -6.1   -23.3   383.037
1903     25.2    45.2    62.3    70.8    89.7    66.1    60.7    43.4    29.5    20.3   -30.7    19.0   501.632
1904     39.4    55.2    70.2    90.0    77.4    61.2    53.4    41.4    28.8     7.8   -19.7    25.9   530.985
1905     29.8    44.3    67.6    80.5    63.5    64.8    53.8    42.8    33.3   -22.3    33.8    37.8   529.705
1906     38.0    44.7    62.7    63.2    61.2    60.3    52.0    38.4    23.9    -0.8    49.5    36.8   529.913
1907     34.5    43.5    52.4    44.4    58.4    57.0    50.0    36.9     7.9    29.2    52.2    44.5   510.868
1908     35.8    46.2    52.8    44.2    56.7    53.9    44.8    37.6    23.9    -5.3    37.4    35.9   463.825
1909     34.6    37.8    60.8    55.9    57.7    57.8    57.4    45.5     8.8    46.8    50.7    47.0   560.887
1910     41.9    50.7    52.4    47.8    52.2    59.1    52.1    39.1     2.0    28.5    46.6    45.1   517.525
 64.120   19.450
1901      0.0     0.0     0.0    -7.2    66.4   110.7   100.7    73.1    41.6    11.4    -9.6   -11.7   375.376
1902    -11.3    -7.6    -4.8     7.4    31.7   112.9   117.1    95.7    50.0     5.0    -9.9   -14.0   372.397
1903    -11.5    -5.1     6.9    13.0    36.0   115.5   123.2    97.8    57.0     1.1    -9.7   -15.6   408.556
1904    -13.8    -9.4    -5.7     8.3    52.5   121.4   120.8    94.7    53.3    13.7    -8.5   -12.2   415.251
1905    -11.9    -8.2     0.1     3.6    34.7   126.3   124.6    95.8    51.4     1.9    -8.9   -15.2   394.166
1906    -13.4    -6.2    -4.3    26.0    31.5   122.5   123.9    82.8    49.3    11.6    -9.6   -14.4   399.640
1907    -12.7    -6.5     3.7    13.9    24.8   122.6   122.0    87.5    46.3    15.9    -7.3   -13.4   396.799
1908    -12.7    -9.0    -3.3   -19.7    47.1   115.1   127.1    97.5    51.1    20.8   -10.3   -13.8   389.850
1909    -11.4    -8.4     1.9     3.7     6.0   115.0   116.3    94.0    59.5    21.4   -11.0   -14.2   372.961
1910    -11.7    -3.6     7.3    21.3    27.5   127.0   126.2    93.7    51.7    10.8    -9.4   -13.9   426.832
1911    -13.1    -6.2     3.1    15.3    28.9   108.7   118.7   104.1    57.4     6.6    -8.8   -14.1   400.693
1912    -11.7    -8.7    -0.7    16.5    21.9   123.4   135.9    96.1    53.8     6.7    -6.5   -14.8   411.830
1913    -11.5    -6.3     3.8    24.5    23.5   123.3   142.0   105.3    60.3    12.6    -8.2   -12.8   456.552
1914    -12.6    -9.5    -3.5    -1.8    52.1   134.6   136.9    83.3    49.8     7.0    -7.9   -13.1   415.411
1915    -11.6    -8.9    -5.7    16.4    10.4   113.7   144.3   102.1    50.9    10.1    -9.0   -12.3   400.423
1916    -11.6    -7.0    -6.6    19.6     8.5   122.0   143.4    86.7    50.9     1.5    -4.3   -12.7   390.402
1917    -11.6    -8.9    -6.8   -11.9    39.3   136.4   120.0    93.6    53.8    15.9    -7.0   -12.6   400.281
1918    -11.2    -7.9    -1.4   -17.8    67.3   122.0   132.0    87.3    51.1    16.6    -4.7   -13.1   420.293
1919    -11.4    -6.5     0.8    10.9    34.3   133.3   147.8    97.7    57.8     9.5   -10.2   -12.9   451.071
1920    -11.2    -6.3    17.9     6.3    45.7   123.2   133.6    98.1    61.5    14.1    -7.1   -13.4   462.343
1909    -11.6    -8.5     1.5     3.5     7.9   109.1   113.2    91.8    58.0    20.6   -10.9   -14.1   360.486
1902    -11.7    -7.1    -4.7     8.1     1.5   111.6   116.6    98.6    51.7     5.4    -8.6   -13.7   347.799
1916    -11.6    -6.8    -6.5   -14.6    49.5   123.2   144.5    87.5    51.7     1.6    -4.1   -12.5   402.012
1912    -11.5    -8.5    -0.5    16.5    20.7   128.9   134.7    95.5    52.9     6.4    -6.5   -14.5   413.827
1919    -11.1    -6.3     1.1     5.5    42.5   134.8   148.3    98.2    57.8     9.5   -10.1   -12.9   457.095
1907    -12.1    -5.1     5.0    14.0    21.3   123.7   122.6    88.6    47.7    17.4    -6.4   -12.9   403.950
1914    -12.6    -9.4    -3.6     1.3    48.7   132.2   135.5    82.7    49.4     6.9    -7.8   -12.9   410.351
1901    -11.4    -9.7    -3.3     3.8    47.6   135.6   125.5    73.6    36.8    17.9    -8.0   -11.5   396.861
1915    -10.9    -8.5    -5.5     5.7    20.4   115.5   142.9   101.3    50.3    10.1    -8.7   -12.1   400.559
1913    -11.2    -6.0     3.9   -13.9    64.7   122.1   139.6   103.6    59.0    12.5    -8.0   -12.5   453.659
1906    -12.4    -5.8    -4.1   -22.1    73.8   127.1   124.4    82.4    49.7    13.3    -8.7   -12.9   404.810
1911    -12.6    -6.1     2.9   -14.3    52.7   110.7   115.1   100.9    55.5     6.3    -8.5   -13.6   388.969
1920    -10.8    -5.8    18.9     6.6    45.1   123.1   133.6    98.4    62.3    14.7    -6.5   -13.0   466.633
1908    -11.9    -8.6    -2.8    14.4    14.1   105.8   125.0    96.0    50.9    21.8   -10.0   -13.2   381.525
1910    -11.3    -3.7     6.8    20.6    24.7   122.1   121.9    90.6    50.3    10.7    -8.9   -13.3   410.486
1904    -12.2    -9.0    -5.5    -7.3    49.1   123.8   121.3    98.0    57.4    18.0    -6.7   -12.0   414.841
1905    -10.8    -7.3     1.4     4.8    23.5   129.0   125.4    97.7    55.6     3.8    -7.2   -13.6   402.455
1918    -10.9    -7.7    -1.3    24.1    38.8    93.7   129.2    86.2    50.5    16.2    -4.8   -12.9   401.154
1917    -11.4    -8.7    -6.7    19.6     6.6   126.8   115.8    90.6    52.0    15.4    -6.8   -12.2   380.991
1903    -11.2    -2.5     8.2    13.4    12.8   114.3   124.1    98.9    59.2     2.1    -8.7   -13.7   396.813
1902    -11.3    -6.7    -4.4     8.3    10.5   100.7   114.1    96.5    51.0     5.4    -8.3   -13.2   342.628
1907    -11.3    -4.0     6.4    26.8    13.1   124.6   123.7    90.2    49.8    19.1    -5.3   -12.3   420.856
1919    -11.1    -6.3     0.8    10.6    35.1   130.7   144.4    95.7    55.8     9.3    -9.8   -12.4   442.688
1906    -12.0    -5.5    -3.9   -12.3    65.8   125.6   123.4    82.0    49.3    13.4    -8.6   -12.8   404.392
1912    -11.2    -8.5    -1.1    14.4    14.9   124.1   128.8    91.1    49.8     5.8    -6.4   -14.3   387.595
1909    -10.5    -7.9     2.2     3.7    14.4   103.8   113.9    91.8    57.6    20.8   -10.5   -13.4   366.031
1905    -10.6    -7.1     1.6     5.1    24.9   128.1   126.5    98.7    56.1     4.1    -7.1   -13.4   406.774
1913    -11.0    -6.0     3.7     4.1    42.9   118.5   136.4   101.5    57.7    12.1    -7.7   -12.2   440.024
1918    -10.8    -7.7    -1.7   -19.3    63.2   116.3   126.5    83.6    48.4    15.1    -4.8   -12.7   395.877
1917    -11.2    -8.6    -6.6    -4.4    27.3   128.4   113.9    89.0    50.7    14.7    -6.8   -12.1   374.487
1901    -10.6    -9.4    -3.0     1.6    50.6   132.4   123.0    72.6    36.5    17.9    -7.7   -11.2   392.979
1902    -10.7    -6.8    -4.6     7.5     1.7   107.3   112.2    94.1    49.2     5.2    -8.0   -12.9   334.148
1903    -10.9    -1.8     8.9    13.9    14.3   114.3   123.9    99.0    59.3     2.3    -8.5   -13.4   401.472
1904    -11.2    -8.7    -5.3     0.7    46.8   122.3   120.1    96.1    56.0    17.3    -6.7   -11.7   415.982
1905    -10.6    -7.2     1.3     4.5    24.7   125.5   123.6    95.6    53.6     3.5    -7.2   -13.4   394.037
1906    -11.6    -5.3    -3.8    27.4    23.4   119.8   122.5    81.9    49.7    13.7    -8.4   -12.5   396.715
1907    -11.5    -4.9     4.8    13.3    19.9   120.3   119.5    86.6    47.0    17.8    -5.5   -12.1   395.190
1908    -11.4    -8.3    -2.6   -20.0    45.8   112.0   123.6    95.3    50.5    21.6    -9.5   -12.5   384.454
1909    -10.1    -7.6     2.4     3.9     6.1   110.1   112.1    90.9    57.4    21.2   -10.3   -12.8   363.209
1910    -10.8    -3.2     7.2    20.5    26.1   120.7   120.6    90.3    50.1    10.8    -8.6   -12.8   410.913
 44.080    0.080
1901      0.0     0.0    -3.1    50.6    83.4    93.2    90.3    71.5    46.7    15.9     3.1    -2.4   449.232
1902     -0.7     2.5    13.0    72.5    90.5   110.2   108.1    84.4    49.3    25.0     9.1     0.2   564.055
1903      0.8     4.1    -3.4    28.4    87.3   103.3   106.8    86.2    61.7    27.7     7.7    -2.5   508.064
1904      1.4     7.3   -12.3    54.3    92.8   105.5    99.7    72.8    37.9    15.6     0.6    -1.3   474.404
1905     -1.4     4.7    -2.5    64.7    89.6   108.1    98.6    79.7    45.5    19.3     4.8    -2.3   508.765
1906      2.4    -1.4    -4.1    60.7    92.4   100.9    87.5    64.0    25.8    17.0     5.8    -1.8   449.215
1907      0.3     4.4   -10.2    51.4    92.5   107.4   104.6    83.4    47.5    22.8     9.0     3.0   516.066
1908      0.5     8.5   -13.6    60.8    98.9   110.8   105.8    82.1    44.8    27.2     8.6    -0.2   534.210
1909     -0.4     2.7   -16.4    54.0    91.7   107.1   103.4    85.6    51.8    27.0     5.1     0.5   512.205
1910      2.2     9.6   -14.5    62.4    92.0   112.2   100.5    83.8    40.9    24.0     8.9     2.4   524.477
1911     -1.5     7.2   -15.7    41.8    95.2   114.5   110.2    78.8    47.9    22.3     8.8     4.0   513.575
1912      4.0    12.2   -12.2    63.3    99.7   110.8   108.1    87.9    47.4    24.9     6.9     1.4   554.422
1913      5.2   -20.9    20.0    69.5    97.4   109.5   104.3    77.4    42.4    25.5    13.0    -0.0   543.216
1914     -2.0   -24.4    32.4    76.1    92.6   107.1    98.6    69.5    37.9    19.2     7.5     2.2   516.753
1915      2.2   -22.4    18.5    66.9   101.9   113.4   101.1    68.7    37.7    23.9     6.5     4.5   522.863
1916      6.0   -31.3    37.1    74.1    99.3   104.2    97.8    62.7    39.8    24.0    10.2     1.9   525.679
1917     -0.5    -8.2   -14.3    55.1   102.9   118.5   107.7    83.2    50.3    22.9    10.3    -2.7   525.205
1918      3.5   -10.1     4.4    55.6   101.4   110.6    99.2    73.4    44.7    17.6     8.4     5.0   513.808
1919      2.2   -11.8     9.5    65.5   101.4   110.4    98.6    79.5    40.1    18.1     6.5     2.9   522.844
1920      3.9    -8.8     7.3    68.8   102.6   114.4   106.9    83.0    46.6    26.5     8.1    -0.2   559.181
1909      1.0    -5.1   -13.1    59.5    94.9   110.6   107.0    88.6    54.0    28.9     6.5     2.0   534.775
1902      2.5     7.5   -13.9    70.5    90.4   110.8   110.9    83.5    43.7    24.0     9.2     0.6   539.629
1916      6.1   -26.3    24.8    72.8   100.2   105.8    99.6    70.1    39.8    23.8    10.3     2.1   529.036
1912      4.5   -26.8    50.2    75.1   100.6   108.6   104.2    65.5    41.8    24.4     7.6     1.8   557.562
1919      0.5   -28.6    24.3    67.2    99.8   108.3    95.9    69.8    39.4    17.2     5.7     2.2   501.728
1907      1.3     4.9   -22.3    55.0    96.0   111.0   107.4    85.3    49.0    23.7    10.8     4.6   526.793
1914     -0.6    -2.4     5.8    72.5    95.6   111.6   103.5    83.0    41.4    20.1     8.1     3.0   541.494
1901      2.3     2.7   -18.9    49.0    96.0   111.7   109.1    81.7    57.4    24.1     5.8    -0.4   520.509
1915      3.4    -3.3    -5.8    58.9   103.6   117.3   105.6    79.6    44.4    24.7     7.1     5.2   540.536
1913      6.8   -10.0     9.1    68.3   100.3   113.1   108.0    86.5    44.2    26.4    13.9     0.6   567.227
1906     -6.2    -7.2     6.9    65.0    98.0   106.6    91.9    66.8    27.4    18.8     7.6    -0.1   475.284
1911      0.1    -9.8     1.0    51.0    99.9   119.4   115.1    82.6    50.7    24.4    10.8     5.7   550.921
1920      4.1    -7.3     5.1    67.3   102.7   115.2   107.5    83.3    47.7    26.4     7.8    -0.5   559.120
1908      0.7   -24.9    21.4    67.9   102.2   113.6   107.7    77.2    44.5    27.9     9.9     0.9   548.986
1910      2.9   -30.1    38.7    71.7    94.0   112.5    99.5    67.5    40.3    24.9     9.9     3.1   534.936
1904      2.7   -30.6    33.3    76.0   100.1   108.6    99.9    58.6    31.6    17.3     3.0     1.0   501.474
1905      0.4    -4.6    -1.9    70.0    95.6   115.0   104.7    84.0    49.5    22.0     7.5    -0.1   542.083
1918      3.2   -26.1    29.3    69.0   103.5   109.9    96.9    63.5    37.1    18.4     8.7     4.9   518.228
1917      0.1     0.9   -18.4    55.8   105.1   121.0   110.0    85.0    52.3    23.6    11.0    -2.4   544.001
1903      3.9    11.1    -9.1    30.7    94.3   111.2   113.7    90.7    65.1    30.1    10.8    -0.3   552.146
1902      2.8     7.9   -16.0    62.7    90.5   113.3   114.4    86.4    52.2    24.1     9.5     0.7   548.560
1907      1.5     5.6   -15.3    50.4    96.7   112.1   108.0    85.3    48.8    24.5    10.6     4.5   532.780
1919      2.1     9.6   -16.8    63.7   102.6   112.5   100.2    81.3    42.3    19.0     6.5     3.0   526.051
1906      5.4     0.1    -8.0    66.5    99.8   108.4    93.5    68.3    28.7    19.9     8.7     0.8   492.037
1912      6.1   -20.0    40.6    76.0   103.8   113.0   109.3    77.8    46.2    26.2     8.4     2.5   589.997
1909      0.8     2.5   -26.2    60.1    95.5   111.5   107.7    89.0    54.1    28.4     6.2     1.6   531.231
1905      0.4     6.9   -12.0    69.0    95.4   114.8   104.0    83.0    48.5    21.7     6.8    -0.7   537.673
1913      5.9   -23.0    26.7    72.5   100.0   112.1   106.4    76.9    44.1    26.6    13.8     0.3   562.376
1918      2.2   -30.4    34.7    69.4   102.5   108.5    95.5    58.1    36.8    17.8     8.0     4.3   507.353
1917     -0.5    -0.5   -19.5    55.6   104.8   121.0   110.1    85.0    52.2    23.4    10.7    -2.6   539.755
1901      2.8     3.1   -15.7    46.5    97.2   113.4   110.5    82.4    57.9    25.3     5.9    -0.3   529.000
1902      2.9     8.1   -14.3    67.2    91.8   114.0   114.7    86.8    50.2    24.7     9.8     1.0   557.030
1903      3.4    10.6    -8.5    28.9    94.5   111.5   114.0    90.9    65.1    30.3    10.6    -0.4   550.885
1904      3.9    10.3   -22.5    61.0   101.1   113.7   106.5    76.6    40.6    17.8     2.7     1.0   512.814
1905      1.3     8.0    -9.0    71.2    97.3   116.9   106.4    85.2    50.5    23.1     8.0     0.2   559.064
1906      5.1    -0.4    -8.6    66.1    99.6   108.5    93.5    68.2    28.3    19.6     8.2     0.3   488.436
1907      2.4     6.8   -14.1    54.8    98.8   114.2   110.7    88.0    50.9    25.8    11.6     5.1   555.105
1908      2.2    10.8   -17.3    65.1   104.9   117.5   112.3    86.9    48.2    29.7    10.4     1.3   571.933
1909      0.9     4.1   -18.9    56.7    96.3   112.6   109.3    90.1    54.7    29.1     6.2     1.6   542.592
1910      3.4    11.2   -17.1    65.6    96.5   117.8   105.6    87.7    43.4    25.8    10.1     3.4   553.554
 61.850   24.280
1901      0.0     0.0     0.0    -6.4    72.7   108.0   101.1    75.2    44.9    12.9    -7.8   -10.2   390.312
1902    -10.0    -7.3    -3.9     7.1    52.6   116.8   125.4   100.3    54.6     7.3    -7.7   -11.5   423.753
1903    -10.3    -4.2     9.0    13.7    84.0   129.4   126.7    99.3    59.4     2.9    -8.7   -15.5   485.571
1904    -13.8    -7.7    -4.1    13.3    44.1   117.1   123.4    98.0    55.3    20.2    -9.9   -11.7   424.202
1905    -12.0    -7.0     1.4    14.6    48.4   139.0   127.3    98.4    52.1    10.2    -7.6   -15.3   449.569
1906    -12.2    -6.1     2.0    -0.0    90.3   129.6   119.5    80.9    41.6    11.2    -8.7   -14.2   433.997
1907    -12.5    -7.9     5.8   -18.8    66.6   130.1   130.6    91.4    50.8    25.7    -5.5   -11.3   445.095
1908    -10.5    -6.4    -0.5   -25.7    77.5   122.2   119.4    93.7    46.4    15.8    -6.5   -13.1   412.357
1909    -12.9    -7.3    -1.4   -18.6    38.6   131.2   127.2   100.5    66.4    31.4    -7.7   -12.2   435.174
1910    -10.9    -3.6     6.2    30.6    32.0   117.7   130.3    97.9    59.8    12.9    -7.5   -13.3   452.026
1911    -11.3    -8.0     1.7    19.9    40.8   114.3   122.9   107.9    63.7     8.5    -3.7   -13.4   443.290
1912    -10.6    -8.2     4.0    16.4    34.3   110.0   136.8   103.9    56.1    11.0    -6.4   -13.4   433.964
1913    -11.2    -7.0     4.1    34.8    27.7   125.7   141.5   102.6    57.6    12.5    -5.2   -11.5   471.699
1914    -10.7    -4.1     0.4    13.3    50.5   140.5   140.5    80.4    51.2     9.6    -5.1   -13.0   453.448
1915    -11.0    -6.2    -4.5    15.6    26.7   118.9   151.2   103.3    57.0    11.4    -7.0   -11.0   444.368
1916     -9.7    -3.7     0.1    -1.7    56.9   130.6   146.2    90.4    49.4     8.5    -5.0   -12.5   449.455
1917    -10.6    -9.0    -7.3    -5.8    56.9   148.2   118.5    99.5    54.9    25.1    -5.1   -12.2   453.137
1918    -10.5    -5.5     1.1    29.2    22.0   118.9   139.2    90.4    56.5    26.6    -4.3   -12.2   451.385
1919    -10.9    -7.5    -5.9    10.8    51.2   139.5   145.4    97.5    66.9    14.6    -9.1   -11.4   481.118
1920    -10.7    -5.4    10.1   -12.1    94.5   127.7   133.0    94.4    60.2    12.1    -5.9   -14.0   483.724
1909    -12.8    -7.3    -1.4    13.9     0.1   128.6   126.0    99.7    65.8    31.7    -7.6   -11.8   424.699
1902    -10.3    -7.5    -4.3     6.7    19.9   116.5   128.9   103.9    55.6     8.2    -6.8   -11.3   399.665
1916     -9.6    -3.3     0.3    -1.3    57.1   131.6   147.6    91.6    50.4     9.1    -4.7   -12.3   456.603
1912    -10.5    -8.1     4.4   -33.4    73.2   144.2   137.9   103.5    55.7    11.1    -5.7   -13.0   459.292
1919    -10.6    -7.4    -5.8    -4.2    68.2   139.6   145.0    97.2    66.9    14.7    -9.0   -11.3   483.197
1907    -11.2    -6.8     8.7   -22.0    66.0   134.6   134.0    94.3    55.2    29.7    -3.5   -11.2   467.960
1914    -10.6    -4.3     0.0    -3.6    70.3   137.4   137.6    78.6    49.6     8.9    -5.4   -13.5   445.056
1901    -12.2    -7.8     0.9    -3.9    65.0   139.0   136.8    94.2    51.4    23.0    -5.7   -10.9   469.765
1915    -11.0    -6.3    -4.6   -22.7    67.6   117.2   149.2   101.2    55.4    11.0    -6.9   -11.0   439.231
1913    -10.7    -6.7     4.5   -12.2    88.9   130.3   139.9   100.4    56.2    11.8    -5.2   -11.4   485.695
1906    -10.3    -5.0     3.1    -8.2    90.6   132.6   122.3    82.9    44.1    13.6    -6.4   -12.5   446.819
1911    -11.0    -7.9     1.6    19.4    35.6   120.9   121.1   106.3    63.0     8.9    -3.0   -12.6   442.361
1920    -10.6    -5.3    10.1    -3.9    81.9   127.4   133.0    94.8    60.7    12.4    -5.4   -13.3   481.925
1908    -10.0    -5.8     0.4    22.0    18.1   119.2   120.2    95.3    48.3    17.9    -5.8   -11.7   407.973
1910    -10.4    -2.5     7.2    32.6    37.5   117.0   130.3    98.5    61.4    14.8    -6.5   -12.4   467.527
1904    -10.3    -7.2    -3.7    11.8    31.8   120.6   130.0   104.9    61.1    25.4    -9.1   -11.0   444.204
1905    -10.0    -4.9     3.5    18.4    37.6   142.9   131.3   104.5    58.2    14.0    -5.2   -12.8   477.415
1918    -10.4    -5.5     1.0    29.4    26.9   105.0   137.0    89.9    56.6    26.8    -4.3   -12.2   440.285
1917    -10.5    -8.9    -7.2    26.4    17.1   142.2   116.8    99.0    54.6    25.3    -4.8   -11.9   438.042
1903     -9.7    -3.3     8.2    -5.0    74.1   129.7   127.7   103.2    63.4     4.3    -4.9   -13.0   474.732
1902    -10.2    -7.5    -4.3     6.6    21.7   115.1   127.1   102.5    55.0     7.9    -6.9   -11.2   395.698
1907    -10.7    -6.3     9.6    25.6    17.1   133.6   134.7    95.9    56.7    30.7    -3.0   -11.0   472.892
1919    -10.6    -7.4    -5.8    -6.3    72.2   138.7   143.9    96.4    65.9    14.3    -8.9   -11.2   481.207
1906     -9.9    -4.7     3.4   -12.0   102.5   132.6   122.0    82.4    43.7    13.3    -6.5   -12.6   454.156
1912    -10.4    -8.1     3.3   -36.1    71.4   139.7   133.9   100.5    53.3    10.2    -6.0   -13.2   438.594
1909    -11.6    -7.0    -1.0   -22.2    40.8   129.0   125.4    98.9    65.6    31.8    -7.3   -11.5   430.795
1905    -10.2    -5.2     3.1    17.8    34.3   143.1   129.9   102.9    56.8    13.3    -5.1   -12.7   467.854
1913    -11.0    -6.9     3.9    32.2    29.3   127.1   138.1    99.9    55.9    11.9    -5.2   -11.3   463.959
1918    -10.3    -5.5     0.9    29.0    23.1   108.1   137.0    89.5    56.3    26.7    -3.9   -11.8   439.005
1917    -10.4    -8.9    -7.2    26.5    15.6   144.6   116.6    98.4    54.4    25.4    -4.5   -11.7   438.824
1901    -11.3    -7.6     1.2    -2.0    64.2   137.5   135.4    93.1    50.9    23.1    -5.3   -10.7   468.489
1902    -10.0    -7.4    -4.3     6.4    20.7   114.9   125.7   101.3    54.3     8.0    -6.6   -11.0   392.138
1903     -9.1    -2.5     9.3    -4.4    79.6   131.8   128.6   103.8    64.1     4.6    -4.7   -12.9   488.069
1904    -10.6    -7.2    -3.8    10.7    30.3   120.6   127.9   102.5    59.4    24.2    -8.9   -11.0   434.047
1905    -10.1    -5.1     3.1    17.6    36.0   143.8   130.2   103.0    56.9    13.4    -5.2   -12.8   470.991
1906    -10.0    -4.8     3.3    -6.9    89.9   132.0   122.1    82.8    44.2    13.8    -6.3   -12.3   447.758
1907    -11.2    -6.9     7.9   -26.2    69.4   132.9   132.1    93.0    54.3    29.3    -3.0   -10.9   460.664
1908     -9.7    -5.6     0.7   -30.3    79.6   123.4   120.1    94.5    47.7    17.5    -5.4   -11.6   420.797
1909    -11.0    -6.8    -0.7   -20.3    37.9   130.3   126.7   100.5    67.0    33.1    -6.9   -11.2   438.435
1910    -10.2    -2.3     7.0    31.6    30.2   116.5   128.7    96.9    59.9    13.9    -6.5   -12.2   453.300
