 -2.500  -62.500
1901    32.15   87.76   95.43   94.65   91.41   84.81   83.52   86.78   85.75   88.70   87.26   84.22    1002.4
1902   107.87  113.12  119.88  119.08  109.66  106.73  103.80   98.78  100.55  106.49  104.48  110.02    1300.5
1903   122.79  120.76  129.85  126.92  120.99  109.36  104.74  104.73   99.97  103.48  113.56  121.21    1378.4
1904   129.43  126.20  137.72  137.01  131.52  114.35  109.32  107.88  107.52  114.86  119.04  123.38    1458.2
1905   121.00  122.41  141.06  130.77  130.30  114.28  110.04  109.09  112.67  118.12  127.81  126.39    1463.9
1906   132.15  131.12  133.62  139.70  127.29  120.75  112.27  108.42  112.72  120.28  134.43  132.03    1504.8
1907   134.88  124.80  145.11  139.78  131.40  121.99  112.31  111.60  110.33  127.74  136.95  136.39    1533.3
1908   134.51  133.53  151.48  146.16  131.24  124.60  108.52  111.82  109.57  120.43  141.37  136.91    1550.1
1909   127.34  128.82  131.31  139.16  137.12  124.14  117.54  116.84  123.13  137.14  138.67  134.15    1555.3
1910   146.38  140.53  139.84  122.13  124.10  127.83  116.70  107.66  120.08  137.17  130.03  129.66    1542.1
1911   145.91  137.30  148.48  140.24  126.80  134.14  106.71  116.52  105.11  123.28  123.54  133.06    1541.1
1912   117.93  118.65  135.87  142.16  132.97  125.66  111.97  121.67  129.65  141.88  127.69  153.45    1559.5
1913   147.11  139.79  148.26  140.32  137.84  127.22  126.89  115.47  119.73  131.29  132.62  165.80    1632.3
1914   163.53  159.63  154.06  134.62  145.57  120.24  127.97  128.42  120.85  140.13  151.54  170.24    1716.8
1915   147.94  130.03  139.62  156.47  125.21  133.37  138.63  125.18  128.32  124.25  119.87  120.10    1589.0
1916   154.64  145.12  136.27  137.46  129.69  142.12  125.89  105.94  103.20  140.56  132.75  129.57    1583.2
1917   125.43  130.09  139.81  145.28  135.92  145.49  135.09  121.05  115.12  123.82  138.63  135.95    1591.7
1918   132.64  134.78  132.79  133.98  141.61  134.37  127.91  115.46   99.95  129.89  138.51  140.01    1561.9
1919   155.50  147.65  140.65  149.02  140.39  141.70  133.00  119.92  126.91  149.21  137.42  137.40    1678.8
1920   146.71  141.27  146.85  151.91  157.22  128.11  132.32  109.01  111.49  129.42  118.07  115.93    1588.3
1909   129.26  130.46  133.55  158.26  157.09  146.82  133.89  138.11  135.66  139.21  138.84  135.42    1676.6
1902   140.98  133.20  150.83  149.52  144.22  152.47  137.58  124.24  115.72  135.64  123.34  141.95    1649.7
1916   148.56  145.10  145.62  149.55  139.72  145.29  124.67  105.71  102.67  135.96  128.64  125.98    1597.5
1912   122.80  127.17  155.62  160.63  144.54  142.36  123.42  121.88  127.15  137.97  124.38  149.25    1637.2
1919   151.88  160.19  152.58  162.12  139.24  139.65  131.11  119.29  123.23  144.01  133.03  135.13    1691.5
1907   145.06  143.26  163.55  159.21  148.86  148.41  128.40  131.33  117.88  134.84  140.99  137.78    1699.6
1914   169.18  171.27  170.30  147.00  160.01  130.78  127.42  124.56  118.58  135.69  146.85  163.98    1765.6
1901   145.33  163.36  144.33  149.68  151.78  133.38  125.17  127.21  128.96  128.92  138.02  160.80    1696.9
1915   157.18  138.63  148.83  169.85  135.66  138.64  132.86  121.00  123.76  120.31  117.52  123.22    1627.5
1913   155.66  148.16  159.19  150.57  150.45  140.78  130.96  111.53  116.05  126.83  135.54  178.12    1703.9
1906   150.71  147.16  149.83  162.83  145.77  139.23  127.48  122.28  126.58  135.18  154.00  146.93    1708.0
1911   159.39  146.34  157.18  156.67  141.27  143.04  114.81  120.40  100.24  124.52  128.22  140.09    1632.2
1920   152.58  150.26  154.78  153.25  148.15  123.08  125.98  105.52  107.55  135.06  123.20  122.77    1602.2
1908   150.06  147.74  170.77  166.32  145.17  141.54  115.95  119.32  117.37  126.66  151.72  146.73    1699.4
1910   161.22  151.62  151.51  127.73  134.74  140.71  124.62  116.48  128.13  143.13  134.10  132.45    1646.4
1904   153.84  155.32  167.19  165.78  154.59  125.39  130.42  129.67  135.97  141.02  163.20  139.79    1762.2
1905   132.69  140.16  166.02  141.48  151.08  126.50  126.01  131.98  138.29  137.93  147.27  135.19    1674.6
1918   138.61  142.04  135.33  136.21  135.12  123.71  123.56  117.84  102.44  132.28  141.40  145.11    1573.7
1917   128.10  133.85  141.88  147.81  135.29  134.80  135.16  122.50  116.65  125.67  140.35  138.31    1600.4
1903   144.41  141.23  152.33  150.17  140.83  133.80  129.44  139.36  115.62  126.53  146.91  139.30    1659.9
1902   147.99  135.58  147.32  141.19  133.04  152.78  139.54  125.99  117.14  140.13  127.23  148.42    1656.4
1907   147.49  133.26  154.77  147.47  143.76  152.21  131.34  136.62  122.22  140.61  147.69  144.06    1701.5
1919   157.25  148.95  141.79  147.59  138.85  142.71  133.90  120.69  127.67  149.91  138.71  139.52    1687.5
1906   141.82  139.56  141.33  156.96  149.35  146.28  135.90  129.34  132.53  139.98  146.66  138.92    1698.6
1912   125.07  123.54  141.63  156.71  145.74  144.61  125.12  123.30  128.86  142.49  125.64  150.67    1633.4
1909   128.29  131.03  135.00  159.18  157.68  147.34  134.46  138.60  136.08  139.38  139.22  135.89    1682.2
1905   126.31  133.86  168.79  151.77  164.99  135.65  135.13  129.12  134.58  133.11  140.36  129.87    1683.6
1913   144.54  139.29  160.40  152.99  154.11  146.44  137.78  114.91  118.50  126.87  129.25  160.67    1685.8
1918   130.86  140.77  142.89  144.64  146.09  133.09  126.58  114.64   98.11  126.26  134.29  137.41    1575.6
1917   124.30  138.25  151.25  159.18  145.23  144.28  134.16  120.19  111.89  118.82  134.38  131.64    1613.6
1901   139.28  164.29  145.26  150.76  152.80  134.28  127.10  129.65  129.85  129.43  139.00  149.30    1691.0
1902   153.20  143.43  155.14  148.90  142.82  149.14  136.34  121.00  112.99  133.48  123.63  144.50    1664.6
1903   147.12  149.00  162.12  159.75  149.82  139.49  125.39  130.68  111.52  121.34  139.59  141.63    1677.5
1904   156.11  158.98  171.33  174.81  163.49  130.65  134.46  127.32  127.07  134.79  153.60  142.00    1774.6
1905   134.39  142.71  173.47  148.64  159.99  131.22  128.26  123.97  129.87  130.86  149.06  136.94    1689.4
1906   151.00  147.42  150.08  163.04  146.00  138.90  127.69  122.50  126.77  136.80  154.12  147.06    1711.4
1907   155.00  141.54  162.52  156.39  146.46  141.71  123.65  126.67  117.58  142.20  151.89  147.99    1713.6
1908   150.44  148.37  171.54  167.64  146.98  142.29  116.36  119.74  115.73  126.96  152.18  147.21    1705.4
1909   136.99  139.02  140.43  152.54  149.39  138.16  127.04  128.48  135.41  144.03  145.82  144.95    1682.3
1910   160.66  151.75  151.62  127.37  134.86  140.80  124.74  117.98  128.48  142.98  133.98  132.44    1647.7
 -2.500  -50.100
1901    37.82   97.29   98.99  100.08   91.06   89.30   84.78   75.18   71.98   75.36   71.79   72.23     965.9
1902   114.19  130.69  130.50  128.63  112.42  106.46   99.67   86.19   82.77   84.34   82.09   99.37    1257.3
1903   122.08  135.78  139.48  142.11  117.55  109.20  102.67   84.71   84.13   88.17   84.87  110.65    1321.4
1904   132.64  137.23  144.87  142.78  128.49  110.35   94.88   82.17   84.49   83.13   89.24  115.84    1346.1
1905   134.54  146.33  140.50  147.99  128.86  111.89   95.24   86.32   84.10   85.60  101.23  124.78    1387.4
1906   147.14  151.45  148.62  139.65  123.66  105.38   96.27   87.59   89.52   92.57  106.00  127.15    1415.0
1907   149.28  139.12  149.93  153.36  134.69  107.34   97.18   88.32   88.84   93.67  108.06  123.21    1433.0
1908   165.58  162.65  162.72  148.35  130.45  106.67   96.54   94.35   92.07  107.49  103.33  119.15    1489.3
1909   132.02  152.94  148.89  148.72  125.88  109.54  102.90   91.01  101.09  106.34   96.40  130.32    1446.0
1910   145.00  138.22  152.61  142.36  107.16  107.16   99.94   95.49  110.58  100.01  101.77  130.80    1431.1
1911   122.58  166.53  143.62  123.57  123.58  109.83  100.42   99.23  100.11  100.04  102.77  125.54    1417.8
1912   141.57  133.78  135.73  129.15  115.12  108.61   99.65  109.45  105.55   99.84   99.88  115.76    1394.1
1913   146.48  151.20  148.02  130.99  129.99  105.29  113.92  111.80   98.73  107.13  101.53  113.55    1458.6
1914   137.20  141.19  128.81  131.24  119.53  120.66  143.61  128.73  102.60   88.32   64.36  104.20    1410.5
1915   141.24  144.51  134.37  143.36  123.10  133.43  154.70  127.31   91.44   72.43   76.41  122.72    1465.0
1916   141.26  158.48  144.87  131.60  129.57  113.64   93.75   71.94   63.09   52.45   75.37  129.84    1305.8
1917   127.24  157.36  129.95  128.10  159.03  123.46   97.15   75.37   69.19   61.19   77.98  133.04    1339.1
1918   129.14  117.95  136.85  119.72  167.28  117.76  118.49  100.47   83.65   95.17   71.73   92.68    1350.9
1919   139.11  144.51  142.73  136.11  154.19  136.22  108.18  131.75  116.81  103.96   75.29   85.14    1474.0
1920   131.91  132.57  133.43  169.36  159.62  118.62  109.03  142.51  134.95  133.91   97.57  121.86    1585.3
1909   120.12  139.06  141.17  165.71  162.08  136.24  128.86  106.74  100.42   98.41   83.67  117.74    1500.2
1902   144.56  153.96  171.59  165.19  155.26  146.53  128.05  107.72   94.82   88.13   90.33  112.96    1559.1
1916   131.26  160.27  175.14  159.29  158.46  116.85   92.28   70.29   60.53   47.48   70.58  117.53    1360.0
1912   125.35  131.72  155.26  157.26  139.96  132.27  120.01  105.14   96.87   89.05   91.19  104.21    1448.3
1919   139.13  169.27  171.40  158.10  152.87  134.40  106.44  128.20  105.67   98.22   76.57   88.22    1528.5
1907   148.44  158.51  176.81  175.88  157.49  135.08  122.52  101.31   91.84   81.19   96.54  110.35    1556.0
1914   147.61  159.48  158.90  161.80  148.58  144.65  141.32  114.55   91.37   80.90   62.13  106.52    1517.8
1901   147.99  161.44  166.47  169.27  154.49  137.88  118.36   94.63   92.24   99.70   96.81  118.66    1557.9
1915   157.16  168.91  159.13  169.19  145.90  141.06  137.46  110.60   81.63   66.83   72.18  125.37    1535.4
1913   155.32  165.00  177.76  159.10  157.22  122.95  113.98   97.69   89.34   99.44  100.10  125.07    1563.0
1906   168.56  172.92  166.12  161.68  141.79  130.45  111.39   95.59   95.83   95.74  106.31  144.42    1590.8
1911   129.26  182.52  160.50  148.57  149.08  126.69  109.74   97.33   89.35   94.54  111.28  138.45    1537.3
1920   162.04  159.25  159.35  172.19  151.47  105.06   96.00  125.00  118.86  133.02  111.18  143.64    1637.1
1908   186.50  183.15  181.53  166.75  150.19  115.86  104.28  101.68   98.22  110.55  108.86  127.77    1635.3
1910   159.39  149.53  165.89  161.40  116.57  117.63  106.17  100.37  105.58  105.68  103.79  139.82    1531.8
1904   151.64  164.14  167.28  161.41  139.40  116.60  107.93   94.06  102.23  105.15  103.90  123.86    1537.6
1905   153.40  165.35  151.70  153.19  135.08  118.28  109.13  101.20  103.21  103.62  103.06  136.07    1533.3
1918   148.26  136.28  154.26  122.76  146.92  100.75  106.74  103.69   92.29  103.65   78.43  105.40    1399.4
1917   138.74  179.86  137.63  132.33  153.00  105.15   91.37   80.77   74.42   65.71   81.81  141.60    1382.4
1903   146.25  159.92  152.92  155.95  121.02  120.87  128.03  110.99   99.42  105.52   95.87  124.56    1521.3
1902   165.92  166.10  156.10  140.43  129.77  127.84  131.96  112.01   99.05   94.84   97.04  124.89    1546.0
1907   154.68  133.56  146.68  147.55  134.47  130.94  128.92  109.05  101.48   82.63  102.31  118.34    1490.6
1919   149.74  146.20  144.76  131.72  133.65  135.91  109.44  133.35  118.49  105.05   75.33   90.43    1474.1
1906   134.58  145.15  139.59  136.19  137.69  140.71  130.00  106.91  101.67   96.29   95.18  120.35    1484.3
1912   126.01  121.84  129.43  136.13  140.57  134.81  123.02  108.49  102.18   95.29   96.10  103.41    1417.3
1909   121.19  140.43  137.15  154.71  162.76  137.42  130.16  107.74  101.09   99.06   87.02  118.19    1496.9
1905   129.36  142.58  135.38  172.09  163.61  140.11  127.98  106.06   94.80   95.36   91.83  117.78    1516.9
1913   130.18  136.94  162.99  164.11  163.79  128.97  125.51  109.56   94.74  100.80   92.67  104.38    1514.6
1918   127.18  118.54  161.59  143.80  174.92  117.32  118.31   98.73   82.68   88.85   70.42   93.27    1395.6
1917   122.39  169.74  154.83  158.63  180.73  123.03   95.95   73.99   66.10   56.74   74.47  122.78    1399.4
1901   129.83  160.79  170.31  173.43  159.77  141.96  123.54  103.03   91.81   98.10   95.57  104.89    1553.0
1902   156.83  191.94  187.80  166.73  155.69  145.33  125.31  104.35   88.76   88.72   93.02  116.07    1620.5
1903   147.57  173.88  181.97  186.97  143.20  139.43  127.41   97.91   88.84   97.44   91.24  118.53    1594.4
1904   153.94  170.58  175.00  177.38  162.73  132.34  119.74   92.14   88.54   91.45   95.61  122.37    1581.8
1905   158.38  172.35  158.83  174.94  156.56  133.97  116.00   95.55   89.79   92.20  101.68  145.37    1595.6
1906   169.79  174.12  167.22  162.20  142.35  130.30  111.46   96.04   96.15   96.48  108.42  144.51    1599.0
1907   170.08  159.39  176.46  172.85  153.36  124.76  110.61   96.89   94.49   86.92  116.66  128.68    1591.1
1908   186.35  183.97  183.67  167.66  156.58  118.53  104.55  101.95   97.41  105.04  109.96  128.95    1644.6
1909   144.65  167.35  159.18  160.96  147.65  117.89  112.05   96.67   97.52  108.88  101.85  139.87    1554.5
1910   158.67  149.34  165.33  161.43  117.04  117.40  106.09  100.71  105.28  105.87  103.77  139.61    1530.5
 36.000  -84.250
1901     1.60    2.65   11.85   30.47   50.56   81.85  101.85   79.08   57.02   26.90    5.32    6.08     455.2
1902     6.16    4.48   15.87   31.91   77.98   99.77   98.24   86.46   60.43   41.07   20.65    7.28     550.3
1903     5.70   10.77   33.94   53.96   73.82   81.29  116.06  101.07   53.06   29.35    9.97    4.30     573.3
1904     8.19    6.26   25.99   36.76   68.68  106.01   96.26   87.86   71.39   28.46   12.86    9.65     558.4
1905     5.13    9.53   38.78   49.05   79.16  116.27  113.20  102.11   72.09   31.32   13.13   10.33     640.1
1906     7.74    6.26   15.45   49.92   67.18  113.68  133.81  100.67   77.28   30.24   17.50    9.74     629.5
1907    11.70    6.96   39.27   35.62   64.83  114.28  129.85   93.67   75.78   30.62   11.79    6.61     621.0
1908     7.03    7.75   43.38   61.66   81.34  104.52  108.42   98.09   75.92   35.83   15.39   11.62     650.9
1909    12.21   15.50   38.81   62.33   73.95  119.43  108.55  108.63   55.27   24.24   18.95    4.75     642.6
1910    13.20    9.55   31.53   45.53   65.22   87.46  128.67   94.59   95.52   42.70   10.11    6.45     630.5
1911    13.46   14.38   25.87   64.57   81.39  116.41  103.16   97.85   87.83   50.09   13.40   15.60     684.0
1912     5.04   10.47   16.36   77.67   89.40   98.75  128.62   95.07   86.77   38.97   12.19    9.25     668.6
1913    20.42   10.14   33.52   48.11   82.28  118.05  105.15   76.89   56.73   30.61   13.51    8.46     603.9
1914     9.10    6.99   16.18   62.58   80.93  104.17  117.71  106.71   71.45   50.36   12.49    8.96     647.6
1915    12.88    9.70    8.92   41.76   87.74  104.92  116.68  109.52   80.26   59.45   30.25   11.00     673.1
1916    18.17    9.26   14.80   45.05   93.23  116.23  130.80   99.47   72.42   36.31   15.68   10.40     661.8
1917    13.10   10.60   33.25   61.50   57.02  103.64  119.70  102.61   67.34   31.26   10.05    4.52     614.6
1918     4.33   15.98   33.48   58.45   91.85  117.59   95.78  107.21   51.98   44.62   12.56   14.28     648.1
1919    10.50    7.77   25.88   51.79   80.12  109.50   99.20   85.86   63.23   53.30   21.81   10.59     619.6
1920    14.22    9.55   22.11   58.14   79.74  109.62  105.70  111.53   86.73   39.25   13.46   11.17     661.2
1909    14.24   17.36   36.11   65.43   76.71  123.93  112.78  112.57   57.85   27.31   20.26    5.03     669.6
1902    12.89    5.09   26.62   38.41   90.54  119.44  108.40   93.79   69.30   45.13   24.40    9.96     644.0
1916    18.14    9.26   20.62   47.20   93.88  116.45  130.52   99.10   70.67   31.36   14.04   10.34     661.6
1912     5.41   10.99   16.94   79.79   90.94  100.82  130.76   96.46   88.40   39.58   12.51    9.71     682.3
1919    10.60    7.87   26.26   52.14   80.52  109.97   99.49   86.12   63.38   53.46   21.90   10.64     622.4
1907    13.35    7.83   42.87   39.06   67.62  121.99  136.89   97.77   78.83   33.22   13.00    7.45     659.9
1914     9.61    7.16   16.43   63.98   82.15  105.32  118.88  107.86   72.57   51.31   12.77    9.15     657.2
1901    10.63    4.90   27.78   46.56   73.12  113.04  128.21   96.80   82.45   34.99    8.18    8.33     635.0
1915    12.03    9.92   10.23   46.98   89.70  106.16  117.31  109.83   77.99   58.41   29.53   11.01     679.1
1913    20.82   10.57   28.12   49.13   84.04  120.23  106.91   77.91   57.68   32.84   14.20    8.74     611.2
1906     9.27    7.52   16.00   49.75   71.19  121.51  141.21  107.27   80.58   32.71   23.58   11.48     672.1
1911    12.93   15.70   21.23   66.25   84.18  119.64  106.26  100.80   92.50   55.72   14.35   16.77     706.3
1920    14.34    9.66   22.46   58.75   80.76  110.87  106.76  112.65   87.76   39.72   13.63   11.32     668.7
1908     8.15    9.23   47.69   65.83   85.88  109.52  113.06  101.93   78.95   37.62   16.15   12.96     687.0
1910    13.19   10.48   33.27   48.30   67.97   90.07  133.49   97.61   99.44   44.64   10.62    6.97     656.1
1904     9.33    7.45   31.82   42.35   75.46  117.32  102.64   91.70   76.75   30.57   14.76   11.84     612.0
1905     5.75   11.09   42.73   52.95   85.58  127.17  121.71  108.78   78.36   33.57   15.06   12.86     695.6
1918     4.33   16.03   33.93   59.31   93.21  119.15   97.10  108.56   52.78   45.17   12.71   14.43     656.7
1917    12.45   10.59   33.47   62.44   57.95  105.16  121.22  104.00   68.31   31.69   10.18    4.53     622.0
1903     7.34   14.69   49.14   63.43   81.10   88.87  130.68  111.26   56.13   30.46   12.26    5.92     651.3
1902    12.29    5.10   29.05   38.87   91.38  120.49  109.14   94.20   69.66   44.89   24.30    9.99     649.4
1907    13.44    7.87   43.24   39.44   68.20  122.89  137.79   98.49   79.47   33.49   13.07    7.50     664.9
1919    10.65    7.86   26.29   52.57   81.21  110.79  100.06   86.61   63.65   53.72   22.02   10.70     626.1
1906     9.30    7.55   16.09   50.02   71.64  122.38  141.92  107.93   81.05   32.98   23.78   11.56     676.2
1912     5.38   11.12   17.33   80.84   91.89  101.88  131.97   97.38   89.32   40.02   12.62    9.81     689.6
1909    13.71   17.68   35.46   66.35   77.81  125.65  114.45  114.27   58.90   29.11   20.56    5.09     679.0
1905     6.12   11.45   43.93   53.24   86.03  127.90  122.29  109.26   78.82   33.73   15.20   13.00     701.0
1913    21.00   10.67   34.60   49.84   84.77  120.93  107.25   78.01   57.64   30.95   13.98    8.80     618.4
1918     4.34   16.11   34.03   59.23   93.13  119.11   97.11  108.56   52.77   45.17   12.70   14.40     656.7
1917    12.43   10.60   33.51   62.62   58.15  105.42  121.53  104.28   68.51   31.78   10.22    4.54     623.6
1901     9.81    4.91   27.62   46.88   73.79  113.98  129.00   97.52   83.15   35.38    8.24    8.36     638.6
1902    12.49    5.13   25.67   38.92   91.69  120.92  109.63   94.51   70.02   45.98   25.02   10.03     650.0
1903     7.23   14.79   41.29   63.45   81.43   89.36  131.55  112.11   56.99   33.38   12.31    5.97     649.9
1904     9.60    7.45   31.68   42.45   75.73  117.58  102.88   91.85   76.96   30.67   14.79   11.85     613.5
1905     5.76   11.09   42.86   53.17   85.88  127.59  122.10  109.13   78.67   33.69   15.12   12.88     697.9
1906     9.27    7.53   18.08   54.02   71.81  122.78  141.99  107.90   80.96   32.75   20.18   11.58     678.9
1907    13.57    7.94   42.36   39.30   68.45  123.67  138.67   99.14   81.57   33.74   13.18    7.57     669.2
1908     7.96    9.24   47.90   66.21   86.37  110.15  113.53  102.38   79.30   37.79   16.22   12.98     690.0
1909    13.64   17.56   41.10   66.84   77.93  125.42  113.99  113.63   57.63   25.38   20.53    5.07     678.7
1910    14.62   10.42   33.14   48.62   68.42   90.63  134.23   98.19  100.06   44.94   10.67    6.98     660.9
 54.000 -105.100
1901     0.34    0.93    1.68    8.30   42.56   39.24   62.30   42.61   17.43    9.57    1.39    0.55     226.9
1902     1.09    0.95    1.83   13.13   41.99   42.63   65.89   56.85   19.09    6.09    1.97    0.43     251.9
1903     0.76    0.87    1.60   13.78   33.94   56.88   54.65   44.23   17.65   11.28    1.24    0.57     237.5
1904     0.45    0.43    1.65   11.97   35.86   62.52   65.01   41.59   21.30    8.72    3.04    0.67     253.2
1905     0.38    1.16    4.47   14.11   35.90   48.92   62.93   78.72   28.73    5.84    6.15    1.50     288.8
1906     0.96    0.68    2.72   21.70   31.31   73.75   70.29   45.74   24.85   12.74    1.56    0.45     286.7
1907     0.62    0.77    3.02    5.53   17.17   71.42   68.50   56.97   19.70   11.93    2.15    1.52     259.3
1908     1.75    1.13    1.74   17.74   42.62   81.20   61.24   44.46   25.53   11.50    4.40    1.17     294.5
1909     0.69    0.78    2.21    8.74   45.66   69.40   92.62   62.15   37.20   10.99    1.86    0.68     333.0
1910     1.17    1.32   10.33   16.65   31.12   52.16   63.72   35.66   21.58    6.53    2.20    0.76     243.2
1911     0.48    1.33    3.64   14.08   42.62   85.15   57.82   57.28   30.49    8.00    3.90    1.40     306.2
1912     0.51    0.89    2.13   17.01   39.67   89.27   75.65   59.94   29.53    8.97    3.30    0.68     327.6
1913     0.27    0.77    2.18   19.75   32.33   61.91   87.56   68.55   38.60    7.86    3.23    1.17     324.2
1914     0.53    0.61    3.99   14.87   47.04   65.50   71.86   36.33   25.54   12.31    1.71    0.51     280.8
1915     0.69    1.99    4.51   25.66   34.63   55.76   64.89   58.44   20.72    8.77    1.41    1.21     278.7
1916     0.59    0.79    2.65   15.49   38.08   59.38   98.83   64.83   27.07    9.19    3.30    0.54     320.7
1917     0.31    0.91    6.01    7.67   45.16   54.89   70.29   42.99   28.92    8.59    5.10    0.28     271.1
1918     0.40    0.59    4.05   19.50   25.27   59.88   61.52   56.98   25.37    9.44    2.69    1.13     266.8
1919     0.92    1.08    2.03   19.15   40.94   72.30   70.56   75.65   46.26    4.48    1.21    0.55     335.1
1920     0.48    1.82    2.79    7.44   48.16   74.21   71.45   62.46   36.49   14.48    2.19    0.93     322.9
1909     0.71    0.80    2.26    8.89   45.55   70.06   94.39   62.82   37.73   11.13    1.90    0.69     336.9
1902     1.26    1.10    2.09   15.84   54.59   49.28   75.70   64.23   21.43    6.84    2.50    0.48     295.3
1916     0.59    0.79    2.65   15.56   38.32   59.03   98.29   64.51   26.92    9.14    3.29    0.54     319.6
1912     0.51    0.90    2.14   14.52   39.49   89.12   75.52   59.83   29.48    8.96    3.30    0.68     324.4
1919     0.92    1.08    2.02   19.56   41.00   72.27   70.51   75.53   46.13    4.46    1.21    0.55     335.2
1907     0.65    0.81    3.24    5.76   18.19   74.05   70.56   58.51   20.73   12.45    2.23    1.58     268.8
1914     0.53    0.61    3.98   15.05   46.53   64.83   71.37   36.12   25.30   12.19    1.70    0.51     278.7
1901     0.40    1.10    2.33   17.07   59.84   51.05   92.44   56.91   23.79   12.80    1.70    0.64     320.1
1915     0.69    1.98    4.50   25.46   34.26   55.34   64.51   58.34   20.59    8.72    1.40    1.21     277.0
1913     0.27    0.77    2.18   20.05   32.17   61.53   86.97   68.03   38.30    7.79    3.22    1.17     322.4
1906     1.01    0.72    2.89   21.46   32.62   78.60   72.61   46.94   26.08   13.57    1.68    0.47     298.7
1911     0.48    1.33    3.75   14.09   45.08   85.81   57.96   57.46   30.56    8.01    3.94    1.40     309.9
1920     0.48    1.81    2.78    7.41   49.07   73.92   71.23   62.31   36.36   14.40    2.18    0.93     322.9
1908     1.81    1.17    1.79   18.45   45.44   83.92   62.03   44.85   25.99   12.06    4.64    1.22     303.4
1910     1.19    1.34   10.55   14.68   31.15   51.99   63.58   35.60   21.57    6.53    2.23    0.76     241.2
1904     0.50    0.47    1.81   12.55   39.96   69.17   71.86   44.63   23.18   10.01    3.38    0.73     278.3
1905     0.41    1.25    4.79   15.03   38.96   52.71   65.11   84.53   31.54    6.26    7.20    1.59     309.4
1918     0.39    0.59    4.10   20.12   24.96   59.02   60.77   56.33   25.02    9.23    2.65    1.12     264.3
1917     0.31    0.90    5.88    7.54   45.54   54.08   69.54   42.55   28.60    8.46    5.04    0.27     268.7
1903     0.85    0.97    1.78   15.09   37.29   61.82   60.46   48.83   19.03   12.97    1.41    0.63     261.1
1902     1.25    1.09    2.09   15.72   51.16   48.50   74.59   63.49   21.20    6.77    2.46    0.48     288.8
1907     0.65    0.80    3.20    5.65   17.76   74.13   69.72   57.95   20.40   12.27    2.22    1.57     266.3
1919     0.91    1.07    2.01   18.54   40.15   71.11   69.75   74.60   45.49    4.41    1.20    0.54     329.8
1906     1.01    0.71    2.87   24.35   32.48   77.44   71.95   46.53   25.79   13.35    1.66    0.47     298.6
1912     0.51    0.89    2.12   15.43   38.67   87.78   74.26   58.65   28.93    8.73    3.23    0.67     319.9
1909     0.70    0.79    2.23    8.68   44.73   69.03   92.49   61.74   37.07   10.96    1.87    0.69     331.0
1905     0.41    1.24    4.69   18.51   39.93   52.41   64.89   84.15   31.38    6.24    7.15    1.59     312.6
1913     0.27    0.76    2.17   18.75   31.59   60.90   86.09   67.32   37.91    7.71    3.20    1.16     317.8
1918     0.39    0.59    4.09   19.32   24.97   59.15   60.85   56.46   25.05    9.27    2.66    1.12     263.9
1917     0.31    0.90    5.92    7.57   45.46   54.19   69.52   42.62   28.66    8.50    5.05    0.28     269.0
1901     0.40    1.10    2.29   15.00   58.13   50.55   91.77   56.50   23.66   12.73    1.69    0.64     314.5
1902     1.25    1.09    2.09   15.78   51.39   48.68   74.86   63.65   21.26    6.78    2.48    0.48     289.8
1903     0.85    0.97    1.79   15.45   38.99   61.86   60.60   48.91   19.05   13.02    1.42    0.63     263.5
1904     0.49    0.47    1.80   12.65   40.07   68.71   71.44   44.34   23.03    9.96    3.36    0.73     277.1
1905     0.41    1.25    4.77   14.96   38.79   52.48   64.83   84.42   31.48    6.26    7.23    1.60     308.5
1906     1.01    0.72    2.89   22.49   32.30   77.74   71.87   46.59   25.91   13.43    1.68    0.47     297.1
1907     0.65    0.80    3.23    5.71   18.02   73.39   69.71   58.01   20.45   12.28    2.22    1.57     266.0
1908     1.80    1.16    1.79   18.18   42.70   82.55   61.14   44.34   25.58   11.84    4.57    1.20     296.9
1909     0.70    0.79    2.24    8.75   45.21   68.68   92.26   61.41   36.95   10.92    1.87    0.69     330.5
1910     1.18    1.33   10.25   16.42   30.48   51.23   62.95   35.32   21.42    6.48    2.19    0.75     240.0
 48.670    7.080
1901     1.87    1.81    5.19   22.85   31.19   54.40   61.82   48.58   31.16   12.35    2.04    2.21     275.5
1902     2.01    2.42    6.25   26.76   29.18   57.67   68.66   58.13   35.33   14.22    4.09    2.34     307.1
1903     4.90    4.78   10.38   17.14   45.93   57.86   72.23   71.03   38.11   23.60    7.97    1.67     355.6
1904     1.98    8.87    7.84   25.17   58.70   69.73   74.95   60.71   38.07   15.98    6.39    4.68     373.1
1905     1.55    6.00   14.02   22.29   43.71   78.90   88.87   65.98   40.76   10.46    8.11    3.55     384.2
1906     4.68    4.59    9.04   19.43   53.96   57.70   70.70   64.92   38.55   21.68    9.22    4.24     358.7
1907     4.24    2.68   11.45   22.62   52.96   65.22   71.52   63.90   39.69   18.63    8.14    5.83     366.9
1908     2.85    6.63    6.90   15.31   69.03   76.35   87.10   65.32   39.38   13.28    6.66    3.03     391.9
1909     3.24    4.34    7.65   32.16   46.41   69.90   73.15   68.79   48.24   28.75    8.04    6.74     397.4
1910     7.21    8.57    8.43   20.21   48.19   84.68   82.68   71.99   36.77   21.53   12.39    6.53     409.2
1911     2.12    6.54   11.47   23.37   55.10   68.93   79.58   76.89   42.47   23.60   13.25    6.01     409.3
1912     5.68    9.54   16.54   24.18   57.90   73.14   81.98   62.44   26.22   19.91    5.93    6.19     389.6
1913     6.20    5.44   18.59   30.24   57.31   72.04   62.17   53.59   41.29   20.24   14.50    5.96     387.6
1914     2.72    8.86   13.76   38.17   57.35   77.25   81.54   79.68   49.33   16.78    8.03    8.66     442.1
1915     6.69    5.50    9.42   25.24   67.79   79.10   69.65   66.26   38.14   13.05    6.41   10.09     397.3
1916     8.24    9.59   11.59   33.54   62.30   61.98   78.13   74.35   42.93   28.24   10.71    6.35     427.9
1917     2.86    2.61    8.36   11.79   76.10   96.07   79.30   74.79   49.44   24.91   10.08    1.91     438.2
1918     4.91    5.27   11.11   32.84   61.52   58.87   79.78   64.19   58.72   18.77    8.85    9.47     414.3
1919     4.85    6.14   13.72   20.42   46.89   59.19   66.43   69.96   51.85   13.65   10.47    9.12     372.7
1920     9.18    6.38   15.53   35.47   66.61   64.38   89.97   59.86   50.69   17.49    3.55    5.34     424.5
1909     3.26    3.84    7.82   32.57   47.53   72.10   74.42   70.36   49.40   29.59    8.43    7.01     406.3
1902     5.75    3.95   12.29   31.86   36.38   65.73   76.95   67.40   40.42   17.87    5.59    3.16     367.4
1916     8.74    9.41   11.64   34.53   62.54   62.12   78.21   74.38   42.69   28.24   10.63    6.34     429.5
1912     5.73    9.59   18.89   24.80   58.68   73.86   82.51   62.93   26.08   19.75    5.95    6.26     395.0
1919     4.69    5.92   11.83   21.56   46.87   59.16   66.20   69.73   51.57   13.48    9.81    9.04     369.9
1907     3.39    2.77   12.34   23.89   54.83   67.24   74.01   65.50   40.73   19.08    8.57    6.08     378.4
1914     2.73    9.07   15.62   38.43   57.54   77.48   81.79   79.93   49.48   16.84    8.05    8.68     445.6
1901     2.32    2.03   10.62   29.58   44.39   78.80   85.82   71.06   53.27   23.44    5.30    5.24     411.9
1915     6.87    5.65    9.69   26.13   68.15   79.41   69.89   66.50   38.31   13.12    6.45   10.12     400.3
1913     6.50    5.68   16.90   28.86   57.56   72.88   63.12   54.47   43.13   21.04   15.76    6.10     392.0
1906     5.27    4.94   10.48   21.49   57.77   60.70   74.26   67.71   39.65   22.84    9.72    4.65     379.5
1911     2.46    7.02   11.76   23.82   56.02   69.97   80.17   77.26   42.86   23.89   13.44    6.10     414.8
1920     9.17    6.38   16.94   38.23   67.16   64.57   90.04   59.78   49.74   17.35    3.39    5.33     428.1
1908     2.45    6.96    6.98   16.80   72.23   78.00   89.95   67.78   40.76   13.60    6.51    3.17     405.2
1910     8.07    9.12    8.77   21.06   49.20   86.77   84.55   73.59   37.56   22.08   12.76    6.75     420.3
1904     2.09    9.50    9.93   27.59   63.36   73.79   77.76   63.40   40.22   17.40    7.19    5.35     397.6
1905     1.67    6.47   15.96   24.01   46.52   83.33   93.02   69.03   42.98   11.18    8.65    4.02     406.9
1918     4.04    5.15   10.76   35.32   62.22   58.77   79.58   63.89   58.12   18.02    8.67    9.39     413.9
1917     2.87    2.62    8.40   11.86   76.50   96.57   79.64   75.11   49.72   25.04   10.16    1.91     440.4
1903     5.73    5.67   12.64   12.84   44.00   62.37   80.11   81.09   43.74   28.67   11.03    1.94     389.8
1902     6.77    4.09   12.73   25.05   35.51   66.31   77.98   68.77   41.51   19.33    6.35    3.28     367.7
1907     4.57    2.80   12.93   24.27   55.18   67.59   74.41   65.79   40.92   19.18    8.64    6.12     382.4
1919     5.09    6.09   13.65   19.51   47.17   59.52   66.75   70.36   52.18   13.78   10.69    9.25     374.0
1906     5.12    4.99   10.77   22.32   57.48   60.48   73.97   67.50   39.60   22.74    9.68    4.60     379.2
1912     6.29    9.73   15.78   24.13   58.77   74.24   83.17   63.60   27.29   20.44    6.13    6.37     396.0
1909     3.28    3.85    7.82   32.50   47.68   72.21   74.59   70.56   49.46   29.63    8.43    7.01     407.0
1905     1.67    6.46   15.77   23.95   46.63   83.52   93.20   69.19   43.16   11.21    8.67    4.04     407.5
1913     6.39    5.60   19.06   30.67   57.94   72.77   62.76   54.12   41.71   20.48   14.62    6.02     392.1
1918     4.34    5.10   10.28   35.21   62.44   58.97   79.80   64.03   58.31   18.09    8.71    9.41     414.7
1917     2.88    2.62    8.43   11.91   76.58   96.66   79.73   75.18   49.78   25.06   10.16    1.91     440.9
1901     2.35    2.05   11.47   31.11   44.70   79.18   86.29   71.37   53.54   23.67    5.35    5.29     416.4
1902     5.88    4.01   12.46   31.74   36.59   66.13   77.40   67.82   40.80   17.99    5.68    3.18     369.7
1903     6.26    6.09   13.38   20.26   50.10   62.52   78.52   78.64   41.42   25.73    8.90    1.81     393.6
1904     2.17   10.03    9.35   27.24   63.41   73.90   77.81   63.42   40.24   17.40    7.11    5.35     397.4
1905     1.67    6.47   15.94   24.03   46.57   83.42   93.11   69.10   43.02   11.19    8.66    4.02     407.2
1906     5.05    4.93   10.21   20.98   57.58   60.58   74.11   67.61   39.63   22.78    9.69    4.61     377.8
1907     4.50    2.78   12.39   24.05   55.29   67.80   74.66   65.91   41.00   19.21    8.68    6.14     382.4
1908     2.99    7.15    7.41   16.43   72.24   78.14   90.32   68.21   41.04   13.68    7.18    3.25     408.0
1909     3.43    4.51    8.13   33.48   47.81   72.51   74.75   70.74   49.66   29.76    8.50    7.06     410.3
1910     7.72    9.08    8.73   20.91   49.24   86.94   84.71   73.74   37.61   22.13   12.80    6.77     420.4
 41.750   12.370
1901     0.54    1.76   16.79   30.11   53.54   74.04   55.16   35.91   50.98   25.69   10.40    8.76     363.7
1902     5.84   10.47   23.57   49.42   56.58   73.94   76.69   37.69   19.43   36.19   16.29    7.33     413.4
1903     7.00   13.55   32.62   37.02   69.38   71.75   83.48   51.12   26.98   26.42   23.06   18.86     461.2
1904    13.02   22.30   42.16   53.48   66.06   86.86  102.85   51.92   36.15   33.51   13.84   10.96     533.1
1905     5.94   11.04   30.55   53.94   82.48  101.34   87.82   64.90   50.28   24.05   29.10    9.95     551.4
1906    10.11   16.52   32.85   48.37   77.35   96.28   75.90   45.38   36.37   37.60   27.00   14.12     517.9
1907    10.82   22.86   20.15   43.17   69.60   70.96   60.82   35.56   25.83   62.59   23.29   16.50     462.2
1908     9.68   18.50   31.72   46.64   66.17   62.13   50.87   45.08   22.91   35.09   16.52   11.19     416.5
1909    11.97   13.49   30.38   39.75   60.82   63.21   77.15   57.46   57.93   39.55   21.89   16.20     489.8
1910    12.99   23.10   21.93   42.08   61.09   77.52   49.31   48.35   29.18   39.60   22.50   25.69     453.3
1911    15.41   13.70   38.88   41.54   74.53   82.43   71.17   56.85   61.55   32.88   30.38   23.80     543.1
1912    26.88   40.20   40.32   41.69   57.17   69.13   61.12   34.32   22.72   31.57   28.26   21.38     474.8
1913    22.05   26.64   36.27   63.68   63.85   74.82   52.51   46.24   38.96   30.79   29.81   23.96     509.6
1914    15.37   35.73   37.93   42.15   65.01   62.90   56.82   57.77   32.90   36.15   30.89   37.02     510.6
1915    39.08   37.94   37.77   42.86   66.60   76.10   59.17   45.07   35.20   50.72   39.49   39.85     569.9
1916    14.46   25.48   53.73   47.83   61.51   52.67   40.42   38.29   49.51   61.02   47.59   42.13     534.6
1917    29.13   22.15   32.40   26.86   61.21   64.04   45.83   34.27   22.85   26.25   35.83   25.73     426.5
1918    15.86   14.56   31.72   50.68   67.89   62.01   42.33   47.89   33.73   65.04   36.77   24.72     493.2
1919    29.34   18.65   39.16   40.00   43.61   66.78   37.78   38.34   41.99   55.46   37.56   21.07     469.7
1920    25.80   20.32   32.89   39.30   59.72   59.07   43.69   52.38   52.54   50.17   29.89   32.18     497.9
1909    17.56   20.42   30.36   37.90   54.35   55.12   68.21   52.49   78.21   67.74   42.27   28.73     553.4
1902    20.17   40.18   23.97   41.68   44.77   56.93   56.56   29.16   22.87   66.87   37.34   17.63     458.1
1916    13.95   24.51   48.22   46.24   57.08   48.78   40.12   40.16   55.78   65.92   49.63   41.93     532.3
1912    27.51   37.36   30.95   29.63   48.18   65.19   56.37   31.77   25.44   56.02   33.76   22.25     464.4
1919    28.61   18.44   33.84   38.34   41.53   66.87   37.58   38.30   47.36   55.94   37.26   20.84     464.9
1907    20.11   28.63   18.37   31.28   52.34   51.09   50.07   31.05   28.77   95.78   42.01   33.66     483.2
1914    14.27   33.28   35.60   35.17   59.69   58.56   52.82   56.47   33.02   36.73   32.81   37.96     486.4
1901    11.32   15.14   36.51   35.71   53.75   71.22   46.79   33.31   60.28   58.03   33.94   39.19     495.2
1915    38.46   37.53   36.74   39.30   62.07   70.33   56.04   46.16   41.86   59.72   42.68   39.90     570.8
1913    22.65   25.36   31.47   46.12   58.29   69.16   49.20   45.58   57.23   47.41   31.11   24.97     508.6
1906    21.98   24.21   28.27   36.53   55.68   71.97   56.94   43.75   52.44   62.79   47.01   25.91     527.5
1911    18.06   13.94   32.07   31.27   56.13   72.72   63.26   57.91   94.98   56.10   41.99   24.87     563.3
1920    24.54   18.66   27.08   36.26   58.64   58.68   43.25   66.71   59.34   47.62   28.79   31.20     500.8
1908    15.67   17.87   23.26   32.67   47.11   42.47   47.62   72.64   38.57   56.66   26.99   21.52     443.1
1910    16.05   21.39   18.78   34.94   50.75   68.68   54.53   68.64   44.31   63.90   42.03   32.59     516.6
1904    21.07   18.82   29.93   37.28   49.39   62.67  116.59   79.19   55.58   51.76   23.04   19.62     564.9
1905     9.70   18.60   23.05   36.61   55.33   79.09   94.52   78.69   61.84   35.30   44.10   14.04     550.9
1918    10.61    9.44   20.61   38.05   55.99   77.97   67.81   60.56   39.84   61.70   30.20   15.99     488.8
1917    17.38   13.23   22.14   23.42   60.22   85.76   66.89   46.04   29.37   30.28   26.95   16.31     438.0
1903    10.57   14.22   22.92   23.46   65.36   76.30   91.97   62.17   36.07   36.47   28.52   21.27     489.3
1902    12.18   24.23   18.95   39.75   63.26   81.49   81.55   44.45   27.83   50.73   24.64   10.29     479.3
1907    11.94   15.23   12.45   36.72   71.03   75.21   66.53   44.45   32.22   74.38   25.99   18.65     484.8
1919    15.46   11.29   26.10   47.42   57.75   87.09   59.18   45.56   39.19   34.70   21.81   11.39     456.9
1906    11.30   13.01   28.36   48.39   79.47   99.62   78.32   55.19   38.88   39.15   27.90   14.70     534.3
1912    14.97   21.98   34.60   40.66   65.68   84.28   75.50   38.95   19.78   33.75   17.87   12.36     460.4
1909     8.62   11.23   35.92   50.60   75.93   80.35   94.57   64.00   59.30   43.53   23.77   16.08     563.9
1905     6.49   14.71   32.07   57.02   85.76  105.94   91.62   65.80   51.34   25.41   30.32   10.55     577.0
1913    12.20   19.02   33.03   62.01   82.14   95.31   63.43   44.25   40.87   29.16   18.81   13.75     514.0
1918     9.30   13.25   31.12   59.43   88.13   82.28   58.56   45.51   29.45   42.86   20.59   12.42     492.9
1917    20.10   20.66   36.18   35.62   78.43   83.41   49.31   32.93   21.62   23.36   19.68   13.37     434.7
1901     8.46   10.99   27.78   33.87   56.86   77.61   53.32   34.21   62.30   38.64   17.79   21.41     443.3
1902    16.36   33.27   26.01   47.96   54.34   65.55   65.06   32.12   25.74   41.02   19.62   15.24     442.3
1903    16.82   22.58   36.30   37.99   68.47   56.46   64.13   45.66   31.04   28.07   30.92   36.48     474.9
1904    29.28   28.64   49.68   59.96   59.72   71.75   86.66   55.06   39.28   33.86   26.24   26.43     566.5
1905    16.85   33.58   37.54   58.89   67.80   78.77   65.17   64.99   52.76   31.38   53.31   18.83     579.9
1906    23.62   26.31   37.86   45.18   61.21   74.07   58.99   44.82   37.39   60.47   48.54   26.88     545.3
1907    20.61   30.54   21.64   33.41   54.09   52.52   51.34   32.19   29.78   99.97   43.14   34.63     503.9
1908    16.97   21.84   33.28   37.22   49.14   44.53   48.05   49.43   25.69   49.78   28.17   23.90     428.0
1909    18.22   21.35   41.01   40.52   57.10   57.33   70.63   52.09   57.17   68.35   44.64   30.61     559.0
1910    19.92   31.00   26.29   39.83   55.01   71.36   43.89   43.60   30.51   66.70   47.18   37.68     513.0
 64.120   19.450
1901     0.58    1.08    2.49    5.20   14.67   48.18   49.30   27.34   12.18    8.87    1.38    0.39     171.6
1902     0.59    0.96    2.55    5.76   17.88   30.31   45.05   43.18   20.31    3.96    1.68    0.80     173.0
1903     1.06    3.46    5.30    6.54   17.44   43.19   50.17   45.27   24.85    8.80    1.14    1.80     209.0
1904     1.56    0.83    2.07   11.64   23.65   48.40   43.14   43.22   22.45    8.89    2.07    0.32     208.3
1905     0.69    2.04    5.20    6.46   24.63   60.93   59.18   42.53   24.59    6.36    2.94    0.97     236.5
1906     2.26    2.25    2.32    9.77   22.85   50.84   57.39   34.63   17.39    7.10    1.44    1.53     209.8
1907     0.96    4.84    4.01   10.28   19.63   56.07   49.08   41.03   18.84   12.62    2.32    0.72     220.4
1908     1.15    1.35    3.42    8.03   17.58   47.12   58.48   46.04   23.30    8.56    1.55    1.53     218.1
1909     1.63    2.13    6.06    6.00   12.95   41.17   57.95   47.93   29.80   19.26    0.93    2.34     228.1
1910     1.26    3.94    5.92   14.35   28.62   57.43   61.66   34.70   23.02    9.38    2.77    1.33     244.4
1911     2.28    4.10    4.93    8.54   29.78   45.44   56.07   55.91   27.33    8.86    1.74    1.17     246.2
1912     0.93    2.42    6.57   10.68   28.88   60.89   52.57   49.18   26.34    7.67    2.63    1.81     250.6
1913     0.73    1.73    7.05   10.48   27.24   55.44   84.71   53.20   24.98    8.71    4.60    0.59     279.5
1914     0.92    1.25    3.79   15.71   32.56   63.95   70.19   42.69   23.81    6.58    3.22    2.60     267.2
1915     0.91    1.10    2.59   10.11   28.63   43.83   80.79   44.55   27.68    5.96    1.40    0.28     247.8
1916     0.62    1.78    2.36   11.74   29.67   46.97   81.71   40.02   18.83    6.27    6.86    1.44     248.3
1917     0.59    1.83    2.04   13.10   25.22   59.25   44.17   44.24   30.01   10.36    3.27    0.82     234.9
1918     0.84    2.38    4.29    8.99   30.00   55.86   66.95   40.53   30.99   10.26    6.66    1.20     259.0
1919     1.01    1.93    5.57   10.38   29.15   76.47   85.02   56.47   32.85    6.80    1.38    1.07     308.1
1920     0.85    3.54   12.20    9.19   32.71   45.93   75.46   42.42   29.67   10.75    3.94    0.89     267.6
1909     1.67    2.17    6.25    6.12   13.32   41.32   58.63   48.44   30.34   19.47    0.94    2.35     231.0
1902     0.88    1.17    3.90    6.76   20.12   33.88   58.24   54.53   26.59    5.10    2.11    1.10     214.4
1916     0.62    1.76    2.35   11.57   25.61   46.28   81.09   39.59   18.56    6.17    6.80    1.44     241.8
1912     0.92    2.40    6.53   10.60   32.81   60.41   52.10   48.62   25.84    7.56    2.61    1.78     252.2
1919     1.01    1.92    5.99   10.56   30.85   75.72   84.46   55.91   32.42    6.70    1.37    1.07     308.0
1907     1.02    5.38    4.32   10.79   21.00   58.87   51.18   42.15   19.99   13.75    2.38    0.76     231.6
1914     0.90    1.23    3.72   14.21   31.59   62.86   69.62   42.04   23.31    6.43    3.18    2.58     261.7
1901     1.72    1.33    4.46   14.03   20.97   67.33   59.78   32.60   14.31   16.61    1.84    0.47     235.5
1915     0.89    1.09    2.54    9.93   29.63   43.25   79.59   43.88   27.30    5.84    1.38    0.28     245.6
1913     0.72    1.71    6.96   11.19   27.64   54.90   83.59   52.43   24.55    8.52    4.52    0.57     277.3
1906     2.55    2.48    2.45   13.37   27.59   53.32   59.12   37.08   18.47    7.83    1.55    1.75     227.6
1911     1.95    4.04    4.67    8.55   30.90   45.04   55.62   55.43   27.10    8.81    1.73    1.17     245.0
1920     0.85    3.55   11.57    9.14   32.57   45.76   75.34   42.42   29.66   10.77    3.95    0.89     266.5
1908     1.21    1.41    3.54    8.30   16.67   48.66   59.66   46.72   24.35    8.83    1.63    1.57     222.5
1910     1.29    4.00    5.76   14.35   28.78   57.56   61.89   34.47   23.25    9.51    2.79    1.34     245.0
1904     2.20    0.96    2.39   14.36   27.97   55.00   47.59   51.34   26.50   10.52    2.67    0.36     241.9
1905     0.77    2.23    5.78    7.46   27.08   63.01   64.29   47.45   26.17    7.43    3.40    1.13     256.2
1918     0.84    2.37    4.27    6.89   26.64   54.36   66.82   40.43   30.93   10.20    6.64    1.21     251.6
1917     0.59    1.82    2.03   11.29   21.91   58.17   43.60   43.81   29.74   10.26    3.26    0.82     227.3
1903     1.24    5.13    7.16    8.66   20.18   49.14   58.95   54.53   29.70   11.83    1.30    2.42     250.2
1902     0.87    1.17    3.90    6.73   17.55   33.36   57.58   53.95   26.31    5.05    2.09    1.09     209.7
1907     0.97    5.15    4.20   10.80   20.47   58.47   50.82   41.93   19.89   13.73    2.37    0.76     229.6
1919     0.96    1.91    5.42   10.26   28.91   75.02   83.78   55.52   32.19    6.66    1.37    1.07     303.1
1906     2.53    2.45    2.43   12.57   26.88   52.54   58.57   36.50   18.16    7.67    1.53    1.72     223.5
1912     0.91    2.35    6.44   10.44   30.25   59.10   51.24   47.94   25.47    7.47    2.59    1.77     246.0
1909     1.66    2.15    6.47    7.15   14.05   40.90   58.16   47.90   29.67   19.21    0.94    2.34     230.6
1905     0.76    2.20    5.68    7.29   26.23   62.60   63.55   46.77   26.03    7.34    3.35    1.11     252.9
1913     0.72    1.71    6.75    9.84   26.88   54.28   82.83   52.04   24.32    8.46    4.51    0.57     272.9
1918     0.84    2.36    4.25    8.42   29.44   54.97   66.21   40.05   30.67   10.11    6.60    1.20     255.1
1917     0.58    1.82    2.02   11.26   22.57   57.90   43.39   43.61   29.57   10.19    3.24    0.81     227.0
1901     1.73    1.33    4.46   14.03   20.72   66.53   59.24   32.41   14.26   16.49    1.83    0.47     233.5
1902     0.87    1.15    3.85    6.68   21.43   33.53   57.18   53.44   26.01    4.99    2.08    1.08     212.3
1903     1.21    4.59    6.76    8.42   19.75   48.32   57.86   53.46   29.13   11.61    1.29    2.36     244.8
1904     1.96    0.94    2.34   12.83   26.88   53.20   46.29   49.34   25.46   10.12    2.54    0.35     232.2
1905     0.75    2.18    5.63    7.21   26.04   62.00   62.76   46.01   25.80    7.27    3.30    1.09     250.0
1906     2.45    2.43    2.41   10.42   24.38   52.03   58.26   36.28   18.06    7.63    1.52    1.71     217.6
1907     1.02    5.22    4.13   10.61   20.58   57.78   50.25   41.60   19.65   13.58    2.36    0.75     227.5
1908     1.20    1.39    3.49    8.26   17.70   47.68   58.46   45.90   23.74    8.59    1.60    1.56     219.6
1909     1.66    2.16    6.19    6.05   12.82   40.26   57.53   47.60   29.54   19.16    0.94    2.34     226.3
1910     1.27    3.92    5.88   14.28   27.84   55.95   60.33   33.96   22.61    9.21    2.75    1.33     239.3
 44.080    0.080
1901     0.98    0.84    6.56   29.56   45.66   65.99   79.52   56.40   47.98   15.11    4.41    4.31     357.3
1902     3.25    5.14   17.68   37.50   41.14   73.33   86.69   61.98   42.97   21.22   12.52    5.44     408.9
1903     5.09    8.07   14.00   29.13   56.00   69.15   88.65   72.39   54.13   31.87   16.35    8.87     453.7
1904     8.42   16.02   14.99   36.37   63.16   81.32   89.15   58.87   33.29   17.48    8.64    8.06     435.8
1905     5.39    7.87   29.90   35.66   50.13   82.13   84.39   77.44   47.74   17.01   17.39    5.40     460.4
1906    11.43   11.12   20.14   42.81   53.57   60.29   63.32   48.27   23.80   26.84   18.75    8.68     389.0
1907     5.02    7.25   16.46   40.12   68.64   66.37   80.38   60.72   38.65   32.24   11.64   12.00     439.5
1908     5.20   11.70   21.42   36.51   67.21   91.92   79.88   69.03   51.52   31.67   10.70   11.21     488.0
1909     6.07    5.05   20.29   40.79   58.72   78.66   71.25   81.55   46.94   31.40    8.58   12.85     462.2
1910    10.69   17.07   19.37   35.02   62.64   90.08   73.26   75.47   35.93   27.19   23.42   10.08     480.2
1911     3.65    7.60   16.07   31.31   66.46   95.19   95.61   63.01   49.67   28.50   16.03   14.43     487.5
1912    10.45   13.62   35.20   35.34   73.66   72.75   96.86   74.35   32.97   31.50   13.04    8.27     498.0
1913    13.47    9.48   36.54   44.94   66.12   82.36   86.21   73.23   47.08   32.79   21.39    8.02     521.6
1914     3.28   17.70   36.27   43.26   55.21   70.70   80.09   63.15   41.67   23.31   12.87   10.97     458.5
1915    10.89   17.86   18.74   35.54   74.90   88.30   79.26   54.59   45.48   21.53   14.92   14.01     476.0
1916     7.81   17.03   30.68   43.69   64.74   59.08   71.65   62.73   41.94   29.52   19.05   10.80     458.7
1917     5.65    5.86   20.15   27.52   73.66   97.85   80.80   70.01   47.93   26.51   14.45    3.60     474.0
1918     6.58    9.27   19.94   37.08   74.92   67.36   65.03   48.74   50.26   18.93   12.87   13.28     424.3
1919    11.59   15.39   32.96   38.47   67.37   68.64   65.06   68.75   43.72   25.76   15.22   11.83     464.8
1920     8.20    8.97   27.17   44.02   62.87   85.06   74.85   61.10   48.31   33.23   12.14    6.90     472.8
1909     6.63    5.47   23.61   42.28   60.40   81.34   72.60   83.32   48.18   32.57    9.01   13.44     478.9
1902     7.01    9.45   28.30   45.10   47.44   86.43   95.36   66.97   46.67   25.92   16.83    7.84     483.3
1916     7.93   15.87   29.92   43.89   65.22   59.65   72.27   66.11   42.16   29.72   19.29   10.96     463.0
1912    10.51   19.58   43.24   36.59   74.40   72.63   95.75   64.86   31.61   31.06   13.05    8.28     501.5
1919    11.14   15.48   34.87   39.18   67.93   68.87   64.96   65.45   44.61   26.00   15.31   11.89     465.7
1907     5.74    7.98   18.32   43.01   73.46   69.20   83.28   61.46   39.63   33.30   12.76   12.75     460.9
1914     3.36   16.89   33.23   43.00   55.66   71.47   81.03   67.44   41.81   23.32   13.04   11.11     461.4
1901     8.14    5.82   19.91   46.32   61.12   81.49  102.94   64.91   70.13   22.97    8.08   11.26     503.1
1915    11.20   17.56   16.28   35.04   75.35   89.17   80.25   58.05   47.27   21.73   15.12   14.25     481.3
1913    13.76    9.54   34.83   44.96   66.67   83.25   87.12   76.13   47.39   33.11   21.58    8.17     526.5
1906    13.07   14.16   22.46   46.55   56.78   62.06   65.68   49.18   24.66   28.37   20.35    9.56     412.9
1911     3.88    8.09   17.29   31.96   67.45   96.44   96.30   63.41   50.11   28.81   16.31   14.59     494.6
1920     8.27    9.08   27.41   44.04   63.05   85.37   75.15   61.27   48.90   33.41   12.15    6.92     475.0
1908     5.77   13.17   25.85   39.06   69.98   96.00   81.10   68.03   53.21   32.73   11.03   12.15     508.1
1910    10.89   21.02   22.78   36.71   64.44   91.12   73.88   69.02   35.90   27.52   23.86   10.24     487.4
1904     9.50   21.54   21.62   41.08   67.59   85.22   89.92   53.54   31.88   18.19    9.87    8.74     458.7
1905     6.21    8.04   33.00   37.36   53.70   86.78   87.59   81.45   51.65   18.32   19.11    6.17     489.4
1918     6.55    9.82   23.96   38.67   75.03   67.14   64.54   45.41   46.59   18.93   12.72   13.16     422.5
1917     5.74    6.25   20.53   27.65   74.10   98.43   81.24   70.36   48.33   26.50   14.56    3.63     477.3
1903     7.06   10.26   19.41   33.87   61.79   74.83   95.18   76.38   58.31   35.63   19.07   11.09     502.9
1902     7.17    9.64   25.56   44.44   47.63   87.38   96.42   67.73   50.24   26.15   17.04    8.01     487.4
1907     5.93    8.50   18.84   43.53   74.42   69.92   84.00   61.63   39.82   34.33   12.96   12.88     466.8
1919    11.71   14.86   31.87   38.87   68.35   69.54   65.65   69.58   44.68   26.61   15.51   12.13     469.4
1906    13.14   13.16   22.37   46.53   56.88   62.20   65.72   49.26   24.70   28.34   20.42    9.55     412.3
1912    10.65   16.79   41.87   36.42   74.24   72.92   96.37   69.17   32.39   31.24   13.04    8.30     503.4
1909     6.52    5.19   21.26   42.42   60.55   81.52   72.84   83.43   48.25   32.40    9.00   13.42     476.8
1905     6.44    8.94   33.75   37.51   54.04   87.29   87.88   81.71   51.95   18.51   19.28    6.20     493.5
1913    13.65    9.81   37.30   45.45   66.62   82.92   86.69   72.47   47.46   32.98   21.50    8.05     524.9
1918     6.50   10.25   24.43   38.87   75.19   67.14   64.50   43.76   46.86   18.93   12.72   13.13     422.3
1917     5.71    6.04   20.08   27.61   73.96   98.29   81.27   70.28   48.32   26.54   14.52    3.61     476.2
1901     8.11    5.81   20.03   46.61   61.51   81.93  103.46   65.07   70.51   23.35    8.13   11.37     505.9
1902     7.08    9.57   26.24   44.70   47.55   86.91   96.12   67.51   49.23   26.01   16.92    7.91     485.7
1903     7.11   10.30   18.98   33.91   61.90   74.95   95.33   76.47   58.40   35.85   19.10   11.11     503.4
1904    10.09   19.33   17.53   39.92   68.33   86.83   91.55   59.87   34.69   17.74   10.04    8.94     464.8
1905     6.54    9.08   33.79   37.49   54.01   87.12   87.86   81.78   52.02   18.54   19.24    6.24     493.7
1906    13.00   12.99   22.33   46.55   56.87   62.23   65.74   49.26   24.69   28.38   20.37    9.56     412.0
1907     5.79    8.30   17.93   42.84   73.23   69.20   83.31   61.59   39.63   33.90   12.71   12.71     461.1
1908     5.81   12.40   23.35   38.75   70.24   96.68   81.74   70.82   54.05   33.24   11.10   12.33     510.5
1909     6.64    5.47   22.04   42.44   60.62   81.70   72.97   83.56   48.35   32.68    9.03   13.47     479.0
1910    11.23   17.68   20.09   36.12   64.87   92.24   75.16   77.05   36.74   28.27   24.17   10.38     494.0
 61.850   24.280
1901     0.93    1.40    3.95    6.32   19.34   59.28   64.44   41.43   17.95   11.53    2.31    0.46     229.3
1902     0.74    1.85    3.51    5.87   27.15   45.80   53.53   42.18   21.95    5.21    1.89    0.85     210.5
1903     2.62    3.45    5.93   11.73   35.97   62.46   60.78   53.12   25.20    5.34    3.63    2.77     273.0
1904     1.65    1.85    3.50   12.21   25.85   53.19   51.45   43.71   17.92   13.80    1.75    1.29     228.2
1905     1.61    3.92    5.78    6.98   30.85   84.14   68.00   42.15   22.85    9.24    4.24    1.93     281.7
1906     2.39    3.58    3.61   17.03   45.60   68.24   67.13   37.83   14.73    9.43    3.19    1.46     274.2
1907     0.92    3.73    6.63    9.82   31.52   76.65   71.85   42.65   21.65   17.71    4.02    0.46     287.6
1908     1.36    4.08    4.69   11.09   26.12   57.99   56.49   52.32   18.03    7.18    3.05    2.54     245.0
1909     3.07    2.82    4.15    7.86   21.20   67.74   62.41   49.35   30.27   24.05    2.41    1.64     277.0
1910     2.41    4.44    5.02   15.45   39.72   58.16   80.67   33.20   31.73    8.81    3.31    2.09     285.0
1911     2.54    2.93    6.01    7.85   35.52   54.93   58.93   68.28   42.43    9.97    7.58    4.14     301.1
1912     1.24    1.56    6.23    9.31   26.48   86.44   74.62   66.55   31.06    7.96    4.86    2.78     319.1
1913     1.88    1.79    8.14   12.91   30.57   69.84   85.56   58.03   24.58    9.73    6.38    1.07     310.5
1914     0.93    3.94    5.01   17.81   40.94   72.08   88.45   34.86   27.85    7.41    5.67    3.91     308.9
1915     1.34    4.11    2.58   10.04   31.84   54.49   94.35   48.26   33.45    6.43    1.76    0.41     289.1
1916     3.72    4.08    5.39   11.78   28.92   70.16   85.16   37.02   22.31    8.26    6.88    5.22     288.9
1917     1.41    1.17    1.68   14.44   27.14   81.67   52.96   52.45   31.19   18.82    7.08    2.97     293.0
1918     1.03    3.57    5.92   12.22   27.04   62.56   75.22   45.10   36.67   21.75    6.33    2.95     300.4
1919     1.84    2.16    3.24   14.62   38.55   82.92   91.25   50.01   32.99   11.65    2.13    1.28     332.6
1920     1.77    4.05    8.36   17.99   54.68   55.12   71.72   45.53   32.36    6.60    6.28    2.81     307.3
1909     3.27    2.91    4.44    8.19   21.43   69.54   63.78   50.46   31.33   25.49    2.53    1.67     285.0
1902     1.13    2.29    5.10    6.88   32.49   58.27   67.02   55.65   29.32    7.00    2.61    1.11     268.9
1916     3.69    3.63    5.36   11.74   28.82   70.04   85.13   36.99   22.29    8.26    6.88    5.22     288.1
1912     1.25    1.57    6.27   10.40   32.79   87.44   74.31   66.12   30.75    7.84    4.82    2.77     326.3
1919     1.85    2.16    3.25   14.50   38.90   83.13   91.26   50.07   33.02   11.67    2.14    1.28     333.2
1907     1.05    4.18    7.19   10.58   33.71   81.93   75.56   44.31   23.73   19.32    4.48    0.49     306.5
1914     0.92    3.88    4.94   18.64   40.62   71.30   87.79   34.55   27.29    7.27    5.51    3.81     306.5
1901     3.99    1.82    7.76   14.65   27.21   83.28   86.84   54.61   22.82   20.50    4.85    0.55     328.9
1915     1.34    4.07    2.55   12.05   32.64   54.11   93.66   47.75   33.07    6.34    1.75    0.41     289.7
1913     2.02    1.78    8.06   15.42   33.51   69.04   84.64   57.22   24.14    9.45    6.28    1.06     312.6
1906     2.93    4.35    3.90   18.81   48.36   71.25   69.33   41.46   15.97   10.68    3.74    1.60     292.4
1911     2.78    2.99    6.07    7.91   37.54   55.22   58.83   68.39   42.78   10.02    7.70    4.17     304.4
1920     1.77    4.06    7.96   16.47   54.25   55.03   71.72   45.58   32.42    6.62    6.31    2.82     305.0
1908     1.44    4.31    4.80   10.96   25.21   59.93   58.50   53.95   18.98    7.53    3.37    2.68     251.7
1910     2.49    4.42    5.16   16.11   41.20   58.86   82.74   33.29   32.21    9.11    3.45    2.16     291.2
1904     2.31    2.39    4.01   14.24   30.75   59.31   57.60   49.48   19.90   16.98    2.10    1.49     260.6
1905     1.98    4.46    6.32    8.26   32.92   92.60   74.67   47.11   25.15   11.00    5.21    2.30     312.0
1918     1.01    3.60    5.51   12.27   25.16   61.87   75.19   45.30   36.99   21.87    6.39    2.99     298.1
1917     1.41    1.17    1.68   14.00   26.11   81.09   53.05   52.65   31.30   18.94    7.19    2.99     291.6
1903     3.60    4.54    7.68   14.56   41.74   68.88   71.00   65.61   30.66    6.84    4.95    3.16     323.2
1902     1.10    2.29    5.12    6.88   31.54   57.82   66.51   55.21   29.09    6.95    2.60    1.10     266.2
1907     1.01    4.17    7.17    9.33   31.75   81.14   75.02   44.14   23.57   19.23    4.47    0.49     301.5
1919     1.84    2.15    3.24   15.23   38.68   82.42   90.74   49.63   32.70   11.52    2.12    1.27     331.5
1906     2.92    4.31    3.88   20.26   48.17   70.88   69.02   41.08   15.81   10.50    3.70    1.59     292.1
1912     1.24    1.56    6.19   10.47   32.38   86.48   73.77   65.50   30.31    7.72    4.79    2.72     323.1
1909     3.27    2.89    4.38    8.36   21.86   68.84   63.10   49.89   30.86   25.00    2.49    1.66     282.6
1905     1.94    4.40    6.25    6.66   32.52   92.30   74.14   46.62   24.92   10.86    5.11    2.27     308.0
1913     1.75    1.77    7.99   12.62   32.23   68.77   84.63   57.35   24.22    9.51    6.27    1.06     308.2
1918     1.03    3.58    5.92   12.21   25.49   62.31   75.17   45.29   37.04   21.87    6.40    2.99     299.3
1917     1.41    1.18    1.69   14.01   26.53   81.45   53.08   52.58   31.31   18.97    7.21    3.01     292.4
1901     4.03    1.83    7.82   14.70   27.02   83.04   86.66   54.57   22.79   20.53    4.88    0.55     328.4
1902     1.13    2.29    5.11    6.86   33.69   57.72   66.34   55.09   29.03    6.94    2.59    1.10     267.9
1903     3.59    4.25    7.60   14.54   41.66   68.41   70.22   64.78   30.20    6.76    4.85    3.14     320.0
1904     2.06    2.33    3.94   13.91   30.38   58.74   56.84   48.73   19.58   16.67    2.06    1.47     256.7
1905     1.94    4.40    6.25    8.08   32.79   92.07   73.96   46.47   24.84   10.83    5.10    2.27     309.0
1906     2.65    4.31    3.87   18.66   47.82   70.72   68.97   41.15   15.83   10.58    3.71    1.59     289.9
1907     1.01    4.15    7.13   10.81   33.60   81.12   74.79   43.92   23.43   19.03    4.44    0.49     303.9
1908     1.43    4.27    4.93   11.81   26.95   59.25   57.72   53.26   18.70    7.36    3.29    2.65     251.6
1909     3.29    2.89    4.39    8.20   21.66   68.65   62.94   49.82   30.84   25.07    2.49    1.67     281.9
1910     2.46    4.52    5.07   15.73   39.70   58.37   81.42   32.91   31.81    8.92    3.38    2.13     286.4
