 -2.500  -62.500
1901    0.429   0.965   0.997   1.007   1.005   0.972   0.969   0.977   0.951   0.989   0.991   1.001     0.938
1902    1.006   0.981   0.994   0.997   1.003   1.006   0.978   0.863   0.920   0.926   0.937   0.997     0.967
1903    0.986   0.996   0.978   0.999   0.998   1.000   0.970   0.954   0.912   0.885   0.965   0.984     0.969
1904    0.987   0.960   1.006   1.006   1.008   0.978   0.968   0.958   0.904   0.936   0.993   0.985     0.974
1905    0.963   0.978   1.005   1.000   1.007   0.973   0.962   0.913   0.942   0.978   0.979   0.970     0.973
1906    0.997   0.978   0.986   1.004   1.001   0.986   0.967   0.882   0.901   0.956   0.920   0.983     0.963
1907    0.996   0.963   0.979   1.000   0.993   0.986   0.956   0.911   0.939   0.922   0.983   0.976     0.967
1908    0.988   0.989   1.004   1.005   1.009   0.992   0.914   0.910   0.874   0.943   0.954   0.983     0.964
1909    0.960   0.981   0.990   0.993   1.000   0.983   0.964   0.961   0.882   0.885   0.959   0.962     0.960
1910    0.972   0.983   1.001   0.992   0.991   0.984   0.948   0.832   0.748   0.735   0.763   0.902     0.904
1911    0.995   0.960   0.977   0.988   0.997   0.975   0.895   0.828   0.620   0.524   0.506   0.677     0.829
1912    0.702   0.733   0.779   0.992   0.988   0.961   0.953   0.782   0.704   0.900   0.803   0.980     0.857
1913    0.968   0.966   0.991   0.985   0.991   0.978   0.975   0.796   0.730   0.644   0.786   0.879     0.891
1914    0.973   0.982   0.982   0.991   0.989   0.966   0.858   0.745   0.602   0.783   0.803   0.991     0.889
1915    0.975   0.951   0.936   1.003   0.993   0.973   0.902   0.824   0.693   0.772   0.876   0.807     0.892
1916    1.000   0.977   0.976   0.990   0.976   0.992   0.907   0.787   0.577   0.613   0.643   0.771     0.851
1917    0.963   0.975   0.997   1.004   1.003   0.995   0.952   0.940   0.905   0.744   0.908   0.965     0.946
1918    0.994   0.995   0.978   0.991   0.989   0.929   0.893   0.774   0.539   0.679   0.671   0.760     0.849
1919    0.955   0.981   0.991   0.999   0.992   0.941   0.862   0.790   0.740   0.758   0.955   0.985     0.912
1920    0.993   0.970   0.988   1.002   0.999   0.981   0.940   0.785   0.605   0.585   0.756   0.866     0.872
1909    0.971   0.979   0.990   0.980   0.993   0.970   0.938   0.936   0.789   0.771   0.935   0.960     0.934
1902    0.961   0.967   0.987   0.987   0.995   0.997   0.952   0.742   0.760   0.722   0.809   0.988     0.906
1916    0.993   0.978   0.968   0.985   0.971   0.991   0.910   0.794   0.586   0.635   0.685   0.831     0.860
1912    0.974   0.922   0.894   0.985   0.983   0.950   0.912   0.721   0.650   0.862   0.784   0.981     0.885
1919    0.981   0.976   0.987   0.995   0.993   0.944   0.875   0.810   0.768   0.806   0.964   0.988     0.924
1907    0.992   0.956   0.956   0.991   0.990   0.976   0.916   0.861   0.879   0.868   0.967   0.974     0.944
1914    0.966   0.973   0.974   0.985   0.983   0.959   0.853   0.753   0.625   0.817   0.849   0.994     0.894
1901    0.983   0.983   0.966   0.988   0.995   0.948   0.876   0.938   0.814   0.933   0.960   0.974     0.947
1915    0.960   0.944   0.925   0.997   0.987   0.967   0.914   0.863   0.754   0.838   0.891   0.803     0.904
1913    0.971   0.959   0.986   0.979   0.983   0.959   0.956   0.800   0.752   0.683   0.834   0.886     0.896
1906    0.992   0.971   0.983   1.000   0.996   0.980   0.957   0.830   0.780   0.922   0.854   0.948     0.934
1911    0.991   0.951   0.973   0.977   0.994   0.970   0.878   0.774   0.575   0.493   0.456   0.599     0.803
1920    0.728   0.901   0.985   1.001   1.000   0.984   0.944   0.805   0.647   0.618   0.764   0.857     0.853
1908    0.989   0.978   1.002   1.001   1.007   0.987   0.891   0.895   0.827   0.926   0.920   0.976     0.950
1910    0.974   0.975   0.997   0.990   0.986   0.975   0.934   0.814   0.681   0.637   0.642   0.800     0.867
1904    0.980   0.937   1.003   1.002   1.006   0.970   0.944   0.912   0.776   0.821   0.909   0.964     0.935
1905    0.953   0.963   1.003   0.998   1.003   0.969   0.950   0.824   0.763   0.794   0.908   0.942     0.923
1918    0.978   0.993   0.977   0.990   0.990   0.941   0.912   0.790   0.544   0.671   0.652   0.724     0.847
1917    0.887   0.973   0.996   1.003   1.003   0.999   0.954   0.938   0.902   0.737   0.894   0.956     0.937
1903    0.980   0.991   0.964   0.994   0.993   0.995   0.934   0.892   0.813   0.837   0.935   0.974     0.942
1902    0.994   0.964   0.988   0.991   0.998   0.997   0.950   0.731   0.743   0.694   0.766   0.984     0.900
1907    0.991   0.960   0.968   0.996   0.990   0.975   0.905   0.839   0.833   0.796   0.926   0.968     0.929
1919    0.983   0.980   0.990   0.999   0.993   0.939   0.855   0.779   0.726   0.741   0.952   0.984     0.910
1906    0.992   0.976   0.984   1.001   0.994   0.977   0.948   0.801   0.721   0.856   0.799   0.932     0.915
1912    0.978   0.926   0.943   0.989   0.983   0.945   0.898   0.700   0.623   0.819   0.728   0.975     0.875
1909    0.941   0.979   0.989   0.979   0.993   0.969   0.936   0.934   0.784   0.764   0.932   0.960     0.930
1905    0.948   0.971   1.003   0.996   1.000   0.964   0.937   0.800   0.756   0.806   0.941   0.963     0.924
1913    0.973   0.968   0.986   0.977   0.978   0.949   0.920   0.744   0.683   0.609   0.770   0.883     0.870
1918    0.988   0.994   0.974   0.986   0.985   0.929   0.896   0.781   0.552   0.707   0.716   0.822     0.861
1917    0.964   0.970   0.994   1.000   1.000   0.995   0.953   0.940   0.911   0.757   0.929   0.978     0.949
1901    0.985   0.982   0.964   0.987   0.995   0.947   0.871   0.924   0.798   0.920   0.958   0.979     0.943
1902    0.997   0.954   0.984   0.987   0.995   0.998   0.953   0.751   0.785   0.758   0.843   0.986     0.916
1903    0.972   0.988   0.957   0.992   0.990   0.994   0.941   0.910   0.849   0.858   0.945   0.975     0.948
1904    0.979   0.934   1.002   1.001   1.004   0.965   0.928   0.894   0.791   0.868   0.970   0.969     0.942
1905    0.952   0.960   1.002   0.996   1.001   0.966   0.947   0.835   0.815   0.882   0.965   0.952     0.939
1906    0.992   0.971   0.983   1.000   0.996   0.980   0.957   0.829   0.778   0.920   0.846   0.941     0.933
1907    0.987   0.956   0.958   0.992   0.990   0.979   0.930   0.874   0.899   0.871   0.953   0.964     0.946
1908    0.978   0.978   1.002   1.001   1.006   0.987   0.890   0.895   0.829   0.927   0.918   0.975     0.949
1909    0.955   0.973   0.987   0.983   0.996   0.976   0.952   0.949   0.821   0.781   0.928   0.949     0.938
1910    0.961   0.975   0.997   0.991   0.986   0.975   0.933   0.812   0.672   0.628   0.634   0.794     0.863
 -2.500  -50.100
1901    0.456   1.008   1.015   1.014   1.010   0.993   0.978   0.866   0.838   0.918   0.944   0.990     0.919
1902    1.012   1.012   1.013   1.008   0.999   0.996   0.958   0.919   0.797   0.758   0.792   0.937     0.933
1903    1.001   1.012   1.008   1.008   0.994   0.966   0.975   0.853   0.763   0.757   0.697   0.978     0.918
1904    1.008   1.008   1.011   1.010   1.009   0.984   0.967   0.871   0.777   0.707   0.749   0.932     0.919
1905    1.005   1.013   1.007   1.011   1.006   0.985   0.964   0.843   0.708   0.658   0.641   0.724     0.880
1906    1.002   1.012   1.009   1.005   1.002   1.000   0.991   0.898   0.812   0.707   0.644   0.726     0.901
1907    0.999   1.007   1.009   1.008   0.997   0.990   0.978   0.884   0.769   0.628   0.596   0.640     0.875
1908    0.996   1.008   1.010   1.007   1.003   0.975   0.927   0.917   0.738   0.609   0.612   0.694     0.875
1909    0.992   1.004   1.002   1.006   1.000   0.981   0.963   0.834   0.711   0.600   0.444   0.652     0.849
1910    0.978   1.000   1.011   1.007   0.998   0.997   0.913   0.911   0.761   0.530   0.497   0.625     0.852
1911    0.922   1.010   1.012   1.009   1.009   0.993   0.983   0.896   0.674   0.543   0.479   0.594     0.844
1912    0.907   1.007   1.010   1.007   0.998   0.982   0.973   0.820   0.647   0.489   0.470   0.585     0.824
1913    0.905   1.010   1.014   1.009   1.007   0.971   0.895   0.801   0.588   0.502   0.400   0.419     0.793
1914    0.879   0.997   1.010   1.007   1.003   0.987   0.944   0.934   0.796   0.510   0.316   0.332     0.810
1915    0.612   0.946   0.996   1.006   0.982   0.955   0.949   0.901   0.576   0.357   0.229   0.444     0.746
1916    0.831   1.012   1.011   1.003   1.006   0.954   0.723   0.473   0.259   0.124   0.136   0.566     0.675
1917    0.980   1.013   1.011   1.010   1.009   0.952   0.770   0.505   0.308   0.181   0.197   0.551     0.707
1918    0.953   1.008   0.996   0.997   1.000   0.851   0.777   0.631   0.431   0.342   0.258   0.257     0.708
1919    0.881   1.005   1.004   1.005   0.968   0.899   0.729   0.625   0.571   0.475   0.348   0.362     0.739
1920    0.810   1.004   1.007   1.008   1.003   0.957   0.810   0.851   0.923   0.846   0.680   0.780     0.890
1909    0.999   1.007   1.005   1.003   0.988   0.947   0.930   0.715   0.544   0.469   0.360   0.629     0.800
1902    0.988   1.012   1.011   1.002   0.990   0.965   0.827   0.691   0.492   0.415   0.424   0.582     0.783
1916    0.921   1.012   1.007   0.994   1.000   0.940   0.713   0.469   0.267   0.150   0.185   0.654     0.693
1912    0.974   1.006   1.006   1.001   0.989   0.963   0.905   0.742   0.598   0.489   0.518   0.677     0.822
1919    0.993   1.000   0.992   0.999   0.967   0.901   0.740   0.648   0.625   0.572   0.455   0.457     0.779
1907    0.758   1.005   1.007   1.006   0.990   0.975   0.911   0.740   0.594   0.469   0.503   0.600     0.797
1914    0.960   0.993   1.005   1.002   0.994   0.974   0.944   0.950   0.859   0.615   0.442   0.471     0.851
1901    0.763   0.995   1.007   1.008   1.002   0.963   0.945   0.783   0.657   0.614   0.533   0.666     0.828
1915    0.960   0.998   0.985   1.001   0.962   0.919   0.944   0.925   0.639   0.456   0.349   0.581     0.810
1913    0.903   1.008   1.012   1.004   1.002   0.959   0.865   0.824   0.665   0.623   0.543   0.531     0.828
1906    0.927   1.010   1.006   1.002   0.997   0.982   0.956   0.833   0.713   0.582   0.523   0.567     0.842
1911    0.901   1.009   1.010   1.002   1.004   0.981   0.976   0.876   0.695   0.603   0.529   0.594     0.848
1920    0.938   0.997   0.997   1.007   1.005   0.965   0.860   0.900   0.945   0.872   0.666   0.679     0.903
1908    0.980   1.006   1.009   1.005   0.999   0.965   0.916   0.893   0.681   0.538   0.511   0.567     0.839
1910    0.967   0.996   1.009   1.005   0.991   0.992   0.885   0.854   0.714   0.477   0.424   0.525     0.820
1904    0.972   1.004   1.010   1.008   1.009   0.983   0.950   0.813   0.649   0.493   0.433   0.625     0.829
1905    0.967   1.011   1.006   1.011   1.006   0.985   0.953   0.791   0.577   0.440   0.368   0.432     0.796
1918    0.812   1.004   0.990   0.995   1.002   0.894   0.891   0.769   0.536   0.406   0.286   0.246     0.736
1917    0.847   1.012   1.010   1.009   1.009   0.980   0.839   0.568   0.347   0.197   0.194   0.523     0.711
1903    0.979   1.009   1.008   1.008   0.992   0.958   0.930   0.726   0.543   0.441   0.328   0.585     0.792
1902    0.930   1.010   1.012   1.007   0.998   0.985   0.862   0.704   0.484   0.384   0.359   0.477     0.768
1907    0.890   1.008   1.010   1.010   0.998   0.978   0.889   0.690   0.497   0.349   0.366   0.438     0.760
1919    0.936   1.005   1.003   1.006   0.991   0.899   0.721   0.610   0.550   0.448   0.319   0.313     0.733
1906    0.664   1.013   1.011   1.007   0.998   0.972   0.882   0.689   0.526   0.383   0.341   0.468     0.746
1912    0.862   1.009   1.011   1.005   0.989   0.960   0.890   0.713   0.552   0.412   0.414   0.567     0.782
1909    0.991   1.006   1.006   1.005   0.987   0.945   0.928   0.708   0.533   0.455   0.332   0.597     0.791
1905    0.976   1.014   1.008   1.009   1.001   0.971   0.921   0.721   0.524   0.426   0.402   0.528     0.792
1913    0.917   1.011   1.013   1.004   1.000   0.953   0.841   0.734   0.537   0.474   0.414   0.465     0.780
1918    0.912   1.007   0.986   0.986   0.994   0.850   0.779   0.637   0.444   0.371   0.308   0.309     0.715
1917    0.926   1.012   1.007   1.001   1.007   0.952   0.774   0.515   0.327   0.222   0.254   0.644     0.720
1901    0.985   0.997   1.007   1.008   1.001   0.956   0.926   0.732   0.584   0.549   0.474   0.640     0.821
1902    1.004   1.008   1.009   1.001   0.990   0.966   0.838   0.715   0.543   0.480   0.476   0.622     0.804
1903    0.982   1.007   1.004   1.004   0.980   0.937   0.876   0.707   0.583   0.532   0.445   0.731     0.816
1904    0.993   1.002   1.009   1.007   1.005   0.971   0.902   0.748   0.620   0.527   0.523   0.743     0.838
1905    0.983   1.010   1.004   1.009   1.003   0.975   0.944   0.794   0.630   0.552   0.517   0.556     0.832
1906    0.913   1.010   1.006   1.002   0.997   0.982   0.958   0.833   0.710   0.578   0.511   0.551     0.838
1907    0.918   1.004   1.007   1.007   0.991   0.980   0.956   0.823   0.675   0.530   0.502   0.516     0.826
1908    0.945   1.006   1.008   1.005   0.998   0.961   0.916   0.891   0.682   0.558   0.535   0.586     0.841
1909    0.984   1.002   0.997   1.004   0.993   0.972   0.952   0.794   0.655   0.560   0.380   0.550     0.820
1910    0.943   0.996   1.009   1.005   0.990   0.992   0.886   0.854   0.714   0.476   0.424   0.525     0.818
 36.000  -84.250
1901    0.335   0.641   0.970   1.028   1.019   0.995   0.926   0.955   1.016   0.971   1.025   1.033     0.910
1902    1.035   1.028   1.034   1.015   0.989   0.990   0.896   0.806   0.906   0.981   0.982   1.034     0.974
1903    1.032   1.033   1.026   1.019   0.984   0.962   0.931   0.977   0.846   0.900   1.026   1.029     0.980
1904    1.034   1.033   1.030   1.022   0.995   0.904   0.847   0.747   0.932   0.949   0.998   1.030     0.960
1905    1.032   1.020   1.024   0.998   0.974   0.981   0.959   0.963   0.995   0.951   1.028   1.032     0.996
1906    1.032   1.034   1.031   0.980   0.925   0.983   0.998   0.944   0.928   0.992   1.031   1.034     0.993
1907    1.030   1.033   1.024   1.024   0.993   0.956   0.991   0.954   0.975   0.988   1.029   1.033     1.002
1908    1.034   1.032   1.025   0.999   0.982   0.918   0.862   0.889   0.908   0.977   1.011   1.033     0.973
1909    1.033   1.033   1.029   1.018   0.967   0.981   0.957   0.969   0.861   0.904   1.018   1.028     0.983
1910    1.034   1.034   1.003   1.020   0.977   0.976   0.968   0.948   0.976   1.003   1.021   1.033     0.999
1911    1.033   1.029   1.030   1.022   0.982   0.937   0.933   0.912   0.930   0.944   1.031   1.033     0.985
1912    1.024   1.034   1.029   1.017   0.975   0.944   0.991   0.946   0.959   0.897   0.897   1.031     0.979
1913    1.032   1.033   1.030   1.011   0.958   0.951   0.838   0.628   0.581   0.721   0.943   1.031     0.896
1914    1.033   1.032   1.032   1.019   0.961   0.751   0.730   0.962   0.953   0.993   1.026   1.030     0.960
1915    1.034   1.032   1.032   0.964   0.995   0.967   0.903   0.969   0.903   1.003   1.029   1.032     0.989
1916    1.031   1.032   1.028   1.008   0.979   0.985   0.972   0.963   0.932   0.943   1.014   1.034     0.993
1917    1.033   1.033   1.026   1.005   1.012   0.983   0.995   0.968   0.990   1.016   1.003   1.029     1.008
1918    1.016   1.034   1.023   0.997   0.967   0.961   0.968   0.931   0.872   1.010   1.029   1.032     0.987
1919    1.034   1.034   1.031   1.004   0.995   0.938   0.746   0.720   0.644   0.819   1.026   1.033     0.919
1920    1.034   1.033   1.030   1.016   0.970   0.974   0.942   0.964   0.993   0.942   0.991   1.027     0.993
1909    1.033   1.033   1.029   1.018   0.963   0.979   0.955   0.965   0.843   0.874   1.010   1.028     0.978
1902    1.035   1.027   1.033   1.011   0.976   0.972   0.848   0.720   0.784   0.916   0.976   1.033     0.944
1916    1.031   1.032   1.027   1.007   0.978   0.984   0.972   0.964   0.936   0.951   1.018   1.034     0.994
1912    1.024   1.034   1.029   1.016   0.974   0.941   0.990   0.944   0.955   0.891   0.889   1.030     0.976
1919    1.034   1.034   1.031   1.004   0.995   0.937   0.744   0.717   0.640   0.816   1.025   1.033     0.917
1907    1.030   1.033   1.022   1.023   0.989   0.951   0.984   0.950   0.972   0.986   1.028   1.033     1.000
1914    1.033   1.032   1.032   1.018   0.959   0.744   0.718   0.960   0.949   0.991   1.026   1.029     0.957
1901    1.033   1.032   1.030   1.025   1.012   0.981   0.852   0.906   1.010   0.950   1.015   1.033     0.990
1915    1.034   1.032   1.032   0.951   0.991   0.966   0.901   0.968   0.905   1.003   1.029   1.032     0.987
1913    1.032   1.032   1.030   1.010   0.953   0.944   0.827   0.612   0.560   0.696   0.909   1.027     0.886
1906    1.031   1.033   1.031   0.977   0.910   0.962   0.996   0.939   0.920   0.988   1.031   1.033     0.988
1911    1.031   1.029   1.030   1.021   0.980   0.928   0.924   0.890   0.919   0.923   1.031   1.033     0.978
1920    1.032   1.033   1.030   1.016   0.969   0.970   0.938   0.960   0.992   0.939   0.989   1.027     0.991
1908    1.034   1.032   1.024   0.998   0.976   0.903   0.829   0.835   0.839   0.910   0.998   1.033     0.951
1910    1.034   1.034   1.002   1.019   0.974   0.973   0.959   0.942   0.970   1.001   1.020   1.033     0.997
1904    1.034   1.033   1.029   1.020   0.985   0.894   0.813   0.693   0.860   0.860   0.934   1.030     0.932
1905    1.032   1.019   1.023   0.995   0.968   0.970   0.954   0.949   0.988   0.944   1.027   1.032     0.992
1918    1.016   1.034   1.023   0.996   0.965   0.959   0.967   0.928   0.868   1.009   1.028   1.032     0.985
1917    1.033   1.032   1.026   1.004   1.010   0.979   0.994   0.967   0.988   1.015   1.003   1.029     1.007
1903    1.033   1.032   1.022   1.016   0.974   0.951   0.911   0.960   0.804   0.849   1.017   1.029     0.967
1902    1.034   1.027   1.033   1.010   0.974   0.971   0.843   0.712   0.775   0.911   0.977   1.033     0.942
1907    1.030   1.033   1.021   1.023   0.988   0.950   0.983   0.949   0.971   0.986   1.028   1.033     1.000
1919    1.034   1.034   1.031   1.003   0.994   0.936   0.739   0.711   0.631   0.811   1.025   1.033     0.915
1906    1.031   1.033   1.031   0.976   0.907   0.959   0.996   0.938   0.918   0.988   1.031   1.033     0.987
1912    1.024   1.034   1.029   1.016   0.974   0.938   0.989   0.943   0.952   0.886   0.883   1.029     0.975
1909    1.033   1.033   1.029   1.017   0.961   0.978   0.954   0.963   0.836   0.861   1.006   1.028     0.975
1905    1.033   1.020   1.025   0.995   0.967   0.970   0.953   0.947   0.987   0.943   1.027   1.032     0.992
1913    1.032   1.032   1.030   1.010   0.951   0.940   0.823   0.607   0.555   0.692   0.913   1.028     0.884
1918    1.014   1.034   1.023   0.996   0.964   0.959   0.967   0.928   0.868   1.009   1.028   1.032     0.985
1917    1.033   1.032   1.026   1.004   1.010   0.978   0.993   0.967   0.988   1.015   1.003   1.029     1.007
1901    1.033   1.032   1.030   1.025   1.012   0.981   0.849   0.902   1.010   0.949   1.014   1.033     0.989
1902    1.034   1.027   1.033   1.010   0.973   0.970   0.840   0.708   0.769   0.906   0.973   1.033     0.940
1903    1.032   1.032   1.024   1.016   0.974   0.951   0.909   0.959   0.798   0.835   1.011   1.029     0.964
1904    1.034   1.033   1.029   1.020   0.984   0.894   0.811   0.690   0.856   0.856   0.930   1.030     0.931
1905    1.032   1.019   1.023   0.995   0.968   0.970   0.954   0.948   0.987   0.944   1.027   1.032     0.991
1906    1.031   1.033   1.031   0.975   0.906   0.958   0.996   0.938   0.919   0.988   1.031   1.033     0.987
1907    1.030   1.033   1.022   1.023   0.988   0.950   0.982   0.949   0.970   0.985   1.028   1.033     0.999
1908    1.034   1.032   1.024   0.997   0.975   0.901   0.824   0.828   0.830   0.900   0.996   1.033     0.948
1909    1.033   1.033   1.029   1.017   0.961   0.978   0.954   0.964   0.843   0.878   1.012   1.028     0.977
1910    1.034   1.034   1.002   1.019   0.973   0.972   0.957   0.941   0.969   1.001   1.019   1.033     0.996
 54.000 -105.100
1901    0.273   0.273   0.287   0.765   0.992   1.008   1.044   0.959   1.057   1.037   1.002   0.999     0.808
1902    0.998   0.998   0.998   1.103   1.091   1.044   0.911   0.884   0.865   0.880   0.930   0.940     0.970
1903    0.940   0.940   0.939   1.000   1.084   0.911   0.942   0.906   1.029   1.091   1.021   0.997     0.983
1904    0.996   0.996   0.995   1.072   1.104   1.033   0.957   0.956   0.945   0.965   1.020   1.004     1.004
1905    0.999   0.998   1.028   1.102   1.003   1.009   0.828   0.933   1.077   1.105   1.100   1.022     1.017
1906    1.002   0.998   0.997   1.050   0.969   0.987   0.908   0.775   0.710   0.896   0.957   0.958     0.934
1907    0.957   0.957   0.956   0.974   1.115   1.063   0.977   0.862   1.065   1.049   1.008   1.002     0.999
1908    1.006   0.998   0.997   1.057   1.009   1.059   0.790   0.785   0.831   0.959   1.044   1.013     0.962
1909    1.002   0.999   0.997   1.015   1.075   1.022   0.919   0.900   0.786   0.817   0.832   0.831     0.933
1910    0.830   0.828   0.966   1.102   1.001   0.780   0.589   0.536   0.554   0.523   0.564   0.604     0.740
1911    0.629   0.629   0.645   0.972   1.033   0.964   0.830   0.965   1.065   0.968   1.011   0.995     0.892
1912    0.994   0.993   0.992   1.089   1.030   0.953   1.020   1.008   1.064   1.013   1.016   0.998     1.014
1913    0.996   0.995   0.994   1.060   1.015   0.860   1.008   0.933   1.011   1.101   1.046   1.008     1.002
1914    0.998   0.997   1.004   1.110   1.046   0.997   0.769   0.585   0.649   0.731   0.906   0.925     0.893
1915    0.924   0.926   0.935   1.052   0.914   0.952   0.938   0.872   0.795   0.824   0.834   0.842     0.901
1916    0.846   0.845   0.843   0.984   1.088   0.959   0.939   0.923   0.830   0.956   1.065   1.008     0.940
1917    0.999   0.998   1.036   1.055   1.038   0.905   0.705   0.552   0.552   0.564   0.653   0.652     0.809
1918    0.652   0.651   0.665   1.084   1.059   1.011   0.861   0.730   0.828   0.822   0.840   0.844     0.837
1919    0.843   0.841   0.840   1.014   0.912   0.693   0.649   0.704   0.879   1.022   1.006   0.998     0.867
1920    0.997   0.996   0.993   1.011   1.090   0.980   0.869   0.719   0.839   0.952   1.001   0.995     0.953
1909    0.994   0.993   0.992   1.010   1.067   1.019   0.913   0.894   0.777   0.806   0.820   0.819     0.925
1902    0.818   0.816   0.815   1.043   1.088   1.035   0.864   0.774   0.729   0.731   0.776   0.786     0.856
1916    0.785   0.784   0.783   0.940   1.089   0.960   0.941   0.925   0.831   0.958   1.066   1.008     0.923
1912    0.999   0.998   0.997   1.085   1.026   0.954   1.020   1.009   1.064   1.013   1.016   0.998     1.015
1919    0.995   0.994   0.993   1.075   0.917   0.696   0.653   0.709   0.884   1.023   1.006   0.998     0.912
1907    0.997   0.996   0.995   1.004   1.116   1.055   0.964   0.844   1.062   1.042   1.005   1.002     1.007
1914    0.997   0.997   1.002   1.110   1.047   1.000   0.773   0.592   0.657   0.741   0.916   0.935     0.897
1901    0.934   0.934   0.942   1.083   1.027   0.972   1.011   0.896   1.041   1.020   0.984   0.982     0.985
1915    0.981   0.983   0.991   1.055   0.911   0.952   0.940   0.876   0.798   0.828   0.839   0.846     0.917
1913    0.851   0.850   0.849   0.982   1.021   0.863   1.010   0.936   1.012   1.101   1.046   1.008     0.961
1906    0.998   0.997   0.995   1.043   0.956   0.966   0.880   0.738   0.668   0.844   0.902   0.902     0.907
1911    0.902   0.901   0.912   1.088   1.062   0.979   0.834   0.968   1.066   0.968   1.011   0.995     0.974
1920    0.994   0.993   0.990   1.008   1.091   0.982   0.872   0.723   0.844   0.957   1.002   0.995     0.954
1908    1.002   0.998   0.996   1.057   1.029   1.061   0.785   0.777   0.821   0.947   1.038   1.012     0.960
1910    1.001   0.998   1.064   1.071   0.984   0.778   0.588   0.536   0.553   0.523   0.564   0.604     0.772
1904    0.629   0.628   0.627   0.792   1.100   1.026   0.926   0.932   0.926   0.940   1.015   1.003     0.879
1905    0.998   0.997   1.026   1.101   0.995   1.001   0.810   0.908   1.074   1.104   1.099   1.022     1.011
1918    1.001   0.998   1.010   1.099   1.048   1.011   0.865   0.740   0.841   0.837   0.856   0.860     0.931
1917    0.859   0.858   0.915   1.015   1.040   0.912   0.715   0.565   0.568   0.581   0.671   0.670     0.781
1903    0.670   0.669   0.668   0.792   1.078   0.890   0.895   0.855   0.992   1.088   1.017   0.996     0.884
1902    0.994   0.992   0.992   1.101   1.081   1.034   0.870   0.787   0.744   0.747   0.793   0.802     0.911
1907    0.802   0.801   0.800   0.817   1.098   1.067   0.970   0.852   1.063   1.044   1.007   1.002     0.944
1919    0.997   0.996   0.995   1.071   0.910   0.698   0.663   0.725   0.900   1.025   1.006   0.998     0.915
1906    0.997   0.996   0.994   1.058   0.998   0.987   0.895   0.756   0.688   0.866   0.925   0.925     0.924
1912    0.925   0.924   0.923   1.062   1.031   0.960   1.023   1.015   1.066   1.014   1.016   0.998     0.996
1909    0.996   0.995   0.994   1.012   1.070   1.021   0.921   0.902   0.790   0.822   0.836   0.835     0.933
1905    0.834   0.834   0.859   1.063   1.047   1.004   0.812   0.912   1.074   1.104   1.099   1.022     0.972
1913    1.001   0.998   0.997   1.060   1.003   0.860   1.011   0.938   1.014   1.101   1.046   1.008     1.003
1918    0.998   0.998   1.009   1.099   1.048   1.011   0.865   0.739   0.839   0.835   0.854   0.857     0.929
1917    0.857   0.856   0.913   1.013   1.040   0.912   0.715   0.565   0.567   0.580   0.670   0.669     0.780
1901    0.669   0.668   0.677   0.993   1.001   0.970   1.012   0.898   1.042   1.020   0.984   0.982     0.910
1902    0.981   0.980   0.979   1.100   1.081   1.034   0.869   0.784   0.741   0.744   0.789   0.799     0.907
1903    0.798   0.797   0.796   0.890   1.081   0.890   0.895   0.855   0.992   1.088   1.017   0.995     0.925
1904    0.994   0.994   0.993   1.068   1.102   1.027   0.929   0.935   0.930   0.944   1.015   1.003     0.994
1905    0.998   0.997   1.026   1.101   0.995   1.002   0.813   0.911   1.074   1.104   1.099   1.022     1.012
1906    1.001   0.998   0.996   1.049   0.965   0.972   0.888   0.749   0.681   0.858   0.916   0.917     0.916
1907    0.916   0.915   0.914   0.931   1.111   1.062   0.971   0.853   1.063   1.044   1.007   1.002     0.982
1908    1.006   0.998   0.996   1.057   1.009   1.059   0.791   0.787   0.834   0.959   1.043   1.012     0.963
1909    1.002   0.998   0.997   1.015   1.076   1.023   0.922   0.904   0.793   0.825   0.840   0.838     0.936
1910    0.838   0.836   0.971   1.102   1.003   0.787   0.602   0.553   0.572   0.542   0.583   0.623     0.751
 48.670    7.080
1901    0.127   0.134   0.378   0.768   0.876   0.972   0.945   0.966   1.034   1.047   1.048   1.051     0.779
1902    1.046   1.045   1.046   1.015   1.034   0.940   0.956   0.984   1.024   1.038   1.040   1.037     1.017
1903    1.050   1.047   1.042   1.042   1.003   0.951   0.955   1.023   0.992   1.038   1.043   1.028     1.018
1904    1.013   1.048   1.048   1.032   1.004   0.954   0.758   0.688   0.845   1.019   1.046   1.048     0.959
1905    1.026   1.042   1.044   1.026   0.990   0.976   0.891   0.862   0.961   1.043   1.048   1.049     0.997
1906    1.050   1.038   1.043   1.027   1.008   0.989   0.959   0.921   0.880   0.900   1.025   1.037     0.990
1907    1.045   1.021   1.046   1.039   0.986   0.953   0.980   0.932   0.861   0.988   1.024   1.046     0.993
1908    1.036   1.044   1.049   1.045   1.031   0.920   0.928   1.014   1.033   0.969   1.001   1.048     1.010
1909    1.043   1.043   1.048   1.031   0.986   1.008   0.999   0.981   0.955   1.047   1.047   1.049     1.020
1910    1.051   1.048   1.034   1.036   1.001   0.995   1.000   1.006   0.974   0.998   1.044   1.049     1.020
1911    1.029   1.047   1.040   1.012   0.990   0.944   0.779   0.626   0.569   0.772   0.971   1.043     0.902
1912    1.050   1.048   1.042   1.021   0.985   0.980   0.929   1.019   1.036   1.045   1.049   1.049     1.021
1913    1.050   1.045   1.042   1.033   0.993   0.927   0.957   0.954   0.949   1.028   1.042   1.044     1.005
1914    1.030   1.050   1.046   1.000   1.028   1.015   0.992   0.969   1.022   1.040   1.048   1.050     1.024
1915    1.050   1.047   1.043   1.042   0.994   0.849   0.742   0.881   0.958   1.019   1.042   1.048     0.976
1916    1.047   1.044   1.040   1.031   1.007   1.010   0.943   1.011   1.022   1.043   1.045   1.047     1.024
1917    1.039   1.007   1.050   1.040   0.969   0.961   0.800   0.958   0.965   1.038   1.045   1.029     0.992
1918    1.041   1.042   1.044   1.037   0.963   0.919   0.911   0.812   0.959   1.045   1.048   1.046     0.989
1919    1.048   1.050   1.048   1.044   0.946   0.775   0.859   0.922   0.866   0.928   1.043   1.051     0.965
1920    1.047   1.038   1.043   1.041   0.978   0.870   0.890   0.931   0.992   1.034   1.039   1.045     0.996
1909    1.044   1.043   1.047   1.031   0.983   1.004   0.997   0.980   0.951   1.047   1.047   1.049     1.018
1902    1.046   1.044   1.044   1.008   1.029   0.924   0.908   0.908   0.982   1.034   1.038   1.037     1.000
1916    1.048   1.044   1.040   1.030   1.005   1.009   0.943   1.011   1.022   1.043   1.045   1.047     1.024
1912    1.049   1.048   1.042   1.019   0.982   0.977   0.924   1.018   1.036   1.045   1.049   1.049     1.020
1919    1.048   1.050   1.048   1.045   0.946   0.775   0.860   0.923   0.868   0.932   1.044   1.051     0.966
1907    1.048   1.018   1.046   1.038   0.983   0.942   0.968   0.927   0.850   0.985   1.023   1.046     0.989
1914    1.029   1.050   1.046   1.000   1.027   1.015   0.991   0.968   1.022   1.040   1.048   1.050     1.024
1901    1.027   1.002   1.039   1.037   0.981   0.961   0.853   0.794   0.984   1.043   1.047   1.050     0.985
1915    1.050   1.047   1.043   1.041   0.993   0.848   0.739   0.877   0.953   1.017   1.042   1.048     0.975
1913    1.050   1.045   1.044   1.036   0.993   0.924   0.951   0.952   0.942   1.022   1.041   1.044     1.004
1906    1.050   1.037   1.043   1.026   1.004   0.984   0.944   0.894   0.843   0.857   1.011   1.037     0.978
1911    1.035   1.047   1.040   1.011   0.988   0.939   0.769   0.614   0.555   0.756   0.962   1.043     0.897
1920    1.046   1.038   1.043   1.040   0.977   0.867   0.886   0.927   0.991   1.035   1.040   1.045     0.995
1908    1.032   1.043   1.049   1.045   1.030   0.914   0.911   1.009   1.033   0.968   1.000   1.048     1.007
1910    1.049   1.048   1.033   1.036   0.999   0.992   0.997   1.006   0.970   0.995   1.043   1.049     1.018
1904    1.036   1.050   1.046   1.025   0.997   0.941   0.735   0.652   0.797   0.978   1.043   1.047     0.946
1905    1.026   1.042   1.043   1.023   0.983   0.969   0.870   0.822   0.915   1.029   1.048   1.049     0.985
1918    1.034   1.042   1.044   1.036   0.960   0.916   0.909   0.811   0.960   1.045   1.048   1.046     0.988
1917    1.039   1.007   1.050   1.040   0.968   0.960   0.798   0.955   0.965   1.038   1.045   1.028     0.991
1903    1.047   1.044   1.040   1.044   1.003   0.938   0.920   1.015   0.977   1.036   1.042   1.027     1.011
1902    1.048   1.044   1.044   1.014   1.033   0.923   0.903   0.897   0.970   1.031   1.038   1.037     0.998
1907    1.042   1.021   1.046   1.038   0.982   0.940   0.965   0.926   0.848   0.984   1.022   1.046     0.988
1919    1.048   1.050   1.048   1.045   0.947   0.774   0.857   0.920   0.862   0.923   1.043   1.051     0.964
1906    1.050   1.037   1.043   1.026   1.004   0.984   0.945   0.896   0.846   0.860   1.012   1.037     0.978
1912    1.051   1.048   1.042   1.023   0.984   0.976   0.921   1.016   1.036   1.045   1.049   1.049     1.020
1909    1.044   1.043   1.047   1.031   0.982   1.004   0.997   0.979   0.950   1.047   1.047   1.049     1.018
1905    1.026   1.042   1.043   1.023   0.983   0.969   0.869   0.821   0.913   1.028   1.048   1.049     0.984
1913    1.050   1.045   1.042   1.032   0.992   0.924   0.952   0.953   0.946   1.026   1.042   1.044     1.004
1918    1.038   1.042   1.044   1.036   0.959   0.915   0.907   0.808   0.958   1.045   1.048   1.046     0.987
1917    1.039   1.007   1.050   1.040   0.968   0.960   0.797   0.954   0.964   1.038   1.045   1.028     0.991
1901    1.003   1.000   1.039   1.037   0.980   0.960   0.849   0.789   0.981   1.043   1.047   1.050     0.982
1902    1.046   1.044   1.044   1.008   1.029   0.923   0.905   0.903   0.977   1.033   1.038   1.037     0.999
1903    1.050   1.046   1.040   1.042   0.998   0.931   0.918   1.017   0.982   1.037   1.043   1.028     1.011
1904    1.013   1.047   1.048   1.028   0.998   0.941   0.734   0.652   0.796   0.977   1.043   1.047     0.944
1905    1.026   1.042   1.043   1.023   0.983   0.969   0.869   0.822   0.914   1.028   1.048   1.049     0.985
1906    1.050   1.037   1.043   1.026   1.004   0.984   0.945   0.895   0.845   0.858   1.011   1.037     0.978
1907    1.045   1.021   1.046   1.038   0.982   0.939   0.964   0.925   0.847   0.984   1.022   1.046     0.988
1908    1.035   1.044   1.049   1.045   1.030   0.913   0.909   1.008   1.032   0.967   0.999   1.048     1.007
1909    1.043   1.043   1.048   1.030   0.982   1.003   0.997   0.979   0.949   1.047   1.047   1.049     1.018
1910    1.050   1.048   1.033   1.036   0.999   0.992   0.997   1.006   0.970   0.995   1.043   1.049     1.018
 41.750   12.370
1901    0.168   0.523   0.902   0.951   0.980   0.883   0.632   0.460   0.937   1.015   1.043   1.045     0.795
1902    1.033   1.041   1.024   0.991   1.009   0.849   0.592   0.343   0.279   0.709   1.039   1.034     0.829
1903    1.034   1.025   1.022   0.999   0.946   0.779   0.805   0.549   0.434   0.613   0.942   1.041     0.849
1904    1.034   1.014   1.025   0.998   0.843   0.636   0.607   0.461   0.463   0.747   0.986   1.043     0.821
1905    1.045   1.038   1.010   0.964   0.971   0.895   0.624   0.484   0.516   0.585   1.010   1.019     0.847
1906    1.032   1.031   1.021   0.988   0.967   0.888   0.600   0.393   0.448   0.683   0.984   1.041     0.840
1907    1.036   1.037   1.020   1.000   0.939   0.729   0.535   0.342   0.280   0.928   1.039   1.040     0.827
1908    1.040   1.003   1.011   1.010   0.865   0.592   0.406   0.405   0.330   0.692   1.006   1.038     0.783
1909    1.039   1.043   1.026   0.990   0.965   0.846   0.926   0.767   0.979   1.018   1.040   1.034     0.973
1910    1.012   1.036   1.018   0.994   1.005   0.937   0.781   0.599   0.520   0.859   1.039   1.044     0.904
1911    1.018   1.006   1.026   0.974   0.966   0.940   0.767   0.582   0.806   1.025   1.024   1.034     0.931
1912    1.022   1.020   1.005   1.001   0.853   0.745   0.639   0.476   0.463   0.748   1.019   1.037     0.836
1913    1.030   1.024   1.016   1.008   1.009   0.926   0.746   0.585   0.613   0.657   0.802   1.004     0.868
1914    1.033   1.026   1.019   0.928   0.933   0.915   0.707   0.716   0.611   0.700   1.031   1.039     0.888
1915    1.038   1.038   1.032   0.984   0.983   0.925   0.813   0.672   0.679   1.035   1.030   1.033     0.939
1916    1.009   1.013   1.023   1.033   0.971   0.782   0.602   0.508   0.777   0.985   1.023   1.035     0.897
1917    1.038   1.032   1.020   0.989   0.969   0.805   0.633   0.471   0.414   0.506   1.029   1.040     0.829
1918    1.014   1.001   1.018   1.004   1.013   0.944   0.746   0.659   0.540   0.796   1.030   1.039     0.900
1919    1.020   1.024   1.016   1.007   0.980   0.880   0.679   0.543   0.533   0.742   1.025   1.040     0.874
1920    1.027   1.017   0.990   0.990   0.877   0.770   0.683   0.593   0.528   0.531   0.734   0.966     0.809
1909    1.037   1.041   1.026   0.992   0.978   0.877   0.938   0.811   0.956   0.972   1.027   1.027     0.974
1902    1.030   1.037   1.025   1.005   1.019   0.904   0.732   0.565   0.508   0.829   1.034   1.026     0.893
1916    1.009   1.014   1.025   1.033   0.980   0.810   0.642   0.541   0.794   0.979   1.022   1.035     0.907
1912    1.029   1.022   1.015   1.011   0.908   0.820   0.739   0.597   0.581   0.795   1.005   1.036     0.880
1919    1.024   1.024   1.017   1.008   0.985   0.885   0.684   0.548   0.529   0.719   1.016   1.040     0.873
1907    1.033   1.035   1.022   1.010   0.970   0.838   0.716   0.561   0.502   0.995   1.034   1.035     0.896
1914    1.035   1.027   1.021   0.955   0.956   0.925   0.739   0.762   0.656   0.747   1.035   1.039     0.908
1901    1.036   1.031   1.007   0.915   0.968   0.892   0.675   0.530   0.966   0.977   1.035   1.043     0.923
1915    1.038   1.038   1.033   0.993   0.987   0.932   0.827   0.688   0.689   1.031   1.028   1.033     0.943
1913    1.033   1.025   1.021   1.022   1.012   0.935   0.776   0.624   0.614   0.561   0.667   0.933     0.852
1906    1.028   1.026   1.023   1.005   0.986   0.936   0.739   0.601   0.615   0.735   0.971   1.036     0.892
1911    1.014   1.005   1.029   0.997   0.998   0.954   0.809   0.654   0.808   1.003   0.993   1.031     0.941
1920    1.019   1.019   0.998   0.996   0.884   0.780   0.694   0.582   0.436   0.447   0.658   0.926     0.787
1908    1.038   1.005   1.018   1.021   0.909   0.731   0.613   0.536   0.355   0.622   0.938   1.035     0.818
1910    0.997   1.036   1.023   1.008   1.011   0.947   0.803   0.538   0.381   0.609   0.953   1.043     0.862
1904    1.037   1.017   1.030   1.015   0.918   0.806   0.819   0.554   0.453   0.634   0.819   1.000     0.842
1905    1.045   1.036   1.016   0.984   0.991   0.935   0.659   0.472   0.426   0.450   0.963   1.014     0.833
1918    1.018   1.021   1.026   1.013   1.020   0.924   0.608   0.428   0.269   0.531   1.029   1.041     0.827
1917    1.041   1.036   1.025   0.994   0.978   0.752   0.459   0.228   0.127   0.184   0.835   1.042     0.725
1903    1.031   1.026   1.028   1.011   0.963   0.786   0.785   0.482   0.312   0.446   0.759   1.040     0.806
1902    1.026   1.039   1.027   1.007   1.009   0.824   0.534   0.258   0.152   0.553   1.030   1.032     0.791
1907    1.036   1.038   1.032   1.007   0.937   0.712   0.498   0.261   0.166   0.810   1.038   1.040     0.798
1919    1.035   1.029   1.026   0.999   0.935   0.756   0.447   0.244   0.224   0.507   0.941   1.043     0.765
1906    1.033   1.032   1.025   0.987   0.965   0.881   0.579   0.345   0.363   0.592   0.951   1.041     0.816
1912    1.033   1.034   1.012   1.001   0.840   0.669   0.484   0.265   0.265   0.549   0.875   1.039     0.755
1909    1.040   1.043   1.023   0.969   0.930   0.743   0.850   0.649   0.911   1.005   1.039   1.034     0.936
1905    1.045   1.037   1.008   0.960   0.968   0.887   0.601   0.449   0.474   0.539   1.000   1.019     0.832
1913    1.030   1.035   1.020   1.010   0.995   0.868   0.611   0.437   0.461   0.503   0.683   0.976     0.802
1918    1.023   1.014   1.019   1.000   0.997   0.882   0.581   0.476   0.375   0.690   1.036   1.041     0.844
1917    1.040   1.032   1.018   0.977   0.926   0.685   0.439   0.289   0.240   0.324   0.971   1.042     0.749
1901    1.038   1.034   1.013   0.934   0.970   0.865   0.616   0.453   0.931   1.001   1.041   1.044     0.912
1902    1.027   1.037   1.023   0.997   1.013   0.877   0.663   0.467   0.391   0.778   1.038   1.029     0.862
1903    1.030   1.018   1.019   0.998   0.944   0.805   0.854   0.658   0.548   0.709   1.006   1.038     0.885
1904    1.027   1.008   1.021   0.990   0.836   0.688   0.746   0.627   0.610   0.880   1.032   1.041     0.876
1905    1.044   1.031   1.002   0.950   0.983   0.934   0.756   0.676   0.699   0.754   1.030   1.008     0.906
1906    1.024   1.024   1.019   0.992   0.981   0.932   0.725   0.579   0.619   0.796   0.987   1.036     0.893
1907    1.032   1.034   1.018   1.009   0.965   0.829   0.702   0.540   0.477   0.989   1.034   1.035     0.889
1908    1.038   0.999   1.009   1.017   0.904   0.717   0.589   0.576   0.484   0.808   1.012   1.034     0.849
1909    1.037   1.041   1.022   0.980   0.971   0.867   0.935   0.800   0.985   0.992   1.027   1.027     0.973
1910    1.003   1.030   1.010   0.991   1.009   0.944   0.808   0.648   0.583   0.842   1.028   1.042     0.911
 64.120   19.450
1901    0.978   1.006   1.052   1.079   1.032   0.973   0.724   0.620   0.603   0.895   1.015   0.998     0.915
1902    1.011   1.011   1.048   1.098   1.185   0.990   1.019   1.173   1.169   1.174   1.079   1.030     1.082
1903    1.035   1.063   1.102   1.120   1.102   0.965   1.060   1.045   1.155   1.157   1.050   1.087     1.078
1904    1.098   1.063   1.015   1.085   1.140   1.067   0.931   1.089   1.153   1.133   1.088   1.010     1.073
1905    1.009   1.061   1.102   1.148   1.121   0.864   0.863   1.016   1.131   1.171   1.163   1.112     1.063
1906    1.170   1.085   1.081   1.164   1.162   0.919   0.751   0.766   0.923   1.031   1.022   1.122     1.016
1907    1.057   1.126   1.070   1.052   1.060   1.068   1.007   1.092   1.172   1.175   1.087   1.026     1.083
1908    1.018   1.005   1.090   1.166   1.035   1.049   0.906   0.795   0.954   1.041   1.018   1.027     1.009
1909    1.058   1.147   1.065   1.103   1.014   0.851   0.670   0.945   1.139   1.166   1.059   1.140     1.030
1910    1.038   1.086   1.172   1.180   1.086   0.944   0.858   0.751   0.766   0.900   1.047   1.137     0.997
1911    1.147   1.063   1.135   1.042   1.047   0.840   0.767   0.867   0.998   1.165   1.107   1.134     1.026
1912    1.037   1.015   1.132   1.165   1.160   1.041   0.795   0.711   1.021   1.156   1.135   1.123     1.041
1913    1.106   1.018   1.162   1.141   1.053   0.858   0.940   0.917   0.984   1.008   1.136   1.075     1.033
1914    1.032   1.000   1.052   1.179   1.177   1.054   0.731   0.634   0.762   0.915   1.033   1.119     0.974
1915    1.027   1.009   1.009   1.108   1.190   1.022   0.956   0.952   1.134   1.085   1.024   1.000     1.043
1916    0.998   1.011   1.010   1.181   1.190   1.004   0.829   0.730   0.877   1.084   1.156   1.076     1.012
1917    1.009   1.002   1.013   1.079   1.146   0.926   0.702   0.516   0.929   1.169   1.136   1.044     0.973
1918    1.011   1.026   1.063   1.137   0.985   0.919   0.752   0.742   0.975   1.171   1.141   1.148     1.006
1919    1.116   1.070   1.137   1.108   1.047   0.977   0.926   0.901   1.181   1.148   1.090   1.045     1.062
1920    1.018   1.140   1.148   1.183   1.090   0.879   0.858   1.003   1.066   1.016   1.038   1.037     1.040
1909    1.057   1.131   1.059   1.103   1.013   0.848   0.664   0.937   1.139   1.166   1.059   1.140     1.026
1902    1.041   1.012   1.044   1.091   1.164   0.938   0.956   1.170   1.167   1.173   1.074   1.029     1.072
1916    1.017   1.023   1.011   1.181   1.174   0.997   0.830   0.735   0.885   1.093   1.156   1.076     1.015
1912    1.007   1.012   1.131   1.165   1.178   1.071   0.812   0.729   1.037   1.166   1.136   1.123     1.047
1919    1.177   1.070   1.163   1.148   1.080   0.986   0.931   0.909   1.181   1.149   1.091   1.045     1.078
1907    1.045   1.125   1.118   1.070   1.059   1.051   0.996   1.085   1.172   1.174   1.086   1.026     1.084
1914    1.032   1.001   1.053   1.176   1.171   1.060   0.741   0.649   0.782   0.937   1.045   1.121     0.981
1901    1.089   1.057   1.064   1.100   1.028   0.908   0.560   0.394   0.357   0.604   0.761   0.760     0.807
1915    0.782   0.829   0.860   1.024   1.189   1.025   0.963   0.961   1.135   1.086   1.024   1.000     0.990
1913    0.998   1.004   1.162   1.150   1.084   0.870   0.945   0.929   0.990   1.011   1.137   1.075     1.030
1906    1.119   1.086   1.081   1.178   1.161   0.907   0.724   0.720   0.861   0.992   1.019   1.122     0.997
1911    1.110   1.048   1.113   1.038   1.041   0.838   0.769   0.873   1.006   1.167   1.107   1.134     1.020
1920    1.053   1.144   1.144   1.174   1.084   0.878   0.859   1.004   1.066   1.016   1.038   1.037     1.041
1908    1.038   1.006   1.090   1.165   1.038   1.046   0.902   0.782   0.939   1.038   1.017   1.027     1.007
1910    1.037   1.086   1.170   1.171   1.084   0.944   0.857   0.750   0.764   0.897   1.046   1.137     0.995
1904    1.155   1.117   1.020   1.100   1.136   1.030   0.887   1.038   1.144   1.130   1.079   1.009     1.070
1905    1.008   1.060   1.101   1.146   1.114   0.846   0.818   0.958   1.107   1.160   1.162   1.112     1.049
1918    1.093   1.033   1.065   1.019   0.949   0.937   0.773   0.764   0.991   1.171   1.141   1.148     1.007
1917    1.044   1.004   1.013   1.075   1.067   0.902   0.698   0.516   0.931   1.170   1.136   1.044     0.967
1903    1.021   1.103   1.165   1.107   1.084   0.942   1.041   1.004   1.121   1.151   1.049   1.086     1.073
1902    1.092   1.017   1.044   1.091   1.154   0.942   0.963   1.171   1.168   1.173   1.074   1.029     1.076
1907    1.047   1.111   1.056   1.049   1.056   1.053   0.998   1.087   1.172   1.174   1.086   1.026     1.076
1919    1.062   1.043   1.096   1.091   1.047   0.981   0.934   0.916   1.182   1.149   1.092   1.046     1.053
1906    1.120   1.086   1.081   1.182   1.163   0.911   0.733   0.733   0.879   1.003   1.020   1.122     1.003
1912    1.013   1.013   1.131   1.165   1.160   1.046   0.808   0.732   1.044   1.167   1.136   1.123     1.045
1909    1.138   1.147   1.067   1.147   1.137   0.881   0.695   0.962   1.140   1.166   1.060   1.140     1.057
1905    1.034   1.063   1.101   1.146   1.117   0.852   0.828   0.973   1.115   1.164   1.162   1.112     1.056
1913    1.093   1.017   1.155   1.120   1.036   0.863   0.946   0.934   0.992   1.013   1.138   1.075     1.032
1918    1.007   1.022   1.063   1.115   0.965   0.920   0.760   0.755   0.986   1.172   1.142   1.148     1.005
1917    1.044   1.004   1.013   1.075   1.064   0.902   0.701   0.520   0.936   1.172   1.136   1.044     0.968
1901    1.086   1.057   1.064   1.100   1.029   0.911   0.567   0.405   0.369   0.616   0.774   0.773     0.813
1902    0.802   0.838   0.945   1.075   1.183   0.973   0.978   1.171   1.168   1.173   1.075   1.029     1.034
1903    1.034   1.059   1.094   1.099   1.082   0.944   1.044   1.009   1.131   1.153   1.049   1.086     1.065
1904    1.096   1.061   1.014   1.081   1.133   1.040   0.900   1.051   1.147   1.131   1.081   1.009     1.062
1905    1.009   1.060   1.101   1.147   1.117   0.855   0.837   0.986   1.124   1.168   1.162   1.112     1.057
1906    1.169   1.084   1.081   1.162   1.158   0.914   0.739   0.741   0.888   1.009   1.020   1.122     1.007
1907    1.056   1.125   1.070   1.051   1.056   1.056   1.000   1.090   1.172   1.174   1.086   1.026     1.080
1908    1.018   1.005   1.090   1.165   1.034   1.046   0.907   0.796   0.953   1.041   1.018   1.027     1.008
1909    1.058   1.147   1.065   1.103   1.014   0.856   0.681   0.954   1.141   1.166   1.060   1.140     1.032
1910    1.038   1.086   1.172   1.180   1.089   0.952   0.876   0.779   0.797   0.934   1.058   1.139     1.008
 44.080    0.080
1901    0.356   0.572   0.745   1.003   0.998   0.907   0.952   0.820   0.949   1.028   1.048   1.051     0.869
1902    1.046   1.039   1.042   1.008   1.013   0.972   0.914   0.768   0.810   0.975   1.045   1.047     0.973
1903    1.047   1.035   1.025   1.035   0.997   0.911   0.917   0.824   0.858   0.951   1.046   1.048     0.974
1904    1.047   1.047   1.038   1.017   0.959   0.893   0.756   0.563   0.526   0.546   0.660   0.902     0.830
1905    1.045   1.044   1.042   0.992   0.975   0.951   0.740   0.752   0.970   1.000   1.049   1.046     0.967
1906    1.045   1.048   1.033   1.039   1.001   0.769   0.575   0.432   0.369   0.534   0.874   1.049     0.814
1907    1.050   1.047   1.028   1.036   1.030   0.914   0.854   0.704   0.561   0.845   1.040   1.047     0.930
1908    1.049   1.042   1.042   1.035   0.975   0.983   0.889   0.756   0.841   0.942   1.015   1.047     0.968
1909    1.040   1.048   1.040   1.002   0.907   0.995   0.874   0.777   0.826   0.882   0.975   1.047     0.951
1910    1.045   1.042   1.038   1.022   1.030   0.992   0.808   0.791   0.757   0.873   1.023   1.041     0.955
1911    1.044   1.034   1.037   1.020   0.992   0.999   0.805   0.534   0.468   0.710   1.030   1.047     0.893
1912    1.048   1.024   1.037   0.993   0.954   0.969   0.923   0.941   0.966   1.033   1.048   1.047     0.998
1913    1.047   1.039   1.039   1.041   0.998   0.922   0.879   0.771   0.762   0.890   1.028   1.047     0.955
1914    1.031   1.039   1.038   0.995   0.911   0.947   0.791   0.681   0.635   0.719   0.938   1.042     0.897
1915    1.047   1.050   1.040   0.987   1.020   0.950   0.803   0.596   0.647   1.007   1.044   1.049     0.937
1916    1.025   1.039   1.040   1.015   0.961   0.942   0.770   0.641   0.713   0.835   1.019   1.045     0.920
1917    1.050   1.046   1.044   1.021   0.980   0.992   0.811   0.707   0.706   0.890   1.044   1.047     0.945
1918    1.044   1.040   1.041   1.035   1.019   0.897   0.665   0.483   0.581   0.717   0.963   1.049     0.878
1919    1.050   1.046   1.047   1.012   1.010   0.892   0.761   0.621   0.596   0.895   1.050   1.048     0.919
1920    1.048   1.017   1.033   1.030   1.012   0.980   0.859   0.733   0.799   0.921   1.045   1.036     0.959
1909    1.040   1.048   1.040   1.000   0.900   0.991   0.868   0.763   0.804   0.855   0.946   1.045     0.942
1902    1.046   1.036   1.039   1.001   1.005   0.943   0.893   0.715   0.738   0.887   1.023   1.047     0.948
1916    1.024   1.039   1.040   1.015   0.960   0.939   0.764   0.624   0.688   0.809   1.013   1.044     0.913
1912    1.046   1.021   1.034   0.986   0.946   0.968   0.924   0.961   0.985   1.037   1.048   1.047     1.000
1919    1.050   1.046   1.047   1.011   1.009   0.890   0.760   0.623   0.609   0.901   1.050   1.048     0.920
1907    1.050   1.047   1.028   1.035   1.028   0.908   0.832   0.673   0.526   0.823   1.039   1.047     0.920
1914    1.040   1.040   1.040   0.995   0.910   0.944   0.785   0.667   0.604   0.689   0.908   1.042     0.889
1901    1.047   1.048   1.034   1.013   0.972   0.807   0.760   0.570   0.649   0.837   0.991   1.051     0.898
1915    1.047   1.050   1.042   0.990   1.019   0.947   0.795   0.582   0.613   0.989   1.044   1.049     0.931
1913    1.047   1.039   1.039   1.041   0.997   0.919   0.871   0.757   0.736   0.863   1.021   1.047     0.948
1906    1.043   1.048   1.032   1.038   0.997   0.756   0.552   0.401   0.334   0.493   0.847   1.048     0.799
1911    1.044   1.033   1.036   1.019   0.989   0.997   0.801   0.527   0.459   0.699   1.026   1.047     0.890
1920    1.048   1.017   1.034   1.030   1.012   0.979   0.856   0.729   0.793   0.916   1.045   1.036     0.958
1908    1.049   1.041   1.040   1.034   0.972   0.975   0.881   0.744   0.832   0.927   1.005   1.047     0.962
1910    1.045   1.039   1.036   1.020   1.029   0.991   0.806   0.800   0.786   0.901   1.028   1.040     0.960
1904    1.047   1.047   1.030   1.013   0.942   0.862   0.711   0.526   0.513   0.531   0.640   0.877     0.812
1905    1.037   1.044   1.041   0.989   0.965   0.933   0.714   0.706   0.912   0.968   1.049   1.045     0.950
1918    1.044   1.040   1.037   1.034   1.018   0.898   0.668   0.491   0.615   0.755   0.994   1.049     0.887
1917    1.050   1.046   1.044   1.021   0.979   0.992   0.808   0.702   0.700   0.885   1.044   1.047     0.943
1903    1.047   1.031   1.018   1.033   0.991   0.890   0.862   0.747   0.760   0.837   1.024   1.047     0.941
1902    1.046   1.036   1.040   1.001   1.005   0.941   0.889   0.707   0.714   0.858   1.013   1.047     0.942
1907    1.050   1.047   1.027   1.035   1.028   0.906   0.827   0.665   0.518   0.817   1.039   1.047     0.917
1919    1.050   1.046   1.047   1.011   1.008   0.888   0.754   0.610   0.579   0.880   1.050   1.048     0.914
1906    1.046   1.048   1.032   1.038   0.997   0.756   0.550   0.400   0.332   0.491   0.845   1.048     0.799
1912    1.047   1.023   1.034   0.987   0.947   0.967   0.923   0.947   0.979   1.035   1.048   1.047     0.999
1909    1.040   1.048   1.040   1.000   0.899   0.990   0.867   0.761   0.802   0.853   0.944   1.045     0.941
1905    1.049   1.044   1.041   0.989   0.964   0.930   0.710   0.700   0.905   0.960   1.049   1.045     0.949
1913    1.047   1.038   1.038   1.040   0.997   0.920   0.873   0.765   0.758   0.885   1.027   1.047     0.953
1918    1.042   1.039   1.037   1.034   1.018   0.898   0.668   0.495   0.622   0.762   0.997   1.049     0.888
1917    1.050   1.046   1.044   1.021   0.980   0.992   0.808   0.702   0.700   0.885   1.044   1.047     0.943
1901    1.047   1.048   1.034   1.013   0.971   0.804   0.754   0.563   0.641   0.827   0.982   1.051     0.895
1902    1.045   1.036   1.040   1.001   1.005   0.942   0.891   0.710   0.721   0.867   1.017   1.047     0.943
1903    1.047   1.030   1.018   1.033   0.991   0.889   0.861   0.745   0.757   0.834   1.022   1.047     0.940
1904    1.047   1.047   1.036   1.014   0.942   0.857   0.696   0.494   0.452   0.469   0.579   0.815     0.787
1905    1.012   1.044   1.041   0.989   0.964   0.931   0.711   0.701   0.905   0.960   1.049   1.045     0.946
1906    1.045   1.048   1.032   1.038   0.997   0.756   0.550   0.400   0.332   0.491   0.845   1.048     0.798
1907    1.050   1.047   1.028   1.035   1.028   0.908   0.832   0.673   0.525   0.822   1.039   1.047     0.919
1908    1.049   1.042   1.041   1.034   0.972   0.974   0.879   0.737   0.812   0.904   0.999   1.047     0.957
1909    1.040   1.048   1.040   1.000   0.899   0.990   0.866   0.760   0.800   0.850   0.940   1.044     0.940
1910    1.044   1.041   1.038   1.021   1.029   0.990   0.801   0.775   0.736   0.845   1.016   1.040     0.948
 61.850   24.280
1901    0.393   0.414   0.570   0.780   0.833   0.791   0.767   0.744   0.785   0.939   1.081   1.013     0.759
1902    1.003   1.012   1.027   1.078   1.085   1.071   1.062   1.077   1.080   1.066   1.076   1.037     1.056
1903    1.030   1.080   1.080   1.079   1.042   0.927   0.979   1.069   1.044   1.091   1.092   1.086     1.050
1904    1.035   1.075   1.027   1.064   1.074   0.996   1.036   1.042   0.972   1.051   1.065   1.072     1.043
1905    1.080   1.081   1.061   1.092   0.994   0.992   0.931   1.034   1.044   1.090   1.089   1.080     1.047
1906    1.075   1.084   1.060   1.070   0.983   0.867   0.694   0.756   0.814   0.919   1.049   1.083     0.955
1907    1.058   1.065   1.047   1.086   1.061   1.004   0.902   0.973   1.077   1.076   1.056   1.011     1.035
1908    1.014   1.063   1.068   1.050   0.998   0.906   0.758   0.717   0.760   0.866   0.951   1.021     0.931
1909    1.079   1.034   1.042   1.073   1.066   0.968   0.790   0.855   0.918   1.036   1.051   1.054     0.997
1910    1.076   1.072   1.075   1.047   0.984   0.823   0.919   0.910   0.927   1.020   1.050   1.082     0.999
1911    1.079   1.030   1.037   1.062   1.003   0.908   0.783   0.783   0.976   1.083   1.090   1.085     0.993
1912    1.017   0.999   1.057   1.062   1.023   1.008   0.812   0.737   1.048   1.081   1.090   1.065     1.000
1913    1.058   1.017   1.056   1.073   1.039   0.947   0.815   0.766   0.776   0.849   1.059   1.078     0.961
1914    1.014   1.036   1.083   1.057   1.014   0.931   0.660   0.587   0.716   0.789   0.907   1.037     0.902
1915    1.071   1.053   1.050   1.070   1.059   1.019   0.965   0.908   1.039   1.077   1.062   1.023     1.033
1916    1.013   1.080   1.056   1.053   1.049   1.002   0.854   0.771   0.849   1.028   1.091   1.078     0.994
1917    1.017   0.999   0.997   1.044   1.004   0.884   0.650   0.556   0.808   1.036   1.091   1.072     0.930
1918    1.033   1.046   1.080   1.018   0.954   0.943   0.836   0.785   1.008   1.079   1.078   1.087     0.996
1919    1.084   1.037   1.004   1.056   0.971   0.979   0.853   0.886   1.017   1.077   1.066   1.069     1.008
1920    1.068   1.063   1.082   1.084   1.037   0.855   0.760   0.739   0.798   0.822   0.908   0.994     0.934
1909    1.029   1.017   1.039   1.072   1.065   0.962   0.780   0.838   0.893   1.021   1.050   1.054     0.985
1902    1.023   1.012   1.025   1.072   1.082   1.031   1.043   1.060   1.079   1.063   1.075   1.036     1.050
1916    1.026   1.076   1.056   1.053   1.049   1.002   0.855   0.771   0.850   1.028   1.091   1.078     0.995
1912    1.011   0.999   1.057   1.062   1.015   1.005   0.811   0.738   1.049   1.081   1.090   1.065     0.999
1919    1.084   1.037   1.004   1.055   0.970   0.977   0.851   0.883   1.016   1.077   1.066   1.069     1.007
1907    1.056   1.064   1.047   1.083   1.060   0.990   0.874   0.940   1.074   1.075   1.054   1.010     1.027
1914    1.001   1.035   1.083   1.052   1.009   0.932   0.665   0.594   0.726   0.801   0.920   1.043     0.905
1901    1.075   1.009   1.054   1.082   0.992   0.852   0.695   0.576   0.570   0.683   0.922   0.960     0.872
1915    1.045   1.054   1.050   1.073   1.057   1.020   0.967   0.912   1.042   1.077   1.062   1.023     1.032
1913    1.064   1.022   1.056   1.070   1.017   0.935   0.809   0.764   0.777   0.852   1.060   1.078     0.959
1906    1.083   1.084   1.059   1.069   0.977   0.843   0.657   0.702   0.750   0.848   1.010   1.083     0.930
1911    1.079   1.030   1.037   1.062   0.998   0.898   0.774   0.774   0.967   1.083   1.090   1.084     0.990
1920    1.070   1.063   1.080   1.081   1.038   0.856   0.761   0.740   0.798   0.822   0.908   0.994     0.934
1908    1.022   1.065   1.062   1.027   0.995   0.900   0.743   0.692   0.727   0.829   0.913   0.998     0.914
1910    1.081   1.065   1.072   1.045   0.980   0.818   0.906   0.891   0.907   1.014   1.049   1.082     0.993
1904    1.062   1.075   1.026   1.063   1.071   0.980   1.021   1.032   0.959   1.034   1.057   1.071     1.038
1905    1.079   1.081   1.060   1.091   0.987   0.962   0.882   0.985   1.025   1.089   1.088   1.080     1.034
1918    1.038   1.046   1.065   1.003   0.957   0.951   0.841   0.790   1.010   1.079   1.078   1.087     0.995
1917    1.048   1.003   0.998   1.046   1.011   0.889   0.655   0.560   0.811   1.038   1.091   1.072     0.935
1903    1.053   1.087   1.079   1.075   1.026   0.888   0.916   1.052   1.030   1.090   1.092   1.086     1.040
1902    1.043   1.013   1.025   1.072   1.081   1.033   1.045   1.061   1.079   1.063   1.075   1.036     1.052
1907    1.043   1.063   1.047   1.085   1.062   0.992   0.877   0.944   1.075   1.075   1.054   1.010     1.027
1919    1.052   1.035   1.004   1.056   0.970   0.980   0.857   0.891   1.020   1.079   1.066   1.069     1.007
1906    1.085   1.084   1.059   1.067   0.977   0.845   0.661   0.708   0.757   0.856   1.017   1.083     0.933
1912    1.040   1.001   1.059   1.065   1.016   1.007   0.815   0.744   1.054   1.082   1.090   1.065     1.003
1909    1.079   1.034   1.041   1.072   1.064   0.964   0.784   0.845   0.904   1.028   1.051   1.054     0.993
1905    1.080   1.081   1.060   1.079   0.975   0.959   0.883   0.988   1.027   1.089   1.088   1.080     1.032
1913    1.041   1.015   1.056   1.074   1.035   0.946   0.821   0.775   0.788   0.862   1.062   1.078     0.963
1918    1.014   1.044   1.080   1.018   0.958   0.950   0.840   0.789   1.010   1.079   1.078   1.087     0.995
1917    1.048   1.003   0.998   1.046   1.010   0.887   0.653   0.558   0.810   1.037   1.091   1.072     0.934
1901    1.075   1.009   1.054   1.082   0.992   0.854   0.697   0.579   0.573   0.686   0.925   0.963     0.874
1902    0.967   0.993   1.023   1.072   1.082   1.033   1.045   1.062   1.079   1.064   1.075   1.036     1.044
1903    1.028   1.079   1.079   1.076   1.026   0.890   0.921   1.054   1.032   1.090   1.092   1.086     1.038
1904    1.034   1.075   1.026   1.063   1.071   0.981   1.024   1.034   0.961   1.035   1.057   1.071     1.036
1905    1.079   1.081   1.060   1.091   0.988   0.964   0.887   0.991   1.027   1.089   1.088   1.080     1.035
1906    1.074   1.084   1.059   1.069   0.978   0.847   0.664   0.710   0.759   0.857   1.018   1.083     0.934
1907    1.057   1.064   1.047   1.083   1.060   0.992   0.878   0.946   1.075   1.075   1.054   1.010     1.028
1908    1.014   1.062   1.068   1.047   0.994   0.898   0.745   0.698   0.736   0.839   0.923   1.004     0.919
1909    1.078   1.034   1.041   1.072   1.065   0.964   0.785   0.847   0.906   1.029   1.051   1.054     0.994
1910    1.076   1.072   1.075   1.046   0.983   0.824   0.917   0.907   0.924   1.020   1.050   1.082     0.998
