 60.000  -10.000
 60.000   -9.833
 60.000   -9.667
 60.000   -9.500
 60.000   -9.333
 60.000   -9.167
 60.000   -9.000
 60.000   -8.833
 60.000   -8.667
 60.000   -8.500
 60.000   -8.333
 60.000   -8.167
 60.000   -8.000
 60.000   -7.833
 60.000   -7.667
 60.000   -7.500
 60.000   -7.333
 60.000   -7.167
 60.000   -7.000
 60.000   -6.833
 60.000   -6.667
 60.000   -6.500
 60.000   -6.333
 60.000   -6.167
 60.000   -6.000
 60.000   -5.833
 60.000   -5.667
 60.000   -5.500
 60.000   -5.333
 60.000   -5.167
 60.000   -5.000
 60.000   -4.833
 60.000   -4.667
 60.000   -4.500
 60.000   -4.333
 60.000   -4.167
 60.000   -4.000
 60.000   -3.833
 60.000   -3.667
 60.000   -3.500
 60.000   -3.333
 60.000   -3.167
 60.000   -3.000
 60.000   -2.833
 60.000   -2.667
 60.000   -2.500
 60.000   -2.333
 60.000   -2.167
 60.000   -2.000
 60.000   -1.833
 60.000   -1.667
 60.000   -1.500
 60.000   -1.333
 60.000   -1.167
 60.000   -1.000
 60.000   -0.833
 60.000   -0.667
 60.000   -0.500
 60.000   -0.333
 60.000   -0.167
 60.000    0.000
 60.000    0.167
 60.000    0.333
 60.000    0.500
 60.000    0.667
 60.000    0.833
 60.000    1.000
 60.000    1.167
 60.000    1.333
 60.000    1.500
 60.000    1.667
 60.000    1.833
 59.833  -10.000
 59.833   -9.833
 59.833   -9.667
 59.833   -9.500
 59.833   -9.333
 59.833   -9.167
 59.833   -9.000
 59.833   -8.833
 59.833   -8.667
 59.833   -8.500
 59.833   -8.333
 59.833   -8.167
 59.833   -8.000
 59.833   -7.833
 59.833   -7.667
 59.833   -7.500
 59.833   -7.333
 59.833   -7.167
 59.833   -7.000
 59.833   -6.833
 59.833   -6.667
 59.833   -6.500
 59.833   -6.333
 59.833   -6.167
 59.833   -6.000
 59.833   -5.833
 59.833   -5.667
 59.833   -5.500
 59.833   -5.333
 59.833   -5.167
 59.833   -5.000
 59.833   -4.833
 59.833   -4.667
 59.833   -4.500
 59.833   -4.333
 59.833   -4.167
 59.833   -4.000
 59.833   -3.833
 59.833   -3.667
 59.833   -3.500
 59.833   -3.333
 59.833   -3.167
 59.833   -3.000
 59.833   -2.833
 59.833   -2.667
 59.833   -2.500
 59.833   -2.333
 59.833   -2.167
 59.833   -2.000
 59.833   -1.833
 59.833   -1.667
 59.833   -1.500
 59.833   -1.333
 59.833   -1.167
 59.833   -1.000
 59.833   -0.833
 59.833   -0.667
 59.833   -0.500
 59.833   -0.333
 59.833   -0.167
 59.833    0.000
 59.833    0.167
 59.833    0.333
 59.833    0.500
 59.833    0.667
 59.833    0.833
 59.833    1.000
 59.833    1.167
 59.833    1.333
 59.833    1.500
 59.833    1.667
 59.833    1.833
 59.667  -10.000
 59.667   -9.833
 59.667   -9.667
 59.667   -9.500
 59.667   -9.333
 59.667   -9.167
 59.667   -9.000
 59.667   -8.833
 59.667   -8.667
 59.667   -8.500
 59.667   -8.333
 59.667   -8.167
 59.667   -8.000
 59.667   -7.833
 59.667   -7.667
 59.667   -7.500
 59.667   -7.333
 59.667   -7.167
 59.667   -7.000
 59.667   -6.833
 59.667   -6.667
 59.667   -6.500
 59.667   -6.333
 59.667   -6.167
 59.667   -6.000
 59.667   -5.833
 59.667   -5.667
 59.667   -5.500
 59.667   -5.333
 59.667   -5.167
 59.667   -5.000
 59.667   -4.833
 59.667   -4.667
 59.667   -4.500
 59.667   -4.333
 59.667   -4.167
 59.667   -4.000
 59.667   -3.833
 59.667   -3.667
 59.667   -3.500
 59.667   -3.333
 59.667   -3.167
 59.667   -3.000
 59.667   -2.833
 59.667   -2.667
 59.667   -2.500
 59.667   -2.333
 59.667   -2.167
 59.667   -2.000
 59.667   -1.833
 59.667   -1.667
 59.667   -1.500
 59.667   -1.333
 59.667   -1.167
 59.667   -1.000
 59.667   -0.833
 59.667   -0.667
 59.667   -0.500
 59.667   -0.333
 59.667   -0.167
 59.667    0.000
 59.667    0.167
 59.667    0.333
 59.667    0.500
 59.667    0.667
 59.667    0.833
 59.667    1.000
 59.667    1.167
 59.667    1.333
 59.667    1.500
 59.667    1.667
 59.667    1.833
 59.500  -10.000
 59.500   -9.833
 59.500   -9.667
 59.500   -9.500
 59.500   -9.333
 59.500   -9.167
 59.500   -9.000
 59.500   -8.833
 59.500   -8.667
 59.500   -8.500
 59.500   -8.333
 59.500   -8.167
 59.500   -8.000
 59.500   -7.833
 59.500   -7.667
 59.500   -7.500
 59.500   -7.333
 59.500   -7.167
 59.500   -7.000
 59.500   -6.833
 59.500   -6.667
 59.500   -6.500
 59.500   -6.333
 59.500   -6.167
 59.500   -6.000
 59.500   -5.833
 59.500   -5.667
 59.500   -5.500
 59.500   -5.333
 59.500   -5.167
 59.500   -5.000
 59.500   -4.833
 59.500   -4.667
 59.500   -4.500
 59.500   -4.333
 59.500   -4.167
 59.500   -4.000
 59.500   -3.833
 59.500   -3.667
 59.500   -3.500
 59.500   -3.333
 59.500   -3.167
 59.500   -3.000
 59.500   -2.833
 59.500   -2.667
 59.500   -2.500
 59.500   -2.333
 59.500   -2.167
 59.500   -2.000
 59.500   -1.833
 59.500   -1.667
 59.500   -1.500
 59.500   -1.333
 59.500   -1.167
 59.500   -1.000
 59.500   -0.833
 59.500   -0.667
 59.500   -0.500
 59.500   -0.333
 59.500   -0.167
 59.500    0.000
 59.500    0.167
 59.500    0.333
 59.500    0.500
 59.500    0.667
 59.500    0.833
 59.500    1.000
 59.500    1.167
 59.500    1.333
 59.500    1.500
 59.500    1.667
 59.500    1.833
 59.333  -10.000
 59.333   -9.833
 59.333   -9.667
 59.333   -9.500
 59.333   -9.333
 59.333   -9.167
 59.333   -9.000
 59.333   -8.833
 59.333   -8.667
 59.333   -8.500
 59.333   -8.333
 59.333   -8.167
 59.333   -8.000
 59.333   -7.833
 59.333   -7.667
 59.333   -7.500
 59.333   -7.333
 59.333   -7.167
 59.333   -7.000
 59.333   -6.833
 59.333   -6.667
 59.333   -6.500
 59.333   -6.333
 59.333   -6.167
 59.333   -6.000
 59.333   -5.833
 59.333   -5.667
 59.333   -5.500
 59.333   -5.333
 59.333   -5.167
 59.333   -5.000
 59.333   -4.833
 59.333   -4.667
 59.333   -4.500
 59.333   -4.333
 59.333   -4.167
 59.333   -4.000
 59.333   -3.833
 59.333   -3.667
 59.333   -3.500
 59.333   -3.333
 59.333   -3.167
 59.333   -3.000
 59.333   -2.833
 59.333   -2.667
 59.333   -2.500
 59.333   -2.333
 59.333   -2.167
 59.333   -2.000
 59.333   -1.833
 59.333   -1.667
 59.333   -1.500
 59.333   -1.333
 59.333   -1.167
 59.333   -1.000
 59.333   -0.833
 59.333   -0.667
 59.333   -0.500
 59.333   -0.333
 59.333   -0.167
 59.333    0.000
 59.333    0.167
 59.333    0.333
 59.333    0.500
 59.333    0.667
 59.333    0.833
 59.333    1.000
 59.333    1.167
 59.333    1.333
 59.333    1.500
 59.333    1.667
 59.333    1.833
 59.167  -10.000
 59.167   -9.833
 59.167   -9.667
 59.167   -9.500
 59.167   -9.333
 59.167   -9.167
 59.167   -9.000
 59.167   -8.833
 59.167   -8.667
 59.167   -8.500
 59.167   -8.333
 59.167   -8.167
 59.167   -8.000
 59.167   -7.833
 59.167   -7.667
 59.167   -7.500
 59.167   -7.333
 59.167   -7.167
 59.167   -7.000
 59.167   -6.833
 59.167   -6.667
 59.167   -6.500
 59.167   -6.333
 59.167   -6.167
 59.167   -6.000
 59.167   -5.833
 59.167   -5.667
 59.167   -5.500
 59.167   -5.333
 59.167   -5.167
 59.167   -5.000
 59.167   -4.833
 59.167   -4.667
 59.167   -4.500
 59.167   -4.333
 59.167   -4.167
 59.167   -4.000
 59.167   -3.833
 59.167   -3.667
 59.167   -3.500
 59.167   -3.333
 59.167   -3.167
 59.167   -3.000
 59.167   -2.833
 59.167   -2.667
 59.167   -2.500
 59.167   -2.333
 59.167   -2.167
 59.167   -2.000
 59.167   -1.833
 59.167   -1.667
 59.167   -1.500
 59.167   -1.333
 59.167   -1.167
 59.167   -1.000
 59.167   -0.833
 59.167   -0.667
 59.167   -0.500
 59.167   -0.333
 59.167   -0.167
 59.167    0.000
 59.167    0.167
 59.167    0.333
 59.167    0.500
 59.167    0.667
 59.167    0.833
 59.167    1.000
 59.167    1.167
 59.167    1.333
 59.167    1.500
 59.167    1.667
 59.167    1.833
 59.000  -10.000
 59.000   -9.833
 59.000   -9.667
 59.000   -9.500
 59.000   -9.333
 59.000   -9.167
 59.000   -9.000
 59.000   -8.833
 59.000   -8.667
 59.000   -8.500
 59.000   -8.333
 59.000   -8.167
 59.000   -8.000
 59.000   -7.833
 59.000   -7.667
 59.000   -7.500
 59.000   -7.333
 59.000   -7.167
 59.000   -7.000
 59.000   -6.833
 59.000   -6.667
 59.000   -6.500
 59.000   -6.333
 59.000   -6.167
 59.000   -6.000
 59.000   -5.833
 59.000   -5.667
 59.000   -5.500
 59.000   -5.333
 59.000   -5.167
 59.000   -5.000
 59.000   -4.833
 59.000   -4.667
 59.000   -4.500
 59.000   -4.333
 59.000   -4.167
 59.000   -4.000
 59.000   -3.833
 59.000   -3.667
 59.000   -3.500
 59.000   -3.333
 59.000   -3.167
 59.000   -3.000
 59.000   -2.833
 59.000   -2.667
 59.000   -2.500
 59.000   -2.333
 59.000   -2.167
 59.000   -2.000
 59.000   -1.833
 59.000   -1.667
 59.000   -1.500
 59.000   -1.333
 59.000   -1.167
 59.000   -1.000
 59.000   -0.833
 59.000   -0.667
 59.000   -0.500
 59.000   -0.333
 59.000   -0.167
 59.000    0.000
 59.000    0.167
 59.000    0.333
 59.000    0.500
 59.000    0.667
 59.000    0.833
 59.000    1.000
 59.000    1.167
 59.000    1.333
 59.000    1.500
 59.000    1.667
 59.000    1.833
 58.833  -10.000
 58.833   -9.833
 58.833   -9.667
 58.833   -9.500
 58.833   -9.333
 58.833   -9.167
 58.833   -9.000
 58.833   -8.833
 58.833   -8.667
 58.833   -8.500
 58.833   -8.333
 58.833   -8.167
 58.833   -8.000
 58.833   -7.833
 58.833   -7.667
 58.833   -7.500
 58.833   -7.333
 58.833   -7.167
 58.833   -7.000
 58.833   -6.833
 58.833   -6.667
 58.833   -6.500
 58.833   -6.333
 58.833   -6.167
 58.833   -6.000
 58.833   -5.833
 58.833   -5.667
 58.833   -5.500
 58.833   -5.333
 58.833   -5.167
 58.833   -5.000
 58.833   -4.833
 58.833   -4.667
 58.833   -4.500
 58.833   -4.333
 58.833   -4.167
 58.833   -4.000
 58.833   -3.833
 58.833   -3.667
 58.833   -3.500
 58.833   -3.333
 58.833   -3.167
 58.833   -3.000
 58.833   -2.833
 58.833   -2.667
 58.833   -2.500
 58.833   -2.333
 58.833   -2.167
 58.833   -2.000
 58.833   -1.833
 58.833   -1.667
 58.833   -1.500
 58.833   -1.333
 58.833   -1.167
 58.833   -1.000
 58.833   -0.833
 58.833   -0.667
 58.833   -0.500
 58.833   -0.333
 58.833   -0.167
 58.833    0.000
 58.833    0.167
 58.833    0.333
 58.833    0.500
 58.833    0.667
 58.833    0.833
 58.833    1.000
 58.833    1.167
 58.833    1.333
 58.833    1.500
 58.833    1.667
 58.833    1.833
 58.667  -10.000
 58.667   -9.833
 58.667   -9.667
 58.667   -9.500
 58.667   -9.333
 58.667   -9.167
 58.667   -9.000
 58.667   -8.833
 58.667   -8.667
 58.667   -8.500
 58.667   -8.333
 58.667   -8.167
 58.667   -8.000
 58.667   -7.833
 58.667   -7.667
 58.667   -7.500
 58.667   -7.333
 58.667   -7.167
 58.667   -7.000
 58.667   -6.833
 58.667   -6.667
 58.667   -6.500
 58.667   -6.333
 58.667   -6.167
 58.667   -6.000
 58.667   -5.833
 58.667   -5.667
 58.667   -5.500
 58.667   -5.333
 58.667   -5.167
 58.667   -5.000
 58.667   -4.833
 58.667   -4.667
 58.667   -4.500
 58.667   -4.333
 58.667   -4.167
 58.667   -4.000
 58.667   -3.833
 58.667   -3.667
 58.667   -3.500
 58.667   -3.333
 58.667   -3.167
 58.667   -3.000
 58.667   -2.833
 58.667   -2.667
 58.667   -2.500
 58.667   -2.333
 58.667   -2.167
 58.667   -2.000
 58.667   -1.833
 58.667   -1.667
 58.667   -1.500
 58.667   -1.333
 58.667   -1.167
 58.667   -1.000
 58.667   -0.833
 58.667   -0.667
 58.667   -0.500
 58.667   -0.333
 58.667   -0.167
 58.667    0.000
 58.667    0.167
 58.667    0.333
 58.667    0.500
 58.667    0.667
 58.667    0.833
 58.667    1.000
 58.667    1.167
 58.667    1.333
 58.667    1.500
 58.667    1.667
 58.667    1.833
 58.500  -10.000
 58.500   -9.833
 58.500   -9.667
 58.500   -9.500
 58.500   -9.333
 58.500   -9.167
 58.500   -9.000
 58.500   -8.833
 58.500   -8.667
 58.500   -8.500
 58.500   -8.333
 58.500   -8.167
 58.500   -8.000
 58.500   -7.833
 58.500   -7.667
 58.500   -7.500
 58.500   -7.333
 58.500   -7.167
 58.500   -7.000
 58.500   -6.833
 58.500   -6.667
 58.500   -6.500
 58.500   -6.333
 58.500   -6.167
 58.500   -6.000
 58.500   -5.833
 58.500   -5.667
 58.500   -5.500
 58.500   -5.333
 58.500   -5.167
 58.500   -5.000
 58.500   -4.833
 58.500   -4.667
 58.500   -4.500
 58.500   -4.333
 58.500   -4.167
 58.500   -4.000
 58.500   -3.833
 58.500   -3.667
 58.500   -3.500
 58.500   -3.333
 58.500   -3.167
 58.500   -3.000
 58.500   -2.833
 58.500   -2.667
 58.500   -2.500
 58.500   -2.333
 58.500   -2.167
 58.500   -2.000
 58.500   -1.833
 58.500   -1.667
 58.500   -1.500
 58.500   -1.333
 58.500   -1.167
 58.500   -1.000
 58.500   -0.833
 58.500   -0.667
 58.500   -0.500
 58.500   -0.333
 58.500   -0.167
 58.500    0.000
 58.500    0.167
 58.500    0.333
 58.500    0.500
 58.500    0.667
 58.500    0.833
 58.500    1.000
 58.500    1.167
 58.500    1.333
 58.500    1.500
 58.500    1.667
 58.500    1.833
 58.333  -10.000
 58.333   -9.833
 58.333   -9.667
 58.333   -9.500
 58.333   -9.333
 58.333   -9.167
 58.333   -9.000
 58.333   -8.833
 58.333   -8.667
 58.333   -8.500
 58.333   -8.333
 58.333   -8.167
 58.333   -8.000
 58.333   -7.833
 58.333   -7.667
 58.333   -7.500
 58.333   -7.333
 58.333   -7.167
 58.333   -7.000
 58.333   -6.833
 58.333   -6.667
 58.333   -6.500
 58.333   -6.333
 58.333   -6.167
 58.333   -6.000
 58.333   -5.833
 58.333   -5.667
 58.333   -5.500
 58.333   -5.333
 58.333   -5.167
 58.333   -5.000
 58.333   -4.833
 58.333   -4.667
 58.333   -4.500
 58.333   -4.333
 58.333   -4.167
 58.333   -4.000
 58.333   -3.833
 58.333   -3.667
 58.333   -3.500
 58.333   -3.333
 58.333   -3.167
 58.333   -3.000
 58.333   -2.833
 58.333   -2.667
 58.333   -2.500
 58.333   -2.333
 58.333   -2.167
 58.333   -2.000
 58.333   -1.833
 58.333   -1.667
 58.333   -1.500
 58.333   -1.333
 58.333   -1.167
 58.333   -1.000
 58.333   -0.833
 58.333   -0.667
 58.333   -0.500
 58.333   -0.333
 58.333   -0.167
 58.333    0.000
 58.333    0.167
 58.333    0.333
 58.333    0.500
 58.333    0.667
 58.333    0.833
 58.333    1.000
 58.333    1.167
 58.333    1.333
 58.333    1.500
 58.333    1.667
 58.333    1.833
 58.167  -10.000
 58.167   -9.833
 58.167   -9.667
 58.167   -9.500
 58.167   -9.333
 58.167   -9.167
 58.167   -9.000
 58.167   -8.833
 58.167   -8.667
 58.167   -8.500
 58.167   -8.333
 58.167   -8.167
 58.167   -8.000
 58.167   -7.833
 58.167   -7.667
 58.167   -7.500
 58.167   -7.333
 58.167   -7.167
 58.167   -7.000
 58.167   -6.833
 58.167   -6.667
 58.167   -6.500
 58.167   -6.333
 58.167   -6.167
 58.167   -6.000
 58.167   -5.833
 58.167   -5.667
 58.167   -5.500
 58.167   -5.333
 58.167   -5.167
 58.167   -5.000
 58.167   -4.833
 58.167   -4.667
 58.167   -4.500
 58.167   -4.333
 58.167   -4.167
 58.167   -4.000
 58.167   -3.833
 58.167   -3.667
 58.167   -3.500
 58.167   -3.333
 58.167   -3.167
 58.167   -3.000
 58.167   -2.833
 58.167   -2.667
 58.167   -2.500
 58.167   -2.333
 58.167   -2.167
 58.167   -2.000
 58.167   -1.833
 58.167   -1.667
 58.167   -1.500
 58.167   -1.333
 58.167   -1.167
 58.167   -1.000
 58.167   -0.833
 58.167   -0.667
 58.167   -0.500
 58.167   -0.333
 58.167   -0.167
 58.167    0.000
 58.167    0.167
 58.167    0.333
 58.167    0.500
 58.167    0.667
 58.167    0.833
 58.167    1.000
 58.167    1.167
 58.167    1.333
 58.167    1.500
 58.167    1.667
 58.167    1.833
 58.000  -10.000
 58.000   -9.833
 58.000   -9.667
 58.000   -9.500
 58.000   -9.333
 58.000   -9.167
 58.000   -9.000
 58.000   -8.833
 58.000   -8.667
 58.000   -8.500
 58.000   -8.333
 58.000   -8.167
 58.000   -8.000
 58.000   -7.833
 58.000   -7.667
 58.000   -7.500
 58.000   -7.333
 58.000   -7.167
 58.000   -7.000
 58.000   -6.833
 58.000   -6.667
 58.000   -6.500
 58.000   -6.333
 58.000   -6.167
 58.000   -6.000
 58.000   -5.833
 58.000   -5.667
 58.000   -5.500
 58.000   -5.333
 58.000   -5.167
 58.000   -5.000
 58.000   -4.833
 58.000   -4.667
 58.000   -4.500
 58.000   -4.333
 58.000   -4.167
 58.000   -4.000
 58.000   -3.833
 58.000   -3.667
 58.000   -3.500
 58.000   -3.333
 58.000   -3.167
 58.000   -3.000
 58.000   -2.833
 58.000   -2.667
 58.000   -2.500
 58.000   -2.333
 58.000   -2.167
 58.000   -2.000
 58.000   -1.833
 58.000   -1.667
 58.000   -1.500
 58.000   -1.333
 58.000   -1.167
 58.000   -1.000
 58.000   -0.833
 58.000   -0.667
 58.000   -0.500
 58.000   -0.333
 58.000   -0.167
 58.000    0.000
 58.000    0.167
 58.000    0.333
 58.000    0.500
 58.000    0.667
 58.000    0.833
 58.000    1.000
 58.000    1.167
 58.000    1.333
 58.000    1.500
 58.000    1.667
 58.000    1.833
 57.833  -10.000
 57.833   -9.833
 57.833   -9.667
 57.833   -9.500
 57.833   -9.333
 57.833   -9.167
 57.833   -9.000
 57.833   -8.833
 57.833   -8.667
 57.833   -8.500
 57.833   -8.333
 57.833   -8.167
 57.833   -8.000
 57.833   -7.833
 57.833   -7.667
 57.833   -7.500
 57.833   -7.333
 57.833   -7.167
 57.833   -7.000
 57.833   -6.833
 57.833   -6.667
 57.833   -6.500
 57.833   -6.333
 57.833   -6.167
 57.833   -6.000
 57.833   -5.833
 57.833   -5.667
 57.833   -5.500
 57.833   -5.333
 57.833   -5.167
 57.833   -5.000
 57.833   -4.833
 57.833   -4.667
 57.833   -4.500
 57.833   -4.333
 57.833   -4.167
 57.833   -4.000
 57.833   -3.833
 57.833   -3.667
 57.833   -3.500
 57.833   -3.333
 57.833   -3.167
 57.833   -3.000
 57.833   -2.833
 57.833   -2.667
 57.833   -2.500
 57.833   -2.333
 57.833   -2.167
 57.833   -2.000
 57.833   -1.833
 57.833   -1.667
 57.833   -1.500
 57.833   -1.333
 57.833   -1.167
 57.833   -1.000
 57.833   -0.833
 57.833   -0.667
 57.833   -0.500
 57.833   -0.333
 57.833   -0.167
 57.833    0.000
 57.833    0.167
 57.833    0.333
 57.833    0.500
 57.833    0.667
 57.833    0.833
 57.833    1.000
 57.833    1.167
 57.833    1.333
 57.833    1.500
 57.833    1.667
 57.833    1.833
 57.667  -10.000
 57.667   -9.833
 57.667   -9.667
 57.667   -9.500
 57.667   -9.333
 57.667   -9.167
 57.667   -9.000
 57.667   -8.833
 57.667   -8.667
 57.667   -8.500
 57.667   -8.333
 57.667   -8.167
 57.667   -8.000
 57.667   -7.833
 57.667   -7.667
 57.667   -7.500
 57.667   -7.333
 57.667   -7.167
 57.667   -7.000
 57.667   -6.833
 57.667   -6.667
 57.667   -6.500
 57.667   -6.333
 57.667   -6.167
 57.667   -6.000
 57.667   -5.833
 57.667   -5.667
 57.667   -5.500
 57.667   -5.333
 57.667   -5.167
 57.667   -5.000
 57.667   -4.833
 57.667   -4.667
 57.667   -4.500
 57.667   -4.333
 57.667   -4.167
 57.667   -4.000
 57.667   -3.833
 57.667   -3.667
 57.667   -3.500
 57.667   -3.333
 57.667   -3.167
 57.667   -3.000
 57.667   -2.833
 57.667   -2.667
 57.667   -2.500
 57.667   -2.333
 57.667   -2.167
 57.667   -2.000
 57.667   -1.833
 57.667   -1.667
 57.667   -1.500
 57.667   -1.333
 57.667   -1.167
 57.667   -1.000
 57.667   -0.833
 57.667   -0.667
 57.667   -0.500
 57.667   -0.333
 57.667   -0.167
 57.667    0.000
 57.667    0.167
 57.667    0.333
 57.667    0.500
 57.667    0.667
 57.667    0.833
 57.667    1.000
 57.667    1.167
 57.667    1.333
 57.667    1.500
 57.667    1.667
 57.667    1.833
 57.500  -10.000
 57.500   -9.833
 57.500   -9.667
 57.500   -9.500
 57.500   -9.333
 57.500   -9.167
 57.500   -9.000
 57.500   -8.833
 57.500   -8.667
 57.500   -8.500
 57.500   -8.333
 57.500   -8.167
 57.500   -8.000
 57.500   -7.833
 57.500   -7.667
 57.500   -7.500
 57.500   -7.333
 57.500   -7.167
 57.500   -7.000
 57.500   -6.833
 57.500   -6.667
 57.500   -6.500
 57.500   -6.333
 57.500   -6.167
 57.500   -6.000
 57.500   -5.833
 57.500   -5.667
 57.500   -5.500
 57.500   -5.333
 57.500   -5.167
 57.500   -5.000
 57.500   -4.833
 57.500   -4.667
 57.500   -4.500
 57.500   -4.333
 57.500   -4.167
 57.500   -4.000
 57.500   -3.833
 57.500   -3.667
 57.500   -3.500
 57.500   -3.333
 57.500   -3.167
 57.500   -3.000
 57.500   -2.833
 57.500   -2.667
 57.500   -2.500
 57.500   -2.333
 57.500   -2.167
 57.500   -2.000
 57.500   -1.833
 57.500   -1.667
 57.500   -1.500
 57.500   -1.333
 57.500   -1.167
 57.500   -1.000
 57.500   -0.833
 57.500   -0.667
 57.500   -0.500
 57.500   -0.333
 57.500   -0.167
 57.500    0.000
 57.500    0.167
 57.500    0.333
 57.500    0.500
 57.500    0.667
 57.500    0.833
 57.500    1.000
 57.500    1.167
 57.500    1.333
 57.500    1.500
 57.500    1.667
 57.500    1.833
 57.333  -10.000
 57.333   -9.833
 57.333   -9.667
 57.333   -9.500
 57.333   -9.333
 57.333   -9.167
 57.333   -9.000
 57.333   -8.833
 57.333   -8.667
 57.333   -8.500
 57.333   -8.333
 57.333   -8.167
 57.333   -8.000
 57.333   -7.833
 57.333   -7.667
 57.333   -7.500
 57.333   -7.333
 57.333   -7.167
 57.333   -7.000
 57.333   -6.833
 57.333   -6.667
 57.333   -6.500
 57.333   -6.333
 57.333   -6.167
 57.333   -6.000
 57.333   -5.833
 57.333   -5.667
 57.333   -5.500
 57.333   -5.333
 57.333   -5.167
 57.333   -5.000
 57.333   -4.833
 57.333   -4.667
 57.333   -4.500
 57.333   -4.333
 57.333   -4.167
 57.333   -4.000
 57.333   -3.833
 57.333   -3.667
 57.333   -3.500
 57.333   -3.333
 57.333   -3.167
 57.333   -3.000
 57.333   -2.833
 57.333   -2.667
 57.333   -2.500
 57.333   -2.333
 57.333   -2.167
 57.333   -2.000
 57.333   -1.833
 57.333   -1.667
 57.333   -1.500
 57.333   -1.333
 57.333   -1.167
 57.333   -1.000
 57.333   -0.833
 57.333   -0.667
 57.333   -0.500
 57.333   -0.333
 57.333   -0.167
 57.333    0.000
 57.333    0.167
 57.333    0.333
 57.333    0.500
 57.333    0.667
 57.333    0.833
 57.333    1.000
 57.333    1.167
 57.333    1.333
 57.333    1.500
 57.333    1.667
 57.333    1.833
 57.167  -10.000
 57.167   -9.833
 57.167   -9.667
 57.167   -9.500
 57.167   -9.333
 57.167   -9.167
 57.167   -9.000
 57.167   -8.833
 57.167   -8.667
 57.167   -8.500
 57.167   -8.333
 57.167   -8.167
 57.167   -8.000
 57.167   -7.833
 57.167   -7.667
 57.167   -7.500
 57.167   -7.333
 57.167   -7.167
 57.167   -7.000
 57.167   -6.833
 57.167   -6.667
 57.167   -6.500
 57.167   -6.333
 57.167   -6.167
 57.167   -6.000
 57.167   -5.833
 57.167   -5.667
 57.167   -5.500
 57.167   -5.333
 57.167   -5.167
 57.167   -5.000
 57.167   -4.833
 57.167   -4.667
 57.167   -4.500
 57.167   -4.333
 57.167   -4.167
 57.167   -4.000
 57.167   -3.833
 57.167   -3.667
 57.167   -3.500
 57.167   -3.333
 57.167   -3.167
 57.167   -3.000
 57.167   -2.833
 57.167   -2.667
 57.167   -2.500
 57.167   -2.333
 57.167   -2.167
 57.167   -2.000
 57.167   -1.833
 57.167   -1.667
 57.167   -1.500
 57.167   -1.333
 57.167   -1.167
 57.167   -1.000
 57.167   -0.833
 57.167   -0.667
 57.167   -0.500
 57.167   -0.333
 57.167   -0.167
 57.167    0.000
 57.167    0.167
 57.167    0.333
 57.167    0.500
 57.167    0.667
 57.167    0.833
 57.167    1.000
 57.167    1.167
 57.167    1.333
 57.167    1.500
 57.167    1.667
 57.167    1.833
 57.000  -10.000
 57.000   -9.833
 57.000   -9.667
 57.000   -9.500
 57.000   -9.333
 57.000   -9.167
 57.000   -9.000
 57.000   -8.833
 57.000   -8.667
 57.000   -8.500
 57.000   -8.333
 57.000   -8.167
 57.000   -8.000
 57.000   -7.833
 57.000   -7.667
 57.000   -7.500
 57.000   -7.333
 57.000   -7.167
 57.000   -7.000
 57.000   -6.833
 57.000   -6.667
 57.000   -6.500
 57.000   -6.333
 57.000   -6.167
 57.000   -6.000
 57.000   -5.833
 57.000   -5.667
 57.000   -5.500
 57.000   -5.333
 57.000   -5.167
 57.000   -5.000
 57.000   -4.833
 57.000   -4.667
 57.000   -4.500
 57.000   -4.333
 57.000   -4.167
 57.000   -4.000
 57.000   -3.833
 57.000   -3.667
 57.000   -3.500
 57.000   -3.333
 57.000   -3.167
 57.000   -3.000
 57.000   -2.833
 57.000   -2.667
 57.000   -2.500
 57.000   -2.333
 57.000   -2.167
 57.000   -2.000
 57.000   -1.833
 57.000   -1.667
 57.000   -1.500
 57.000   -1.333
 57.000   -1.167
 57.000   -1.000
 57.000   -0.833
 57.000   -0.667
 57.000   -0.500
 57.000   -0.333
 57.000   -0.167
 57.000    0.000
 57.000    0.167
 57.000    0.333
 57.000    0.500
 57.000    0.667
 57.000    0.833
 57.000    1.000
 57.000    1.167
 57.000    1.333
 57.000    1.500
 57.000    1.667
 57.000    1.833
 56.833  -10.000
 56.833   -9.833
 56.833   -9.667
 56.833   -9.500
 56.833   -9.333
 56.833   -9.167
 56.833   -9.000
 56.833   -8.833
 56.833   -8.667
 56.833   -8.500
 56.833   -8.333
 56.833   -8.167
 56.833   -8.000
 56.833   -7.833
 56.833   -7.667
 56.833   -7.500
 56.833   -7.333
 56.833   -7.167
 56.833   -7.000
 56.833   -6.833
 56.833   -6.667
 56.833   -6.500
 56.833   -6.333
 56.833   -6.167
 56.833   -6.000
 56.833   -5.833
 56.833   -5.667
 56.833   -5.500
 56.833   -5.333
 56.833   -5.167
 56.833   -5.000
 56.833   -4.833
 56.833   -4.667
 56.833   -4.500
 56.833   -4.333
 56.833   -4.167
 56.833   -4.000
 56.833   -3.833
 56.833   -3.667
 56.833   -3.500
 56.833   -3.333
 56.833   -3.167
 56.833   -3.000
 56.833   -2.833
 56.833   -2.667
 56.833   -2.500
 56.833   -2.333
 56.833   -2.167
 56.833   -2.000
 56.833   -1.833
 56.833   -1.667
 56.833   -1.500
 56.833   -1.333
 56.833   -1.167
 56.833   -1.000
 56.833   -0.833
 56.833   -0.667
 56.833   -0.500
 56.833   -0.333
 56.833   -0.167
 56.833    0.000
 56.833    0.167
 56.833    0.333
 56.833    0.500
 56.833    0.667
 56.833    0.833
 56.833    1.000
 56.833    1.167
 56.833    1.333
 56.833    1.500
 56.833    1.667
 56.833    1.833
 56.667  -10.000
 56.667   -9.833
 56.667   -9.667
 56.667   -9.500
 56.667   -9.333
 56.667   -9.167
 56.667   -9.000
 56.667   -8.833
 56.667   -8.667
 56.667   -8.500
 56.667   -8.333
 56.667   -8.167
 56.667   -8.000
 56.667   -7.833
 56.667   -7.667
 56.667   -7.500
 56.667   -7.333
 56.667   -7.167
 56.667   -7.000
 56.667   -6.833
 56.667   -6.667
 56.667   -6.500
 56.667   -6.333
 56.667   -6.167
 56.667   -6.000
 56.667   -5.833
 56.667   -5.667
 56.667   -5.500
 56.667   -5.333
 56.667   -5.167
 56.667   -5.000
 56.667   -4.833
 56.667   -4.667
 56.667   -4.500
 56.667   -4.333
 56.667   -4.167
 56.667   -4.000
 56.667   -3.833
 56.667   -3.667
 56.667   -3.500
 56.667   -3.333
 56.667   -3.167
 56.667   -3.000
 56.667   -2.833
 56.667   -2.667
 56.667   -2.500
 56.667   -2.333
 56.667   -2.167
 56.667   -2.000
 56.667   -1.833
 56.667   -1.667
 56.667   -1.500
 56.667   -1.333
 56.667   -1.167
 56.667   -1.000
 56.667   -0.833
 56.667   -0.667
 56.667   -0.500
 56.667   -0.333
 56.667   -0.167
 56.667    0.000
 56.667    0.167
 56.667    0.333
 56.667    0.500
 56.667    0.667
 56.667    0.833
 56.667    1.000
 56.667    1.167
 56.667    1.333
 56.667    1.500
 56.667    1.667
 56.667    1.833
 56.500  -10.000
 56.500   -9.833
 56.500   -9.667
 56.500   -9.500
 56.500   -9.333
 56.500   -9.167
 56.500   -9.000
 56.500   -8.833
 56.500   -8.667
 56.500   -8.500
 56.500   -8.333
 56.500   -8.167
 56.500   -8.000
 56.500   -7.833
 56.500   -7.667
 56.500   -7.500
 56.500   -7.333
 56.500   -7.167
 56.500   -7.000
 56.500   -6.833
 56.500   -6.667
 56.500   -6.500
 56.500   -6.333
 56.500   -6.167
 56.500   -6.000
 56.500   -5.833
 56.500   -5.667
 56.500   -5.500
 56.500   -5.333
 56.500   -5.167
 56.500   -5.000
 56.500   -4.833
 56.500   -4.667
 56.500   -4.500
 56.500   -4.333
 56.500   -4.167
 56.500   -4.000
 56.500   -3.833
 56.500   -3.667
 56.500   -3.500
 56.500   -3.333
 56.500   -3.167
 56.500   -3.000
 56.500   -2.833
 56.500   -2.667
 56.500   -2.500
 56.500   -2.333
 56.500   -2.167
 56.500   -2.000
 56.500   -1.833
 56.500   -1.667
 56.500   -1.500
 56.500   -1.333
 56.500   -1.167
 56.500   -1.000
 56.500   -0.833
 56.500   -0.667
 56.500   -0.500
 56.500   -0.333
 56.500   -0.167
 56.500    0.000
 56.500    0.167
 56.500    0.333
 56.500    0.500
 56.500    0.667
 56.500    0.833
 56.500    1.000
 56.500    1.167
 56.500    1.333
 56.500    1.500
 56.500    1.667
 56.500    1.833
 56.333  -10.000
 56.333   -9.833
 56.333   -9.667
 56.333   -9.500
 56.333   -9.333
 56.333   -9.167
 56.333   -9.000
 56.333   -8.833
 56.333   -8.667
 56.333   -8.500
 56.333   -8.333
 56.333   -8.167
 56.333   -8.000
 56.333   -7.833
 56.333   -7.667
 56.333   -7.500
 56.333   -7.333
 56.333   -7.167
 56.333   -7.000
 56.333   -6.833
 56.333   -6.667
 56.333   -6.500
 56.333   -6.333
 56.333   -6.167
 56.333   -6.000
 56.333   -5.833
 56.333   -5.667
 56.333   -5.500
 56.333   -5.333
 56.333   -5.167
 56.333   -5.000
 56.333   -4.833
 56.333   -4.667
 56.333   -4.500
 56.333   -4.333
 56.333   -4.167
 56.333   -4.000
 56.333   -3.833
 56.333   -3.667
 56.333   -3.500
 56.333   -3.333
 56.333   -3.167
 56.333   -3.000
 56.333   -2.833
 56.333   -2.667
 56.333   -2.500
 56.333   -2.333
 56.333   -2.167
 56.333   -2.000
 56.333   -1.833
 56.333   -1.667
 56.333   -1.500
 56.333   -1.333
 56.333   -1.167
 56.333   -1.000
 56.333   -0.833
 56.333   -0.667
 56.333   -0.500
 56.333   -0.333
 56.333   -0.167
 56.333    0.000
 56.333    0.167
 56.333    0.333
 56.333    0.500
 56.333    0.667
 56.333    0.833
 56.333    1.000
 56.333    1.167
 56.333    1.333
 56.333    1.500
 56.333    1.667
 56.333    1.833
 56.167  -10.000
 56.167   -9.833
 56.167   -9.667
 56.167   -9.500
 56.167   -9.333
 56.167   -9.167
 56.167   -9.000
 56.167   -8.833
 56.167   -8.667
 56.167   -8.500
 56.167   -8.333
 56.167   -8.167
 56.167   -8.000
 56.167   -7.833
 56.167   -7.667
 56.167   -7.500
 56.167   -7.333
 56.167   -7.167
 56.167   -7.000
 56.167   -6.833
 56.167   -6.667
 56.167   -6.500
 56.167   -6.333
 56.167   -6.167
 56.167   -6.000
 56.167   -5.833
 56.167   -5.667
 56.167   -5.500
 56.167   -5.333
 56.167   -5.167
 56.167   -5.000
 56.167   -4.833
 56.167   -4.667
 56.167   -4.500
 56.167   -4.333
 56.167   -4.167
 56.167   -4.000
 56.167   -3.833
 56.167   -3.667
 56.167   -3.500
 56.167   -3.333
 56.167   -3.167
 56.167   -3.000
 56.167   -2.833
 56.167   -2.667
 56.167   -2.500
 56.167   -2.333
 56.167   -2.167
 56.167   -2.000
 56.167   -1.833
 56.167   -1.667
 56.167   -1.500
 56.167   -1.333
 56.167   -1.167
 56.167   -1.000
 56.167   -0.833
 56.167   -0.667
 56.167   -0.500
 56.167   -0.333
 56.167   -0.167
 56.167    0.000
 56.167    0.167
 56.167    0.333
 56.167    0.500
 56.167    0.667
 56.167    0.833
 56.167    1.000
 56.167    1.167
 56.167    1.333
 56.167    1.500
 56.167    1.667
 56.167    1.833
 56.000  -10.000
 56.000   -9.833
 56.000   -9.667
 56.000   -9.500
 56.000   -9.333
 56.000   -9.167
 56.000   -9.000
 56.000   -8.833
 56.000   -8.667
 56.000   -8.500
 56.000   -8.333
 56.000   -8.167
 56.000   -8.000
 56.000   -7.833
 56.000   -7.667
 56.000   -7.500
 56.000   -7.333
 56.000   -7.167
 56.000   -7.000
 56.000   -6.833
 56.000   -6.667
 56.000   -6.500
 56.000   -6.333
 56.000   -6.167
 56.000   -6.000
 56.000   -5.833
 56.000   -5.667
 56.000   -5.500
 56.000   -5.333
 56.000   -5.167
 56.000   -5.000
 56.000   -4.833
 56.000   -4.667
 56.000   -4.500
 56.000   -4.333
 56.000   -4.167
 56.000   -4.000
 56.000   -3.833
 56.000   -3.667
 56.000   -3.500
 56.000   -3.333
 56.000   -3.167
 56.000   -3.000
 56.000   -2.833
 56.000   -2.667
 56.000   -2.500
 56.000   -2.333
 56.000   -2.167
 56.000   -2.000
 56.000   -1.833
 56.000   -1.667
 56.000   -1.500
 56.000   -1.333
 56.000   -1.167
 56.000   -1.000
 56.000   -0.833
 56.000   -0.667
 56.000   -0.500
 56.000   -0.333
 56.000   -0.167
 56.000    0.000
 56.000    0.167
 56.000    0.333
 56.000    0.500
 56.000    0.667
 56.000    0.833
 56.000    1.000
 56.000    1.167
 56.000    1.333
 56.000    1.500
 56.000    1.667
 56.000    1.833
 55.833  -10.000
 55.833   -9.833
 55.833   -9.667
 55.833   -9.500
 55.833   -9.333
 55.833   -9.167
 55.833   -9.000
 55.833   -8.833
 55.833   -8.667
 55.833   -8.500
 55.833   -8.333
 55.833   -8.167
 55.833   -8.000
 55.833   -7.833
 55.833   -7.667
 55.833   -7.500
 55.833   -7.333
 55.833   -7.167
 55.833   -7.000
 55.833   -6.833
 55.833   -6.667
 55.833   -6.500
 55.833   -6.333
 55.833   -6.167
 55.833   -6.000
 55.833   -5.833
 55.833   -5.667
 55.833   -5.500
 55.833   -5.333
 55.833   -5.167
 55.833   -5.000
 55.833   -4.833
 55.833   -4.667
 55.833   -4.500
 55.833   -4.333
 55.833   -4.167
 55.833   -4.000
 55.833   -3.833
 55.833   -3.667
 55.833   -3.500
 55.833   -3.333
 55.833   -3.167
 55.833   -3.000
 55.833   -2.833
 55.833   -2.667
 55.833   -2.500
 55.833   -2.333
 55.833   -2.167
 55.833   -2.000
 55.833   -1.833
 55.833   -1.667
 55.833   -1.500
 55.833   -1.333
 55.833   -1.167
 55.833   -1.000
 55.833   -0.833
 55.833   -0.667
 55.833   -0.500
 55.833   -0.333
 55.833   -0.167
 55.833    0.000
 55.833    0.167
 55.833    0.333
 55.833    0.500
 55.833    0.667
 55.833    0.833
 55.833    1.000
 55.833    1.167
 55.833    1.333
 55.833    1.500
 55.833    1.667
 55.833    1.833
 55.667  -10.000
 55.667   -9.833
 55.667   -9.667
 55.667   -9.500
 55.667   -9.333
 55.667   -9.167
 55.667   -9.000
 55.667   -8.833
 55.667   -8.667
 55.667   -8.500
 55.667   -8.333
 55.667   -8.167
 55.667   -8.000
 55.667   -7.833
 55.667   -7.667
 55.667   -7.500
 55.667   -7.333
 55.667   -7.167
 55.667   -7.000
 55.667   -6.833
 55.667   -6.667
 55.667   -6.500
 55.667   -6.333
 55.667   -6.167
 55.667   -6.000
 55.667   -5.833
 55.667   -5.667
 55.667   -5.500
 55.667   -5.333
 55.667   -5.167
 55.667   -5.000
 55.667   -4.833
 55.667   -4.667
 55.667   -4.500
 55.667   -4.333
 55.667   -4.167
 55.667   -4.000
 55.667   -3.833
 55.667   -3.667
 55.667   -3.500
 55.667   -3.333
 55.667   -3.167
 55.667   -3.000
 55.667   -2.833
 55.667   -2.667
 55.667   -2.500
 55.667   -2.333
 55.667   -2.167
 55.667   -2.000
 55.667   -1.833
 55.667   -1.667
 55.667   -1.500
 55.667   -1.333
 55.667   -1.167
 55.667   -1.000
 55.667   -0.833
 55.667   -0.667
 55.667   -0.500
 55.667   -0.333
 55.667   -0.167
 55.667    0.000
 55.667    0.167
 55.667    0.333
 55.667    0.500
 55.667    0.667
 55.667    0.833
 55.667    1.000
 55.667    1.167
 55.667    1.333
 55.667    1.500
 55.667    1.667
 55.667    1.833
 55.500  -10.000
 55.500   -9.833
 55.500   -9.667
 55.500   -9.500
 55.500   -9.333
 55.500   -9.167
 55.500   -9.000
 55.500   -8.833
 55.500   -8.667
 55.500   -8.500
 55.500   -8.333
 55.500   -8.167
 55.500   -8.000
 55.500   -7.833
 55.500   -7.667
 55.500   -7.500
 55.500   -7.333
 55.500   -7.167
 55.500   -7.000
 55.500   -6.833
 55.500   -6.667
 55.500   -6.500
 55.500   -6.333
 55.500   -6.167
 55.500   -6.000
 55.500   -5.833
 55.500   -5.667
 55.500   -5.500
 55.500   -5.333
 55.500   -5.167
 55.500   -5.000
 55.500   -4.833
 55.500   -4.667
 55.500   -4.500
 55.500   -4.333
 55.500   -4.167
 55.500   -4.000
 55.500   -3.833
 55.500   -3.667
 55.500   -3.500
 55.500   -3.333
 55.500   -3.167
 55.500   -3.000
 55.500   -2.833
 55.500   -2.667
 55.500   -2.500
 55.500   -2.333
 55.500   -2.167
 55.500   -2.000
 55.500   -1.833
 55.500   -1.667
 55.500   -1.500
 55.500   -1.333
 55.500   -1.167
 55.500   -1.000
 55.500   -0.833
 55.500   -0.667
 55.500   -0.500
 55.500   -0.333
 55.500   -0.167
 55.500    0.000
 55.500    0.167
 55.500    0.333
 55.500    0.500
 55.500    0.667
 55.500    0.833
 55.500    1.000
 55.500    1.167
 55.500    1.333
 55.500    1.500
 55.500    1.667
 55.500    1.833
 55.333  -10.000
 55.333   -9.833
 55.333   -9.667
 55.333   -9.500
 55.333   -9.333
 55.333   -9.167
 55.333   -9.000
 55.333   -8.833
 55.333   -8.667
 55.333   -8.500
 55.333   -8.333
 55.333   -8.167
 55.333   -8.000
 55.333   -7.833
 55.333   -7.667
 55.333   -7.500
 55.333   -7.333
 55.333   -7.167
 55.333   -7.000
 55.333   -6.833
 55.333   -6.667
 55.333   -6.500
 55.333   -6.333
 55.333   -6.167
 55.333   -6.000
 55.333   -5.833
 55.333   -5.667
 55.333   -5.500
 55.333   -5.333
 55.333   -5.167
 55.333   -5.000
 55.333   -4.833
 55.333   -4.667
 55.333   -4.500
 55.333   -4.333
 55.333   -4.167
 55.333   -4.000
 55.333   -3.833
 55.333   -3.667
 55.333   -3.500
 55.333   -3.333
 55.333   -3.167
 55.333   -3.000
 55.333   -2.833
 55.333   -2.667
 55.333   -2.500
 55.333   -2.333
 55.333   -2.167
 55.333   -2.000
 55.333   -1.833
 55.333   -1.667
 55.333   -1.500
 55.333   -1.333
 55.333   -1.167
 55.333   -1.000
 55.333   -0.833
 55.333   -0.667
 55.333   -0.500
 55.333   -0.333
 55.333   -0.167
 55.333    0.000
 55.333    0.167
 55.333    0.333
 55.333    0.500
 55.333    0.667
 55.333    0.833
 55.333    1.000
 55.333    1.167
 55.333    1.333
 55.333    1.500
 55.333    1.667
 55.333    1.833
 55.167  -10.000
 55.167   -9.833
 55.167   -9.667
 55.167   -9.500
 55.167   -9.333
 55.167   -9.167
 55.167   -9.000
 55.167   -8.833
 55.167   -8.667
 55.167   -8.500
 55.167   -8.333
 55.167   -8.167
 55.167   -8.000
 55.167   -7.833
 55.167   -7.667
 55.167   -7.500
 55.167   -7.333
 55.167   -7.167
 55.167   -7.000
 55.167   -6.833
 55.167   -6.667
 55.167   -6.500
 55.167   -6.333
 55.167   -6.167
 55.167   -6.000
 55.167   -5.833
 55.167   -5.667
 55.167   -5.500
 55.167   -5.333
 55.167   -5.167
 55.167   -5.000
 55.167   -4.833
 55.167   -4.667
 55.167   -4.500
 55.167   -4.333
 55.167   -4.167
 55.167   -4.000
 55.167   -3.833
 55.167   -3.667
 55.167   -3.500
 55.167   -3.333
 55.167   -3.167
 55.167   -3.000
 55.167   -2.833
 55.167   -2.667
 55.167   -2.500
 55.167   -2.333
 55.167   -2.167
 55.167   -2.000
 55.167   -1.833
 55.167   -1.667
 55.167   -1.500
 55.167   -1.333
 55.167   -1.167
 55.167   -1.000
 55.167   -0.833
 55.167   -0.667
 55.167   -0.500
 55.167   -0.333
 55.167   -0.167
 55.167    0.000
 55.167    0.167
 55.167    0.333
 55.167    0.500
 55.167    0.667
 55.167    0.833
 55.167    1.000
 55.167    1.167
 55.167    1.333
 55.167    1.500
 55.167    1.667
 55.167    1.833
 55.000  -10.000
 55.000   -9.833
 55.000   -9.667
 55.000   -9.500
 55.000   -9.333
 55.000   -9.167
 55.000   -9.000
 55.000   -8.833
 55.000   -8.667
 55.000   -8.500
 55.000   -8.333
 55.000   -8.167
 55.000   -8.000
 55.000   -7.833
 55.000   -7.667
 55.000   -7.500
 55.000   -7.333
 55.000   -7.167
 55.000   -7.000
 55.000   -6.833
 55.000   -6.667
 55.000   -6.500
 55.000   -6.333
 55.000   -6.167
 55.000   -6.000
 55.000   -5.833
 55.000   -5.667
 55.000   -5.500
 55.000   -5.333
 55.000   -5.167
 55.000   -5.000
 55.000   -4.833
 55.000   -4.667
 55.000   -4.500
 55.000   -4.333
 55.000   -4.167
 55.000   -4.000
 55.000   -3.833
 55.000   -3.667
 55.000   -3.500
 55.000   -3.333
 55.000   -3.167
 55.000   -3.000
 55.000   -2.833
 55.000   -2.667
 55.000   -2.500
 55.000   -2.333
 55.000   -2.167
 55.000   -2.000
 55.000   -1.833
 55.000   -1.667
 55.000   -1.500
 55.000   -1.333
 55.000   -1.167
 55.000   -1.000
 55.000   -0.833
 55.000   -0.667
 55.000   -0.500
 55.000   -0.333
 55.000   -0.167
 55.000    0.000
 55.000    0.167
 55.000    0.333
 55.000    0.500
 55.000    0.667
 55.000    0.833
 55.000    1.000
 55.000    1.167
 55.000    1.333
 55.000    1.500
 55.000    1.667
 55.000    1.833
 54.833  -10.000
 54.833   -9.833
 54.833   -9.667
 54.833   -9.500
 54.833   -9.333
 54.833   -9.167
 54.833   -9.000
 54.833   -8.833
 54.833   -8.667
 54.833   -8.500
 54.833   -8.333
 54.833   -8.167
 54.833   -8.000
 54.833   -7.833
 54.833   -7.667
 54.833   -7.500
 54.833   -7.333
 54.833   -7.167
 54.833   -7.000
 54.833   -6.833
 54.833   -6.667
 54.833   -6.500
 54.833   -6.333
 54.833   -6.167
 54.833   -6.000
 54.833   -5.833
 54.833   -5.667
 54.833   -5.500
 54.833   -5.333
 54.833   -5.167
 54.833   -5.000
 54.833   -4.833
 54.833   -4.667
 54.833   -4.500
 54.833   -4.333
 54.833   -4.167
 54.833   -4.000
 54.833   -3.833
 54.833   -3.667
 54.833   -3.500
 54.833   -3.333
 54.833   -3.167
 54.833   -3.000
 54.833   -2.833
 54.833   -2.667
 54.833   -2.500
 54.833   -2.333
 54.833   -2.167
 54.833   -2.000
 54.833   -1.833
 54.833   -1.667
 54.833   -1.500
 54.833   -1.333
 54.833   -1.167
 54.833   -1.000
 54.833   -0.833
 54.833   -0.667
 54.833   -0.500
 54.833   -0.333
 54.833   -0.167
 54.833    0.000
 54.833    0.167
 54.833    0.333
 54.833    0.500
 54.833    0.667
 54.833    0.833
 54.833    1.000
 54.833    1.167
 54.833    1.333
 54.833    1.500
 54.833    1.667
 54.833    1.833
 54.667  -10.000
 54.667   -9.833
 54.667   -9.667
 54.667   -9.500
 54.667   -9.333
 54.667   -9.167
 54.667   -9.000
 54.667   -8.833
 54.667   -8.667
 54.667   -8.500
 54.667   -8.333
 54.667   -8.167
 54.667   -8.000
 54.667   -7.833
 54.667   -7.667
 54.667   -7.500
 54.667   -7.333
 54.667   -7.167
 54.667   -7.000
 54.667   -6.833
 54.667   -6.667
 54.667   -6.500
 54.667   -6.333
 54.667   -6.167
 54.667   -6.000
 54.667   -5.833
 54.667   -5.667
 54.667   -5.500
 54.667   -5.333
 54.667   -5.167
 54.667   -5.000
 54.667   -4.833
 54.667   -4.667
 54.667   -4.500
 54.667   -4.333
 54.667   -4.167
 54.667   -4.000
 54.667   -3.833
 54.667   -3.667
 54.667   -3.500
 54.667   -3.333
 54.667   -3.167
 54.667   -3.000
 54.667   -2.833
 54.667   -2.667
 54.667   -2.500
 54.667   -2.333
 54.667   -2.167
 54.667   -2.000
 54.667   -1.833
 54.667   -1.667
 54.667   -1.500
 54.667   -1.333
 54.667   -1.167
 54.667   -1.000
 54.667   -0.833
 54.667   -0.667
 54.667   -0.500
 54.667   -0.333
 54.667   -0.167
 54.667    0.000
 54.667    0.167
 54.667    0.333
 54.667    0.500
 54.667    0.667
 54.667    0.833
 54.667    1.000
 54.667    1.167
 54.667    1.333
 54.667    1.500
 54.667    1.667
 54.667    1.833
 54.500  -10.000
 54.500   -9.833
 54.500   -9.667
 54.500   -9.500
 54.500   -9.333
 54.500   -9.167
 54.500   -9.000
 54.500   -8.833
 54.500   -8.667
 54.500   -8.500
 54.500   -8.333
 54.500   -8.167
 54.500   -8.000
 54.500   -7.833
 54.500   -7.667
 54.500   -7.500
 54.500   -7.333
 54.500   -7.167
 54.500   -7.000
 54.500   -6.833
 54.500   -6.667
 54.500   -6.500
 54.500   -6.333
 54.500   -6.167
 54.500   -6.000
 54.500   -5.833
 54.500   -5.667
 54.500   -5.500
 54.500   -5.333
 54.500   -5.167
 54.500   -5.000
 54.500   -4.833
 54.500   -4.667
 54.500   -4.500
 54.500   -4.333
 54.500   -4.167
 54.500   -4.000
 54.500   -3.833
 54.500   -3.667
 54.500   -3.500
 54.500   -3.333
 54.500   -3.167
 54.500   -3.000
 54.500   -2.833
 54.500   -2.667
 54.500   -2.500
 54.500   -2.333
 54.500   -2.167
 54.500   -2.000
 54.500   -1.833
 54.500   -1.667
 54.500   -1.500
 54.500   -1.333
 54.500   -1.167
 54.500   -1.000
 54.500   -0.833
 54.500   -0.667
 54.500   -0.500
 54.500   -0.333
 54.500   -0.167
 54.500    0.000
 54.500    0.167
 54.500    0.333
 54.500    0.500
 54.500    0.667
 54.500    0.833
 54.500    1.000
 54.500    1.167
 54.500    1.333
 54.500    1.500
 54.500    1.667
 54.500    1.833
 54.333  -10.000
 54.333   -9.833
 54.333   -9.667
 54.333   -9.500
 54.333   -9.333
 54.333   -9.167
 54.333   -9.000
 54.333   -8.833
 54.333   -8.667
 54.333   -8.500
 54.333   -8.333
 54.333   -8.167
 54.333   -8.000
 54.333   -7.833
 54.333   -7.667
 54.333   -7.500
 54.333   -7.333
 54.333   -7.167
 54.333   -7.000
 54.333   -6.833
 54.333   -6.667
 54.333   -6.500
 54.333   -6.333
 54.333   -6.167
 54.333   -6.000
 54.333   -5.833
 54.333   -5.667
 54.333   -5.500
 54.333   -5.333
 54.333   -5.167
 54.333   -5.000
 54.333   -4.833
 54.333   -4.667
 54.333   -4.500
 54.333   -4.333
 54.333   -4.167
 54.333   -4.000
 54.333   -3.833
 54.333   -3.667
 54.333   -3.500
 54.333   -3.333
 54.333   -3.167
 54.333   -3.000
 54.333   -2.833
 54.333   -2.667
 54.333   -2.500
 54.333   -2.333
 54.333   -2.167
 54.333   -2.000
 54.333   -1.833
 54.333   -1.667
 54.333   -1.500
 54.333   -1.333
 54.333   -1.167
 54.333   -1.000
 54.333   -0.833
 54.333   -0.667
 54.333   -0.500
 54.333   -0.333
 54.333   -0.167
 54.333    0.000
 54.333    0.167
 54.333    0.333
 54.333    0.500
 54.333    0.667
 54.333    0.833
 54.333    1.000
 54.333    1.167
 54.333    1.333
 54.333    1.500
 54.333    1.667
 54.333    1.833
 54.167  -10.000
 54.167   -9.833
 54.167   -9.667
 54.167   -9.500
 54.167   -9.333
 54.167   -9.167
 54.167   -9.000
 54.167   -8.833
 54.167   -8.667
 54.167   -8.500
 54.167   -8.333
 54.167   -8.167
 54.167   -8.000
 54.167   -7.833
 54.167   -7.667
 54.167   -7.500
 54.167   -7.333
 54.167   -7.167
 54.167   -7.000
 54.167   -6.833
 54.167   -6.667
 54.167   -6.500
 54.167   -6.333
 54.167   -6.167
 54.167   -6.000
 54.167   -5.833
 54.167   -5.667
 54.167   -5.500
 54.167   -5.333
 54.167   -5.167
 54.167   -5.000
 54.167   -4.833
 54.167   -4.667
 54.167   -4.500
 54.167   -4.333
 54.167   -4.167
 54.167   -4.000
 54.167   -3.833
 54.167   -3.667
 54.167   -3.500
 54.167   -3.333
 54.167   -3.167
 54.167   -3.000
 54.167   -2.833
 54.167   -2.667
 54.167   -2.500
 54.167   -2.333
 54.167   -2.167
 54.167   -2.000
 54.167   -1.833
 54.167   -1.667
 54.167   -1.500
 54.167   -1.333
 54.167   -1.167
 54.167   -1.000
 54.167   -0.833
 54.167   -0.667
 54.167   -0.500
 54.167   -0.333
 54.167   -0.167
 54.167    0.000
 54.167    0.167
 54.167    0.333
 54.167    0.500
 54.167    0.667
 54.167    0.833
 54.167    1.000
 54.167    1.167
 54.167    1.333
 54.167    1.500
 54.167    1.667
 54.167    1.833
 54.000  -10.000
 54.000   -9.833
 54.000   -9.667
 54.000   -9.500
 54.000   -9.333
 54.000   -9.167
 54.000   -9.000
 54.000   -8.833
 54.000   -8.667
 54.000   -8.500
 54.000   -8.333
 54.000   -8.167
 54.000   -8.000
 54.000   -7.833
 54.000   -7.667
 54.000   -7.500
 54.000   -7.333
 54.000   -7.167
 54.000   -7.000
 54.000   -6.833
 54.000   -6.667
 54.000   -6.500
 54.000   -6.333
 54.000   -6.167
 54.000   -6.000
 54.000   -5.833
 54.000   -5.667
 54.000   -5.500
 54.000   -5.333
 54.000   -5.167
 54.000   -5.000
 54.000   -4.833
 54.000   -4.667
 54.000   -4.500
 54.000   -4.333
 54.000   -4.167
 54.000   -4.000
 54.000   -3.833
 54.000   -3.667
 54.000   -3.500
 54.000   -3.333
 54.000   -3.167
 54.000   -3.000
 54.000   -2.833
 54.000   -2.667
 54.000   -2.500
 54.000   -2.333
 54.000   -2.167
 54.000   -2.000
 54.000   -1.833
 54.000   -1.667
 54.000   -1.500
 54.000   -1.333
 54.000   -1.167
 54.000   -1.000
 54.000   -0.833
 54.000   -0.667
 54.000   -0.500
 54.000   -0.333
 54.000   -0.167
 54.000    0.000
 54.000    0.167
 54.000    0.333
 54.000    0.500
 54.000    0.667
 54.000    0.833
 54.000    1.000
 54.000    1.167
 54.000    1.333
 54.000    1.500
 54.000    1.667
 54.000    1.833
 53.833  -10.000
 53.833   -9.833
 53.833   -9.667
 53.833   -9.500
 53.833   -9.333
 53.833   -9.167
 53.833   -9.000
 53.833   -8.833
 53.833   -8.667
 53.833   -8.500
 53.833   -8.333
 53.833   -8.167
 53.833   -8.000
 53.833   -7.833
 53.833   -7.667
 53.833   -7.500
 53.833   -7.333
 53.833   -7.167
 53.833   -7.000
 53.833   -6.833
 53.833   -6.667
 53.833   -6.500
 53.833   -6.333
 53.833   -6.167
 53.833   -6.000
 53.833   -5.833
 53.833   -5.667
 53.833   -5.500
 53.833   -5.333
 53.833   -5.167
 53.833   -5.000
 53.833   -4.833
 53.833   -4.667
 53.833   -4.500
 53.833   -4.333
 53.833   -4.167
 53.833   -4.000
 53.833   -3.833
 53.833   -3.667
 53.833   -3.500
 53.833   -3.333
 53.833   -3.167
 53.833   -3.000
 53.833   -2.833
 53.833   -2.667
 53.833   -2.500
 53.833   -2.333
 53.833   -2.167
 53.833   -2.000
 53.833   -1.833
 53.833   -1.667
 53.833   -1.500
 53.833   -1.333
 53.833   -1.167
 53.833   -1.000
 53.833   -0.833
 53.833   -0.667
 53.833   -0.500
 53.833   -0.333
 53.833   -0.167
 53.833    0.000
 53.833    0.167
 53.833    0.333
 53.833    0.500
 53.833    0.667
 53.833    0.833
 53.833    1.000
 53.833    1.167
 53.833    1.333
 53.833    1.500
 53.833    1.667
 53.833    1.833
 53.667  -10.000
 53.667   -9.833
 53.667   -9.667
 53.667   -9.500
 53.667   -9.333
 53.667   -9.167
 53.667   -9.000
 53.667   -8.833
 53.667   -8.667
 53.667   -8.500
 53.667   -8.333
 53.667   -8.167
 53.667   -8.000
 53.667   -7.833
 53.667   -7.667
 53.667   -7.500
 53.667   -7.333
 53.667   -7.167
 53.667   -7.000
 53.667   -6.833
 53.667   -6.667
 53.667   -6.500
 53.667   -6.333
 53.667   -6.167
 53.667   -6.000
 53.667   -5.833
 53.667   -5.667
 53.667   -5.500
 53.667   -5.333
 53.667   -5.167
 53.667   -5.000
 53.667   -4.833
 53.667   -4.667
 53.667   -4.500
 53.667   -4.333
 53.667   -4.167
 53.667   -4.000
 53.667   -3.833
 53.667   -3.667
 53.667   -3.500
 53.667   -3.333
 53.667   -3.167
 53.667   -3.000
 53.667   -2.833
 53.667   -2.667
 53.667   -2.500
 53.667   -2.333
 53.667   -2.167
 53.667   -2.000
 53.667   -1.833
 53.667   -1.667
 53.667   -1.500
 53.667   -1.333
 53.667   -1.167
 53.667   -1.000
 53.667   -0.833
 53.667   -0.667
 53.667   -0.500
 53.667   -0.333
 53.667   -0.167
 53.667    0.000
 53.667    0.167
 53.667    0.333
 53.667    0.500
 53.667    0.667
 53.667    0.833
 53.667    1.000
 53.667    1.167
 53.667    1.333
 53.667    1.500
 53.667    1.667
 53.667    1.833
 53.500  -10.000
 53.500   -9.833
 53.500   -9.667
 53.500   -9.500
 53.500   -9.333
 53.500   -9.167
 53.500   -9.000
 53.500   -8.833
 53.500   -8.667
 53.500   -8.500
 53.500   -8.333
 53.500   -8.167
 53.500   -8.000
 53.500   -7.833
 53.500   -7.667
 53.500   -7.500
 53.500   -7.333
 53.500   -7.167
 53.500   -7.000
 53.500   -6.833
 53.500   -6.667
 53.500   -6.500
 53.500   -6.333
 53.500   -6.167
 53.500   -6.000
 53.500   -5.833
 53.500   -5.667
 53.500   -5.500
 53.500   -5.333
 53.500   -5.167
 53.500   -5.000
 53.500   -4.833
 53.500   -4.667
 53.500   -4.500
 53.500   -4.333
 53.500   -4.167
 53.500   -4.000
 53.500   -3.833
 53.500   -3.667
 53.500   -3.500
 53.500   -3.333
 53.500   -3.167
 53.500   -3.000
 53.500   -2.833
 53.500   -2.667
 53.500   -2.500
 53.500   -2.333
 53.500   -2.167
 53.500   -2.000
 53.500   -1.833
 53.500   -1.667
 53.500   -1.500
 53.500   -1.333
 53.500   -1.167
 53.500   -1.000
 53.500   -0.833
 53.500   -0.667
 53.500   -0.500
 53.500   -0.333
 53.500   -0.167
 53.500    0.000
 53.500    0.167
 53.500    0.333
 53.500    0.500
 53.500    0.667
 53.500    0.833
 53.500    1.000
 53.500    1.167
 53.500    1.333
 53.500    1.500
 53.500    1.667
 53.500    1.833
 53.333  -10.000
 53.333   -9.833
 53.333   -9.667
 53.333   -9.500
 53.333   -9.333
 53.333   -9.167
 53.333   -9.000
 53.333   -8.833
 53.333   -8.667
 53.333   -8.500
 53.333   -8.333
 53.333   -8.167
 53.333   -8.000
 53.333   -7.833
 53.333   -7.667
 53.333   -7.500
 53.333   -7.333
 53.333   -7.167
 53.333   -7.000
 53.333   -6.833
 53.333   -6.667
 53.333   -6.500
 53.333   -6.333
 53.333   -6.167
 53.333   -6.000
 53.333   -5.833
 53.333   -5.667
 53.333   -5.500
 53.333   -5.333
 53.333   -5.167
 53.333   -5.000
 53.333   -4.833
 53.333   -4.667
 53.333   -4.500
 53.333   -4.333
 53.333   -4.167
 53.333   -4.000
 53.333   -3.833
 53.333   -3.667
 53.333   -3.500
 53.333   -3.333
 53.333   -3.167
 53.333   -3.000
 53.333   -2.833
 53.333   -2.667
 53.333   -2.500
 53.333   -2.333
 53.333   -2.167
 53.333   -2.000
 53.333   -1.833
 53.333   -1.667
 53.333   -1.500
 53.333   -1.333
 53.333   -1.167
 53.333   -1.000
 53.333   -0.833
 53.333   -0.667
 53.333   -0.500
 53.333   -0.333
 53.333   -0.167
 53.333    0.000
 53.333    0.167
 53.333    0.333
 53.333    0.500
 53.333    0.667
 53.333    0.833
 53.333    1.000
 53.333    1.167
 53.333    1.333
 53.333    1.500
 53.333    1.667
 53.333    1.833
 53.167  -10.000
 53.167   -9.833
 53.167   -9.667
 53.167   -9.500
 53.167   -9.333
 53.167   -9.167
 53.167   -9.000
 53.167   -8.833
 53.167   -8.667
 53.167   -8.500
 53.167   -8.333
 53.167   -8.167
 53.167   -8.000
 53.167   -7.833
 53.167   -7.667
 53.167   -7.500
 53.167   -7.333
 53.167   -7.167
 53.167   -7.000
 53.167   -6.833
 53.167   -6.667
 53.167   -6.500
 53.167   -6.333
 53.167   -6.167
 53.167   -6.000
 53.167   -5.833
 53.167   -5.667
 53.167   -5.500
 53.167   -5.333
 53.167   -5.167
 53.167   -5.000
 53.167   -4.833
 53.167   -4.667
 53.167   -4.500
 53.167   -4.333
 53.167   -4.167
 53.167   -4.000
 53.167   -3.833
 53.167   -3.667
 53.167   -3.500
 53.167   -3.333
 53.167   -3.167
 53.167   -3.000
 53.167   -2.833
 53.167   -2.667
 53.167   -2.500
 53.167   -2.333
 53.167   -2.167
 53.167   -2.000
 53.167   -1.833
 53.167   -1.667
 53.167   -1.500
 53.167   -1.333
 53.167   -1.167
 53.167   -1.000
 53.167   -0.833
 53.167   -0.667
 53.167   -0.500
 53.167   -0.333
 53.167   -0.167
 53.167    0.000
 53.167    0.167
 53.167    0.333
 53.167    0.500
 53.167    0.667
 53.167    0.833
 53.167    1.000
 53.167    1.167
 53.167    1.333
 53.167    1.500
 53.167    1.667
 53.167    1.833
 53.000  -10.000
 53.000   -9.833
 53.000   -9.667
 53.000   -9.500
 53.000   -9.333
 53.000   -9.167
 53.000   -9.000
 53.000   -8.833
 53.000   -8.667
 53.000   -8.500
 53.000   -8.333
 53.000   -8.167
 53.000   -8.000
 53.000   -7.833
 53.000   -7.667
 53.000   -7.500
 53.000   -7.333
 53.000   -7.167
 53.000   -7.000
 53.000   -6.833
 53.000   -6.667
 53.000   -6.500
 53.000   -6.333
 53.000   -6.167
 53.000   -6.000
 53.000   -5.833
 53.000   -5.667
 53.000   -5.500
 53.000   -5.333
 53.000   -5.167
 53.000   -5.000
 53.000   -4.833
 53.000   -4.667
 53.000   -4.500
 53.000   -4.333
 53.000   -4.167
 53.000   -4.000
 53.000   -3.833
 53.000   -3.667
 53.000   -3.500
 53.000   -3.333
 53.000   -3.167
 53.000   -3.000
 53.000   -2.833
 53.000   -2.667
 53.000   -2.500
 53.000   -2.333
 53.000   -2.167
 53.000   -2.000
 53.000   -1.833
 53.000   -1.667
 53.000   -1.500
 53.000   -1.333
 53.000   -1.167
 53.000   -1.000
 53.000   -0.833
 53.000   -0.667
 53.000   -0.500
 53.000   -0.333
 53.000   -0.167
 53.000    0.000
 53.000    0.167
 53.000    0.333
 53.000    0.500
 53.000    0.667
 53.000    0.833
 53.000    1.000
 53.000    1.167
 53.000    1.333
 53.000    1.500
 53.000    1.667
 53.000    1.833
 52.833  -10.000
 52.833   -9.833
 52.833   -9.667
 52.833   -9.500
 52.833   -9.333
 52.833   -9.167
 52.833   -9.000
 52.833   -8.833
 52.833   -8.667
 52.833   -8.500
 52.833   -8.333
 52.833   -8.167
 52.833   -8.000
 52.833   -7.833
 52.833   -7.667
 52.833   -7.500
 52.833   -7.333
 52.833   -7.167
 52.833   -7.000
 52.833   -6.833
 52.833   -6.667
 52.833   -6.500
 52.833   -6.333
 52.833   -6.167
 52.833   -6.000
 52.833   -5.833
 52.833   -5.667
 52.833   -5.500
 52.833   -5.333
 52.833   -5.167
 52.833   -5.000
 52.833   -4.833
 52.833   -4.667
 52.833   -4.500
 52.833   -4.333
 52.833   -4.167
 52.833   -4.000
 52.833   -3.833
 52.833   -3.667
 52.833   -3.500
 52.833   -3.333
 52.833   -3.167
 52.833   -3.000
 52.833   -2.833
 52.833   -2.667
 52.833   -2.500
 52.833   -2.333
 52.833   -2.167
 52.833   -2.000
 52.833   -1.833
 52.833   -1.667
 52.833   -1.500
 52.833   -1.333
 52.833   -1.167
 52.833   -1.000
 52.833   -0.833
 52.833   -0.667
 52.833   -0.500
 52.833   -0.333
 52.833   -0.167
 52.833    0.000
 52.833    0.167
 52.833    0.333
 52.833    0.500
 52.833    0.667
 52.833    0.833
 52.833    1.000
 52.833    1.167
 52.833    1.333
 52.833    1.500
 52.833    1.667
 52.833    1.833
 52.667  -10.000
 52.667   -9.833
 52.667   -9.667
 52.667   -9.500
 52.667   -9.333
 52.667   -9.167
 52.667   -9.000
 52.667   -8.833
 52.667   -8.667
 52.667   -8.500
 52.667   -8.333
 52.667   -8.167
 52.667   -8.000
 52.667   -7.833
 52.667   -7.667
 52.667   -7.500
 52.667   -7.333
 52.667   -7.167
 52.667   -7.000
 52.667   -6.833
 52.667   -6.667
 52.667   -6.500
 52.667   -6.333
 52.667   -6.167
 52.667   -6.000
 52.667   -5.833
 52.667   -5.667
 52.667   -5.500
 52.667   -5.333
 52.667   -5.167
 52.667   -5.000
 52.667   -4.833
 52.667   -4.667
 52.667   -4.500
 52.667   -4.333
 52.667   -4.167
 52.667   -4.000
 52.667   -3.833
 52.667   -3.667
 52.667   -3.500
 52.667   -3.333
 52.667   -3.167
 52.667   -3.000
 52.667   -2.833
 52.667   -2.667
 52.667   -2.500
 52.667   -2.333
 52.667   -2.167
 52.667   -2.000
 52.667   -1.833
 52.667   -1.667
 52.667   -1.500
 52.667   -1.333
 52.667   -1.167
 52.667   -1.000
 52.667   -0.833
 52.667   -0.667
 52.667   -0.500
 52.667   -0.333
 52.667   -0.167
 52.667    0.000
 52.667    0.167
 52.667    0.333
 52.667    0.500
 52.667    0.667
 52.667    0.833
 52.667    1.000
 52.667    1.167
 52.667    1.333
 52.667    1.500
 52.667    1.667
 52.667    1.833
 52.500  -10.000
 52.500   -9.833
 52.500   -9.667
 52.500   -9.500
 52.500   -9.333
 52.500   -9.167
 52.500   -9.000
 52.500   -8.833
 52.500   -8.667
 52.500   -8.500
 52.500   -8.333
 52.500   -8.167
 52.500   -8.000
 52.500   -7.833
 52.500   -7.667
 52.500   -7.500
 52.500   -7.333
 52.500   -7.167
 52.500   -7.000
 52.500   -6.833
 52.500   -6.667
 52.500   -6.500
 52.500   -6.333
 52.500   -6.167
 52.500   -6.000
 52.500   -5.833
 52.500   -5.667
 52.500   -5.500
 52.500   -5.333
 52.500   -5.167
 52.500   -5.000
 52.500   -4.833
 52.500   -4.667
 52.500   -4.500
 52.500   -4.333
 52.500   -4.167
 52.500   -4.000
 52.500   -3.833
 52.500   -3.667
 52.500   -3.500
 52.500   -3.333
 52.500   -3.167
 52.500   -3.000
 52.500   -2.833
 52.500   -2.667
 52.500   -2.500
 52.500   -2.333
 52.500   -2.167
 52.500   -2.000
 52.500   -1.833
 52.500   -1.667
 52.500   -1.500
 52.500   -1.333
 52.500   -1.167
 52.500   -1.000
 52.500   -0.833
 52.500   -0.667
 52.500   -0.500
 52.500   -0.333
 52.500   -0.167
 52.500    0.000
 52.500    0.167
 52.500    0.333
 52.500    0.500
 52.500    0.667
 52.500    0.833
 52.500    1.000
 52.500    1.167
 52.500    1.333
 52.500    1.500
 52.500    1.667
 52.500    1.833
 52.333  -10.000
 52.333   -9.833
 52.333   -9.667
 52.333   -9.500
 52.333   -9.333
 52.333   -9.167
 52.333   -9.000
 52.333   -8.833
 52.333   -8.667
 52.333   -8.500
 52.333   -8.333
 52.333   -8.167
 52.333   -8.000
 52.333   -7.833
 52.333   -7.667
 52.333   -7.500
 52.333   -7.333
 52.333   -7.167
 52.333   -7.000
 52.333   -6.833
 52.333   -6.667
 52.333   -6.500
 52.333   -6.333
 52.333   -6.167
 52.333   -6.000
 52.333   -5.833
 52.333   -5.667
 52.333   -5.500
 52.333   -5.333
 52.333   -5.167
 52.333   -5.000
 52.333   -4.833
 52.333   -4.667
 52.333   -4.500
 52.333   -4.333
 52.333   -4.167
 52.333   -4.000
 52.333   -3.833
 52.333   -3.667
 52.333   -3.500
 52.333   -3.333
 52.333   -3.167
 52.333   -3.000
 52.333   -2.833
 52.333   -2.667
 52.333   -2.500
 52.333   -2.333
 52.333   -2.167
 52.333   -2.000
 52.333   -1.833
 52.333   -1.667
 52.333   -1.500
 52.333   -1.333
 52.333   -1.167
 52.333   -1.000
 52.333   -0.833
 52.333   -0.667
 52.333   -0.500
 52.333   -0.333
 52.333   -0.167
 52.333    0.000
 52.333    0.167
 52.333    0.333
 52.333    0.500
 52.333    0.667
 52.333    0.833
 52.333    1.000
 52.333    1.167
 52.333    1.333
 52.333    1.500
 52.333    1.667
 52.333    1.833
 52.167  -10.000
 52.167   -9.833
 52.167   -9.667
 52.167   -9.500
 52.167   -9.333
 52.167   -9.167
 52.167   -9.000
 52.167   -8.833
 52.167   -8.667
 52.167   -8.500
 52.167   -8.333
 52.167   -8.167
 52.167   -8.000
 52.167   -7.833
 52.167   -7.667
 52.167   -7.500
 52.167   -7.333
 52.167   -7.167
 52.167   -7.000
 52.167   -6.833
 52.167   -6.667
 52.167   -6.500
 52.167   -6.333
 52.167   -6.167
 52.167   -6.000
 52.167   -5.833
 52.167   -5.667
 52.167   -5.500
 52.167   -5.333
 52.167   -5.167
 52.167   -5.000
 52.167   -4.833
 52.167   -4.667
 52.167   -4.500
 52.167   -4.333
 52.167   -4.167
 52.167   -4.000
 52.167   -3.833
 52.167   -3.667
 52.167   -3.500
 52.167   -3.333
 52.167   -3.167
 52.167   -3.000
 52.167   -2.833
 52.167   -2.667
 52.167   -2.500
 52.167   -2.333
 52.167   -2.167
 52.167   -2.000
 52.167   -1.833
 52.167   -1.667
 52.167   -1.500
 52.167   -1.333
 52.167   -1.167
 52.167   -1.000
 52.167   -0.833
 52.167   -0.667
 52.167   -0.500
 52.167   -0.333
 52.167   -0.167
 52.167    0.000
 52.167    0.167
 52.167    0.333
 52.167    0.500
 52.167    0.667
 52.167    0.833
 52.167    1.000
 52.167    1.167
 52.167    1.333
 52.167    1.500
 52.167    1.667
 52.167    1.833
 52.000  -10.000
 52.000   -9.833
 52.000   -9.667
 52.000   -9.500
 52.000   -9.333
 52.000   -9.167
 52.000   -9.000
 52.000   -8.833
 52.000   -8.667
 52.000   -8.500
 52.000   -8.333
 52.000   -8.167
 52.000   -8.000
 52.000   -7.833
 52.000   -7.667
 52.000   -7.500
 52.000   -7.333
 52.000   -7.167
 52.000   -7.000
 52.000   -6.833
 52.000   -6.667
 52.000   -6.500
 52.000   -6.333
 52.000   -6.167
 52.000   -6.000
 52.000   -5.833
 52.000   -5.667
 52.000   -5.500
 52.000   -5.333
 52.000   -5.167
 52.000   -5.000
 52.000   -4.833
 52.000   -4.667
 52.000   -4.500
 52.000   -4.333
 52.000   -4.167
 52.000   -4.000
 52.000   -3.833
 52.000   -3.667
 52.000   -3.500
 52.000   -3.333
 52.000   -3.167
 52.000   -3.000
 52.000   -2.833
 52.000   -2.667
 52.000   -2.500
 52.000   -2.333
 52.000   -2.167
 52.000   -2.000
 52.000   -1.833
 52.000   -1.667
 52.000   -1.500
 52.000   -1.333
 52.000   -1.167
 52.000   -1.000
 52.000   -0.833
 52.000   -0.667
 52.000   -0.500
 52.000   -0.333
 52.000   -0.167
 52.000    0.000
 52.000    0.167
 52.000    0.333
 52.000    0.500
 52.000    0.667
 52.000    0.833
 52.000    1.000
 52.000    1.167
 52.000    1.333
 52.000    1.500
 52.000    1.667
 52.000    1.833
 51.833  -10.000
 51.833   -9.833
 51.833   -9.667
 51.833   -9.500
 51.833   -9.333
 51.833   -9.167
 51.833   -9.000
 51.833   -8.833
 51.833   -8.667
 51.833   -8.500
 51.833   -8.333
 51.833   -8.167
 51.833   -8.000
 51.833   -7.833
 51.833   -7.667
 51.833   -7.500
 51.833   -7.333
 51.833   -7.167
 51.833   -7.000
 51.833   -6.833
 51.833   -6.667
 51.833   -6.500
 51.833   -6.333
 51.833   -6.167
 51.833   -6.000
 51.833   -5.833
 51.833   -5.667
 51.833   -5.500
 51.833   -5.333
 51.833   -5.167
 51.833   -5.000
 51.833   -4.833
 51.833   -4.667
 51.833   -4.500
 51.833   -4.333
 51.833   -4.167
 51.833   -4.000
 51.833   -3.833
 51.833   -3.667
 51.833   -3.500
 51.833   -3.333
 51.833   -3.167
 51.833   -3.000
 51.833   -2.833
 51.833   -2.667
 51.833   -2.500
 51.833   -2.333
 51.833   -2.167
 51.833   -2.000
 51.833   -1.833
 51.833   -1.667
 51.833   -1.500
 51.833   -1.333
 51.833   -1.167
 51.833   -1.000
 51.833   -0.833
 51.833   -0.667
 51.833   -0.500
 51.833   -0.333
 51.833   -0.167
 51.833    0.000
 51.833    0.167
 51.833    0.333
 51.833    0.500
 51.833    0.667
 51.833    0.833
 51.833    1.000
 51.833    1.167
 51.833    1.333
 51.833    1.500
 51.833    1.667
 51.833    1.833
 51.667  -10.000
 51.667   -9.833
 51.667   -9.667
 51.667   -9.500
 51.667   -9.333
 51.667   -9.167
 51.667   -9.000
 51.667   -8.833
 51.667   -8.667
 51.667   -8.500
 51.667   -8.333
 51.667   -8.167
 51.667   -8.000
 51.667   -7.833
 51.667   -7.667
 51.667   -7.500
 51.667   -7.333
 51.667   -7.167
 51.667   -7.000
 51.667   -6.833
 51.667   -6.667
 51.667   -6.500
 51.667   -6.333
 51.667   -6.167
 51.667   -6.000
 51.667   -5.833
 51.667   -5.667
 51.667   -5.500
 51.667   -5.333
 51.667   -5.167
 51.667   -5.000
 51.667   -4.833
 51.667   -4.667
 51.667   -4.500
 51.667   -4.333
 51.667   -4.167
 51.667   -4.000
 51.667   -3.833
 51.667   -3.667
 51.667   -3.500
 51.667   -3.333
 51.667   -3.167
 51.667   -3.000
 51.667   -2.833
 51.667   -2.667
 51.667   -2.500
 51.667   -2.333
 51.667   -2.167
 51.667   -2.000
 51.667   -1.833
 51.667   -1.667
 51.667   -1.500
 51.667   -1.333
 51.667   -1.167
 51.667   -1.000
 51.667   -0.833
 51.667   -0.667
 51.667   -0.500
 51.667   -0.333
 51.667   -0.167
 51.667    0.000
 51.667    0.167
 51.667    0.333
 51.667    0.500
 51.667    0.667
 51.667    0.833
 51.667    1.000
 51.667    1.167
 51.667    1.333
 51.667    1.500
 51.667    1.667
 51.667    1.833
 51.500  -10.000
 51.500   -9.833
 51.500   -9.667
 51.500   -9.500
 51.500   -9.333
 51.500   -9.167
 51.500   -9.000
 51.500   -8.833
 51.500   -8.667
 51.500   -8.500
 51.500   -8.333
 51.500   -8.167
 51.500   -8.000
 51.500   -7.833
 51.500   -7.667
 51.500   -7.500
 51.500   -7.333
 51.500   -7.167
 51.500   -7.000
 51.500   -6.833
 51.500   -6.667
 51.500   -6.500
 51.500   -6.333
 51.500   -6.167
 51.500   -6.000
 51.500   -5.833
 51.500   -5.667
 51.500   -5.500
 51.500   -5.333
 51.500   -5.167
 51.500   -5.000
 51.500   -4.833
 51.500   -4.667
 51.500   -4.500
 51.500   -4.333
 51.500   -4.167
 51.500   -4.000
 51.500   -3.833
 51.500   -3.667
 51.500   -3.500
 51.500   -3.333
 51.500   -3.167
 51.500   -3.000
 51.500   -2.833
 51.500   -2.667
 51.500   -2.500
 51.500   -2.333
 51.500   -2.167
 51.500   -2.000
 51.500   -1.833
 51.500   -1.667
 51.500   -1.500
 51.500   -1.333
 51.500   -1.167
 51.500   -1.000
 51.500   -0.833
 51.500   -0.667
 51.500   -0.500
 51.500   -0.333
 51.500   -0.167
 51.500    0.000
 51.500    0.167
 51.500    0.333
 51.500    0.500
 51.500    0.667
 51.500    0.833
 51.500    1.000
 51.500    1.167
 51.500    1.333
 51.500    1.500
 51.500    1.667
 51.500    1.833
 51.333  -10.000
 51.333   -9.833
 51.333   -9.667
 51.333   -9.500
 51.333   -9.333
 51.333   -9.167
 51.333   -9.000
 51.333   -8.833
 51.333   -8.667
 51.333   -8.500
 51.333   -8.333
 51.333   -8.167
 51.333   -8.000
 51.333   -7.833
 51.333   -7.667
 51.333   -7.500
 51.333   -7.333
 51.333   -7.167
 51.333   -7.000
 51.333   -6.833
 51.333   -6.667
 51.333   -6.500
 51.333   -6.333
 51.333   -6.167
 51.333   -6.000
 51.333   -5.833
 51.333   -5.667
 51.333   -5.500
 51.333   -5.333
 51.333   -5.167
 51.333   -5.000
 51.333   -4.833
 51.333   -4.667
 51.333   -4.500
 51.333   -4.333
 51.333   -4.167
 51.333   -4.000
 51.333   -3.833
 51.333   -3.667
 51.333   -3.500
 51.333   -3.333
 51.333   -3.167
 51.333   -3.000
 51.333   -2.833
 51.333   -2.667
 51.333   -2.500
 51.333   -2.333
 51.333   -2.167
 51.333   -2.000
 51.333   -1.833
 51.333   -1.667
 51.333   -1.500
 51.333   -1.333
 51.333   -1.167
 51.333   -1.000
 51.333   -0.833
 51.333   -0.667
 51.333   -0.500
 51.333   -0.333
 51.333   -0.167
 51.333    0.000
 51.333    0.167
 51.333    0.333
 51.333    0.500
 51.333    0.667
 51.333    0.833
 51.333    1.000
 51.333    1.167
 51.333    1.333
 51.333    1.500
 51.333    1.667
 51.333    1.833
 51.167  -10.000
 51.167   -9.833
 51.167   -9.667
 51.167   -9.500
 51.167   -9.333
 51.167   -9.167
 51.167   -9.000
 51.167   -8.833
 51.167   -8.667
 51.167   -8.500
 51.167   -8.333
 51.167   -8.167
 51.167   -8.000
 51.167   -7.833
 51.167   -7.667
 51.167   -7.500
 51.167   -7.333
 51.167   -7.167
 51.167   -7.000
 51.167   -6.833
 51.167   -6.667
 51.167   -6.500
 51.167   -6.333
 51.167   -6.167
 51.167   -6.000
 51.167   -5.833
 51.167   -5.667
 51.167   -5.500
 51.167   -5.333
 51.167   -5.167
 51.167   -5.000
 51.167   -4.833
 51.167   -4.667
 51.167   -4.500
 51.167   -4.333
 51.167   -4.167
 51.167   -4.000
 51.167   -3.833
 51.167   -3.667
 51.167   -3.500
 51.167   -3.333
 51.167   -3.167
 51.167   -3.000
 51.167   -2.833
 51.167   -2.667
 51.167   -2.500
 51.167   -2.333
 51.167   -2.167
 51.167   -2.000
 51.167   -1.833
 51.167   -1.667
 51.167   -1.500
 51.167   -1.333
 51.167   -1.167
 51.167   -1.000
 51.167   -0.833
 51.167   -0.667
 51.167   -0.500
 51.167   -0.333
 51.167   -0.167
 51.167    0.000
 51.167    0.167
 51.167    0.333
 51.167    0.500
 51.167    0.667
 51.167    0.833
 51.167    1.000
 51.167    1.167
 51.167    1.333
 51.167    1.500
 51.167    1.667
 51.167    1.833
 51.000  -10.000
 51.000   -9.833
 51.000   -9.667
 51.000   -9.500
 51.000   -9.333
 51.000   -9.167
 51.000   -9.000
 51.000   -8.833
 51.000   -8.667
 51.000   -8.500
 51.000   -8.333
 51.000   -8.167
 51.000   -8.000
 51.000   -7.833
 51.000   -7.667
 51.000   -7.500
 51.000   -7.333
 51.000   -7.167
 51.000   -7.000
 51.000   -6.833
 51.000   -6.667
 51.000   -6.500
 51.000   -6.333
 51.000   -6.167
 51.000   -6.000
 51.000   -5.833
 51.000   -5.667
 51.000   -5.500
 51.000   -5.333
 51.000   -5.167
 51.000   -5.000
 51.000   -4.833
 51.000   -4.667
 51.000   -4.500
 51.000   -4.333
 51.000   -4.167
 51.000   -4.000
 51.000   -3.833
 51.000   -3.667
 51.000   -3.500
 51.000   -3.333
 51.000   -3.167
 51.000   -3.000
 51.000   -2.833
 51.000   -2.667
 51.000   -2.500
 51.000   -2.333
 51.000   -2.167
 51.000   -2.000
 51.000   -1.833
 51.000   -1.667
 51.000   -1.500
 51.000   -1.333
 51.000   -1.167
 51.000   -1.000
 51.000   -0.833
 51.000   -0.667
 51.000   -0.500
 51.000   -0.333
 51.000   -0.167
 51.000    0.000
 51.000    0.167
 51.000    0.333
 51.000    0.500
 51.000    0.667
 51.000    0.833
 51.000    1.000
 51.000    1.167
 51.000    1.333
 51.000    1.500
 51.000    1.667
 51.000    1.833
 50.833  -10.000
 50.833   -9.833
 50.833   -9.667
 50.833   -9.500
 50.833   -9.333
 50.833   -9.167
 50.833   -9.000
 50.833   -8.833
 50.833   -8.667
 50.833   -8.500
 50.833   -8.333
 50.833   -8.167
 50.833   -8.000
 50.833   -7.833
 50.833   -7.667
 50.833   -7.500
 50.833   -7.333
 50.833   -7.167
 50.833   -7.000
 50.833   -6.833
 50.833   -6.667
 50.833   -6.500
 50.833   -6.333
 50.833   -6.167
 50.833   -6.000
 50.833   -5.833
 50.833   -5.667
 50.833   -5.500
 50.833   -5.333
 50.833   -5.167
 50.833   -5.000
 50.833   -4.833
 50.833   -4.667
 50.833   -4.500
 50.833   -4.333
 50.833   -4.167
 50.833   -4.000
 50.833   -3.833
 50.833   -3.667
 50.833   -3.500
 50.833   -3.333
 50.833   -3.167
 50.833   -3.000
 50.833   -2.833
 50.833   -2.667
 50.833   -2.500
 50.833   -2.333
 50.833   -2.167
 50.833   -2.000
 50.833   -1.833
 50.833   -1.667
 50.833   -1.500
 50.833   -1.333
 50.833   -1.167
 50.833   -1.000
 50.833   -0.833
 50.833   -0.667
 50.833   -0.500
 50.833   -0.333
 50.833   -0.167
 50.833    0.000
 50.833    0.167
 50.833    0.333
 50.833    0.500
 50.833    0.667
 50.833    0.833
 50.833    1.000
 50.833    1.167
 50.833    1.333
 50.833    1.500
 50.833    1.667
 50.833    1.833
 50.667  -10.000
 50.667   -9.833
 50.667   -9.667
 50.667   -9.500
 50.667   -9.333
 50.667   -9.167
 50.667   -9.000
 50.667   -8.833
 50.667   -8.667
 50.667   -8.500
 50.667   -8.333
 50.667   -8.167
 50.667   -8.000
 50.667   -7.833
 50.667   -7.667
 50.667   -7.500
 50.667   -7.333
 50.667   -7.167
 50.667   -7.000
 50.667   -6.833
 50.667   -6.667
 50.667   -6.500
 50.667   -6.333
 50.667   -6.167
 50.667   -6.000
 50.667   -5.833
 50.667   -5.667
 50.667   -5.500
 50.667   -5.333
 50.667   -5.167
 50.667   -5.000
 50.667   -4.833
 50.667   -4.667
 50.667   -4.500
 50.667   -4.333
 50.667   -4.167
 50.667   -4.000
 50.667   -3.833
 50.667   -3.667
 50.667   -3.500
 50.667   -3.333
 50.667   -3.167
 50.667   -3.000
 50.667   -2.833
 50.667   -2.667
 50.667   -2.500
 50.667   -2.333
 50.667   -2.167
 50.667   -2.000
 50.667   -1.833
 50.667   -1.667
 50.667   -1.500
 50.667   -1.333
 50.667   -1.167
 50.667   -1.000
 50.667   -0.833
 50.667   -0.667
 50.667   -0.500
 50.667   -0.333
 50.667   -0.167
 50.667    0.000
 50.667    0.167
 50.667    0.333
 50.667    0.500
 50.667    0.667
 50.667    0.833
 50.667    1.000
 50.667    1.167
 50.667    1.333
 50.667    1.500
 50.667    1.667
 50.667    1.833
 50.500  -10.000
 50.500   -9.833
 50.500   -9.667
 50.500   -9.500
 50.500   -9.333
 50.500   -9.167
 50.500   -9.000
 50.500   -8.833
 50.500   -8.667
 50.500   -8.500
 50.500   -8.333
 50.500   -8.167
 50.500   -8.000
 50.500   -7.833
 50.500   -7.667
 50.500   -7.500
 50.500   -7.333
 50.500   -7.167
 50.500   -7.000
 50.500   -6.833
 50.500   -6.667
 50.500   -6.500
 50.500   -6.333
 50.500   -6.167
 50.500   -6.000
 50.500   -5.833
 50.500   -5.667
 50.500   -5.500
 50.500   -5.333
 50.500   -5.167
 50.500   -5.000
 50.500   -4.833
 50.500   -4.667
 50.500   -4.500
 50.500   -4.333
 50.500   -4.167
 50.500   -4.000
 50.500   -3.833
 50.500   -3.667
 50.500   -3.500
 50.500   -3.333
 50.500   -3.167
 50.500   -3.000
 50.500   -2.833
 50.500   -2.667
 50.500   -2.500
 50.500   -2.333
 50.500   -2.167
 50.500   -2.000
 50.500   -1.833
 50.500   -1.667
 50.500   -1.500
 50.500   -1.333
 50.500   -1.167
 50.500   -1.000
 50.500   -0.833
 50.500   -0.667
 50.500   -0.500
 50.500   -0.333
 50.500   -0.167
 50.500    0.000
 50.500    0.167
 50.500    0.333
 50.500    0.500
 50.500    0.667
 50.500    0.833
 50.500    1.000
 50.500    1.167
 50.500    1.333
 50.500    1.500
 50.500    1.667
 50.500    1.833
 50.333  -10.000
 50.333   -9.833
 50.333   -9.667
 50.333   -9.500
 50.333   -9.333
 50.333   -9.167
 50.333   -9.000
 50.333   -8.833
 50.333   -8.667
 50.333   -8.500
 50.333   -8.333
 50.333   -8.167
 50.333   -8.000
 50.333   -7.833
 50.333   -7.667
 50.333   -7.500
 50.333   -7.333
 50.333   -7.167
 50.333   -7.000
 50.333   -6.833
 50.333   -6.667
 50.333   -6.500
 50.333   -6.333
 50.333   -6.167
 50.333   -6.000
 50.333   -5.833
 50.333   -5.667
 50.333   -5.500
 50.333   -5.333
 50.333   -5.167
 50.333   -5.000
 50.333   -4.833
 50.333   -4.667
 50.333   -4.500
 50.333   -4.333
 50.333   -4.167
 50.333   -4.000
 50.333   -3.833
 50.333   -3.667
 50.333   -3.500
 50.333   -3.333
 50.333   -3.167
 50.333   -3.000
 50.333   -2.833
 50.333   -2.667
 50.333   -2.500
 50.333   -2.333
 50.333   -2.167
 50.333   -2.000
 50.333   -1.833
 50.333   -1.667
 50.333   -1.500
 50.333   -1.333
 50.333   -1.167
 50.333   -1.000
 50.333   -0.833
 50.333   -0.667
 50.333   -0.500
 50.333   -0.333
 50.333   -0.167
 50.333    0.000
 50.333    0.167
 50.333    0.333
 50.333    0.500
 50.333    0.667
 50.333    0.833
 50.333    1.000
 50.333    1.167
 50.333    1.333
 50.333    1.500
 50.333    1.667
 50.333    1.833
 50.167  -10.000
 50.167   -9.833
 50.167   -9.667
 50.167   -9.500
 50.167   -9.333
 50.167   -9.167
 50.167   -9.000
 50.167   -8.833
 50.167   -8.667
 50.167   -8.500
 50.167   -8.333
 50.167   -8.167
 50.167   -8.000
 50.167   -7.833
 50.167   -7.667
 50.167   -7.500
 50.167   -7.333
 50.167   -7.167
 50.167   -7.000
 50.167   -6.833
 50.167   -6.667
 50.167   -6.500
 50.167   -6.333
 50.167   -6.167
 50.167   -6.000
 50.167   -5.833
 50.167   -5.667
 50.167   -5.500
 50.167   -5.333
 50.167   -5.167
 50.167   -5.000
 50.167   -4.833
 50.167   -4.667
 50.167   -4.500
 50.167   -4.333
 50.167   -4.167
 50.167   -4.000
 50.167   -3.833
 50.167   -3.667
 50.167   -3.500
 50.167   -3.333
 50.167   -3.167
 50.167   -3.000
 50.167   -2.833
 50.167   -2.667
 50.167   -2.500
 50.167   -2.333
 50.167   -2.167
 50.167   -2.000
 50.167   -1.833
 50.167   -1.667
 50.167   -1.500
 50.167   -1.333
 50.167   -1.167
 50.167   -1.000
 50.167   -0.833
 50.167   -0.667
 50.167   -0.500
 50.167   -0.333
 50.167   -0.167
 50.167    0.000
 50.167    0.167
 50.167    0.333
 50.167    0.500
 50.167    0.667
 50.167    0.833
 50.167    1.000
 50.167    1.167
 50.167    1.333
 50.167    1.500
 50.167    1.667
 50.167    1.833
 50.000  -10.000
 50.000   -9.833
 50.000   -9.667
 50.000   -9.500
 50.000   -9.333
 50.000   -9.167
 50.000   -9.000
 50.000   -8.833
 50.000   -8.667
 50.000   -8.500
 50.000   -8.333
 50.000   -8.167
 50.000   -8.000
 50.000   -7.833
 50.000   -7.667
 50.000   -7.500
 50.000   -7.333
 50.000   -7.167
 50.000   -7.000
 50.000   -6.833
 50.000   -6.667
 50.000   -6.500
 50.000   -6.333
 50.000   -6.167
 50.000   -6.000
 50.000   -5.833
 50.000   -5.667
 50.000   -5.500
 50.000   -5.333
 50.000   -5.167
 50.000   -5.000
 50.000   -4.833
 50.000   -4.667
 50.000   -4.500
 50.000   -4.333
 50.000   -4.167
 50.000   -4.000
 50.000   -3.833
 50.000   -3.667
 50.000   -3.500
 50.000   -3.333
 50.000   -3.167
 50.000   -3.000
 50.000   -2.833
 50.000   -2.667
 50.000   -2.500
 50.000   -2.333
 50.000   -2.167
 50.000   -2.000
 50.000   -1.833
 50.000   -1.667
 50.000   -1.500
 50.000   -1.333
 50.000   -1.167
 50.000   -1.000
 50.000   -0.833
 50.000   -0.667
 50.000   -0.500
 50.000   -0.333
 50.000   -0.167
 50.000    0.000
 50.000    0.167
 50.000    0.333
 50.000    0.500
 50.000    0.667
 50.000    0.833
 50.000    1.000
 50.000    1.167
 50.000    1.333
 50.000    1.500
 50.000    1.667
 50.000    1.833
 49.833  -10.000
 49.833   -9.833
 49.833   -9.667
 49.833   -9.500
 49.833   -9.333
 49.833   -9.167
 49.833   -9.000
 49.833   -8.833
 49.833   -8.667
 49.833   -8.500
 49.833   -8.333
 49.833   -8.167
 49.833   -8.000
 49.833   -7.833
 49.833   -7.667
 49.833   -7.500
 49.833   -7.333
 49.833   -7.167
 49.833   -7.000
 49.833   -6.833
 49.833   -6.667
 49.833   -6.500
 49.833   -6.333
 49.833   -6.167
 49.833   -6.000
 49.833   -5.833
 49.833   -5.667
 49.833   -5.500
 49.833   -5.333
 49.833   -5.167
 49.833   -5.000
 49.833   -4.833
 49.833   -4.667
 49.833   -4.500
 49.833   -4.333
 49.833   -4.167
 49.833   -4.000
 49.833   -3.833
 49.833   -3.667
 49.833   -3.500
 49.833   -3.333
 49.833   -3.167
 49.833   -3.000
 49.833   -2.833
 49.833   -2.667
 49.833   -2.500
 49.833   -2.333
 49.833   -2.167
 49.833   -2.000
 49.833   -1.833
 49.833   -1.667
 49.833   -1.500
 49.833   -1.333
 49.833   -1.167
 49.833   -1.000
 49.833   -0.833
 49.833   -0.667
 49.833   -0.500
 49.833   -0.333
 49.833   -0.167
 49.833    0.000
 49.833    0.167
 49.833    0.333
 49.833    0.500
 49.833    0.667
 49.833    0.833
 49.833    1.000
 49.833    1.167
 49.833    1.333
 49.833    1.500
 49.833    1.667
 49.833    1.833
 49.667  -10.000
 49.667   -9.833
 49.667   -9.667
 49.667   -9.500
 49.667   -9.333
 49.667   -9.167
 49.667   -9.000
 49.667   -8.833
 49.667   -8.667
 49.667   -8.500
 49.667   -8.333
 49.667   -8.167
 49.667   -8.000
 49.667   -7.833
 49.667   -7.667
 49.667   -7.500
 49.667   -7.333
 49.667   -7.167
 49.667   -7.000
 49.667   -6.833
 49.667   -6.667
 49.667   -6.500
 49.667   -6.333
 49.667   -6.167
 49.667   -6.000
 49.667   -5.833
 49.667   -5.667
 49.667   -5.500
 49.667   -5.333
 49.667   -5.167
 49.667   -5.000
 49.667   -4.833
 49.667   -4.667
 49.667   -4.500
 49.667   -4.333
 49.667   -4.167
 49.667   -4.000
 49.667   -3.833
 49.667   -3.667
 49.667   -3.500
 49.667   -3.333
 49.667   -3.167
 49.667   -3.000
 49.667   -2.833
 49.667   -2.667
 49.667   -2.500
 49.667   -2.333
 49.667   -2.167
 49.667   -2.000
 49.667   -1.833
 49.667   -1.667
 49.667   -1.500
 49.667   -1.333
 49.667   -1.167
 49.667   -1.000
 49.667   -0.833
 49.667   -0.667
 49.667   -0.500
 49.667   -0.333
 49.667   -0.167
 49.667    0.000
 49.667    0.167
 49.667    0.333
 49.667    0.500
 49.667    0.667
 49.667    0.833
 49.667    1.000
 49.667    1.167
 49.667    1.333
 49.667    1.500
 49.667    1.667
 49.667    1.833
 49.500  -10.000
 49.500   -9.833
 49.500   -9.667
 49.500   -9.500
 49.500   -9.333
 49.500   -9.167
 49.500   -9.000
 49.500   -8.833
 49.500   -8.667
 49.500   -8.500
 49.500   -8.333
 49.500   -8.167
 49.500   -8.000
 49.500   -7.833
 49.500   -7.667
 49.500   -7.500
 49.500   -7.333
 49.500   -7.167
 49.500   -7.000
 49.500   -6.833
 49.500   -6.667
 49.500   -6.500
 49.500   -6.333
 49.500   -6.167
 49.500   -6.000
 49.500   -5.833
 49.500   -5.667
 49.500   -5.500
 49.500   -5.333
 49.500   -5.167
 49.500   -5.000
 49.500   -4.833
 49.500   -4.667
 49.500   -4.500
 49.500   -4.333
 49.500   -4.167
 49.500   -4.000
 49.500   -3.833
 49.500   -3.667
 49.500   -3.500
 49.500   -3.333
 49.500   -3.167
 49.500   -3.000
 49.500   -2.833
 49.500   -2.667
 49.500   -2.500
 49.500   -2.333
 49.500   -2.167
 49.500   -2.000
 49.500   -1.833
 49.500   -1.667
 49.500   -1.500
 49.500   -1.333
 49.500   -1.167
 49.500   -1.000
 49.500   -0.833
 49.500   -0.667
 49.500   -0.500
 49.500   -0.333
 49.500   -0.167
 49.500    0.000
 49.500    0.167
 49.500    0.333
 49.500    0.500
 49.500    0.667
 49.500    0.833
 49.500    1.000
 49.500    1.167
 49.500    1.333
 49.500    1.500
 49.500    1.667
 49.500    1.833
 49.333  -10.000
 49.333   -9.833
 49.333   -9.667
 49.333   -9.500
 49.333   -9.333
 49.333   -9.167
 49.333   -9.000
 49.333   -8.833
 49.333   -8.667
 49.333   -8.500
 49.333   -8.333
 49.333   -8.167
 49.333   -8.000
 49.333   -7.833
 49.333   -7.667
 49.333   -7.500
 49.333   -7.333
 49.333   -7.167
 49.333   -7.000
 49.333   -6.833
 49.333   -6.667
 49.333   -6.500
 49.333   -6.333
 49.333   -6.167
 49.333   -6.000
 49.333   -5.833
 49.333   -5.667
 49.333   -5.500
 49.333   -5.333
 49.333   -5.167
 49.333   -5.000
 49.333   -4.833
 49.333   -4.667
 49.333   -4.500
 49.333   -4.333
 49.333   -4.167
 49.333   -4.000
 49.333   -3.833
 49.333   -3.667
 49.333   -3.500
 49.333   -3.333
 49.333   -3.167
 49.333   -3.000
 49.333   -2.833
 49.333   -2.667
 49.333   -2.500
 49.333   -2.333
 49.333   -2.167
 49.333   -2.000
 49.333   -1.833
 49.333   -1.667
 49.333   -1.500
 49.333   -1.333
 49.333   -1.167
 49.333   -1.000
 49.333   -0.833
 49.333   -0.667
 49.333   -0.500
 49.333   -0.333
 49.333   -0.167
 49.333    0.000
 49.333    0.167
 49.333    0.333
 49.333    0.500
 49.333    0.667
 49.333    0.833
 49.333    1.000
 49.333    1.167
 49.333    1.333
 49.333    1.500
 49.333    1.667
 49.333    1.833
 49.167  -10.000
 49.167   -9.833
 49.167   -9.667
 49.167   -9.500
 49.167   -9.333
 49.167   -9.167
 49.167   -9.000
 49.167   -8.833
 49.167   -8.667
 49.167   -8.500
 49.167   -8.333
 49.167   -8.167
 49.167   -8.000
 49.167   -7.833
 49.167   -7.667
 49.167   -7.500
 49.167   -7.333
 49.167   -7.167
 49.167   -7.000
 49.167   -6.833
 49.167   -6.667
 49.167   -6.500
 49.167   -6.333
 49.167   -6.167
 49.167   -6.000
 49.167   -5.833
 49.167   -5.667
 49.167   -5.500
 49.167   -5.333
 49.167   -5.167
 49.167   -5.000
 49.167   -4.833
 49.167   -4.667
 49.167   -4.500
 49.167   -4.333
 49.167   -4.167
 49.167   -4.000
 49.167   -3.833
 49.167   -3.667
 49.167   -3.500
 49.167   -3.333
 49.167   -3.167
 49.167   -3.000
 49.167   -2.833
 49.167   -2.667
 49.167   -2.500
 49.167   -2.333
 49.167   -2.167
 49.167   -2.000
 49.167   -1.833
 49.167   -1.667
 49.167   -1.500
 49.167   -1.333
 49.167   -1.167
 49.167   -1.000
 49.167   -0.833
 49.167   -0.667
 49.167   -0.500
 49.167   -0.333
 49.167   -0.167
 49.167    0.000
 49.167    0.167
 49.167    0.333
 49.167    0.500
 49.167    0.667
 49.167    0.833
 49.167    1.000
 49.167    1.167
 49.167    1.333
 49.167    1.500
 49.167    1.667
 49.167    1.833
 49.000  -10.000
 49.000   -9.833
 49.000   -9.667
 49.000   -9.500
 49.000   -9.333
 49.000   -9.167
 49.000   -9.000
 49.000   -8.833
 49.000   -8.667
 49.000   -8.500
 49.000   -8.333
 49.000   -8.167
 49.000   -8.000
 49.000   -7.833
 49.000   -7.667
 49.000   -7.500
 49.000   -7.333
 49.000   -7.167
 49.000   -7.000
 49.000   -6.833
 49.000   -6.667
 49.000   -6.500
 49.000   -6.333
 49.000   -6.167
 49.000   -6.000
 49.000   -5.833
 49.000   -5.667
 49.000   -5.500
 49.000   -5.333
 49.000   -5.167
 49.000   -5.000
 49.000   -4.833
 49.000   -4.667
 49.000   -4.500
 49.000   -4.333
 49.000   -4.167
 49.000   -4.000
 49.000   -3.833
 49.000   -3.667
 49.000   -3.500
 49.000   -3.333
 49.000   -3.167
 49.000   -3.000
 49.000   -2.833
 49.000   -2.667
 49.000   -2.500
 49.000   -2.333
 49.000   -2.167
 49.000   -2.000
 49.000   -1.833
 49.000   -1.667
 49.000   -1.500
 49.000   -1.333
 49.000   -1.167
 49.000   -1.000
 49.000   -0.833
 49.000   -0.667
 49.000   -0.500
 49.000   -0.333
 49.000   -0.167
 49.000    0.000
 49.000    0.167
 49.000    0.333
 49.000    0.500
 49.000    0.667
 49.000    0.833
 49.000    1.000
 49.000    1.167
 49.000    1.333
 49.000    1.500
 49.000    1.667
 49.000    1.833
 48.833  -10.000
 48.833   -9.833
 48.833   -9.667
 48.833   -9.500
 48.833   -9.333
 48.833   -9.167
 48.833   -9.000
 48.833   -8.833
 48.833   -8.667
 48.833   -8.500
 48.833   -8.333
 48.833   -8.167
 48.833   -8.000
 48.833   -7.833
 48.833   -7.667
 48.833   -7.500
 48.833   -7.333
 48.833   -7.167
 48.833   -7.000
 48.833   -6.833
 48.833   -6.667
 48.833   -6.500
 48.833   -6.333
 48.833   -6.167
 48.833   -6.000
 48.833   -5.833
 48.833   -5.667
 48.833   -5.500
 48.833   -5.333
 48.833   -5.167
 48.833   -5.000
 48.833   -4.833
 48.833   -4.667
 48.833   -4.500
 48.833   -4.333
 48.833   -4.167
 48.833   -4.000
 48.833   -3.833
 48.833   -3.667
 48.833   -3.500
 48.833   -3.333
 48.833   -3.167
 48.833   -3.000
 48.833   -2.833
 48.833   -2.667
 48.833   -2.500
 48.833   -2.333
 48.833   -2.167
 48.833   -2.000
 48.833   -1.833
 48.833   -1.667
 48.833   -1.500
 48.833   -1.333
 48.833   -1.167
 48.833   -1.000
 48.833   -0.833
 48.833   -0.667
 48.833   -0.500
 48.833   -0.333
 48.833   -0.167
 48.833    0.000
 48.833    0.167
 48.833    0.333
 48.833    0.500
 48.833    0.667
 48.833    0.833
 48.833    1.000
 48.833    1.167
 48.833    1.333
 48.833    1.500
 48.833    1.667
 48.833    1.833
 48.667  -10.000
 48.667   -9.833
 48.667   -9.667
 48.667   -9.500
 48.667   -9.333
 48.667   -9.167
 48.667   -9.000
 48.667   -8.833
 48.667   -8.667
 48.667   -8.500
 48.667   -8.333
 48.667   -8.167
 48.667   -8.000
 48.667   -7.833
 48.667   -7.667
 48.667   -7.500
 48.667   -7.333
 48.667   -7.167
 48.667   -7.000
 48.667   -6.833
 48.667   -6.667
 48.667   -6.500
 48.667   -6.333
 48.667   -6.167
 48.667   -6.000
 48.667   -5.833
 48.667   -5.667
 48.667   -5.500
 48.667   -5.333
 48.667   -5.167
 48.667   -5.000
 48.667   -4.833
 48.667   -4.667
 48.667   -4.500
 48.667   -4.333
 48.667   -4.167
 48.667   -4.000
 48.667   -3.833
 48.667   -3.667
 48.667   -3.500
 48.667   -3.333
 48.667   -3.167
 48.667   -3.000
 48.667   -2.833
 48.667   -2.667
 48.667   -2.500
 48.667   -2.333
 48.667   -2.167
 48.667   -2.000
 48.667   -1.833
 48.667   -1.667
 48.667   -1.500
 48.667   -1.333
 48.667   -1.167
 48.667   -1.000
 48.667   -0.833
 48.667   -0.667
 48.667   -0.500
 48.667   -0.333
 48.667   -0.167
 48.667    0.000
 48.667    0.167
 48.667    0.333
 48.667    0.500
 48.667    0.667
 48.667    0.833
 48.667    1.000
 48.667    1.167
 48.667    1.333
 48.667    1.500
 48.667    1.667
 48.667    1.833
 48.500  -10.000
 48.500   -9.833
 48.500   -9.667
 48.500   -9.500
 48.500   -9.333
 48.500   -9.167
 48.500   -9.000
 48.500   -8.833
 48.500   -8.667
 48.500   -8.500
 48.500   -8.333
 48.500   -8.167
 48.500   -8.000
 48.500   -7.833
 48.500   -7.667
 48.500   -7.500
 48.500   -7.333
 48.500   -7.167
 48.500   -7.000
 48.500   -6.833
 48.500   -6.667
 48.500   -6.500
 48.500   -6.333
 48.500   -6.167
 48.500   -6.000
 48.500   -5.833
 48.500   -5.667
 48.500   -5.500
 48.500   -5.333
 48.500   -5.167
 48.500   -5.000
 48.500   -4.833
 48.500   -4.667
 48.500   -4.500
 48.500   -4.333
 48.500   -4.167
 48.500   -4.000
 48.500   -3.833
 48.500   -3.667
 48.500   -3.500
 48.500   -3.333
 48.500   -3.167
 48.500   -3.000
 48.500   -2.833
 48.500   -2.667
 48.500   -2.500
 48.500   -2.333
 48.500   -2.167
 48.500   -2.000
 48.500   -1.833
 48.500   -1.667
 48.500   -1.500
 48.500   -1.333
 48.500   -1.167
 48.500   -1.000
 48.500   -0.833
 48.500   -0.667
 48.500   -0.500
 48.500   -0.333
 48.500   -0.167
 48.500    0.000
 48.500    0.167
 48.500    0.333
 48.500    0.500
 48.500    0.667
 48.500    0.833
 48.500    1.000
 48.500    1.167
 48.500    1.333
 48.500    1.500
 48.500    1.667
 48.500    1.833
 48.333  -10.000
 48.333   -9.833
 48.333   -9.667
 48.333   -9.500
 48.333   -9.333
 48.333   -9.167
 48.333   -9.000
 48.333   -8.833
 48.333   -8.667
 48.333   -8.500
 48.333   -8.333
 48.333   -8.167
 48.333   -8.000
 48.333   -7.833
 48.333   -7.667
 48.333   -7.500
 48.333   -7.333
 48.333   -7.167
 48.333   -7.000
 48.333   -6.833
 48.333   -6.667
 48.333   -6.500
 48.333   -6.333
 48.333   -6.167
 48.333   -6.000
 48.333   -5.833
 48.333   -5.667
 48.333   -5.500
 48.333   -5.333
 48.333   -5.167
 48.333   -5.000
 48.333   -4.833
 48.333   -4.667
 48.333   -4.500
 48.333   -4.333
 48.333   -4.167
 48.333   -4.000
 48.333   -3.833
 48.333   -3.667
 48.333   -3.500
 48.333   -3.333
 48.333   -3.167
 48.333   -3.000
 48.333   -2.833
 48.333   -2.667
 48.333   -2.500
 48.333   -2.333
 48.333   -2.167
 48.333   -2.000
 48.333   -1.833
 48.333   -1.667
 48.333   -1.500
 48.333   -1.333
 48.333   -1.167
 48.333   -1.000
 48.333   -0.833
 48.333   -0.667
 48.333   -0.500
 48.333   -0.333
 48.333   -0.167
 48.333    0.000
 48.333    0.167
 48.333    0.333
 48.333    0.500
 48.333    0.667
 48.333    0.833
 48.333    1.000
 48.333    1.167
 48.333    1.333
 48.333    1.500
 48.333    1.667
 48.333    1.833
 48.167  -10.000
 48.167   -9.833
 48.167   -9.667
 48.167   -9.500
 48.167   -9.333
 48.167   -9.167
 48.167   -9.000
 48.167   -8.833
 48.167   -8.667
 48.167   -8.500
 48.167   -8.333
 48.167   -8.167
 48.167   -8.000
 48.167   -7.833
 48.167   -7.667
 48.167   -7.500
 48.167   -7.333
 48.167   -7.167
 48.167   -7.000
 48.167   -6.833
 48.167   -6.667
 48.167   -6.500
 48.167   -6.333
 48.167   -6.167
 48.167   -6.000
 48.167   -5.833
 48.167   -5.667
 48.167   -5.500
 48.167   -5.333
 48.167   -5.167
 48.167   -5.000
 48.167   -4.833
 48.167   -4.667
 48.167   -4.500
 48.167   -4.333
 48.167   -4.167
 48.167   -4.000
 48.167   -3.833
 48.167   -3.667
 48.167   -3.500
 48.167   -3.333
 48.167   -3.167
 48.167   -3.000
 48.167   -2.833
 48.167   -2.667
 48.167   -2.500
 48.167   -2.333
 48.167   -2.167
 48.167   -2.000
 48.167   -1.833
 48.167   -1.667
 48.167   -1.500
 48.167   -1.333
 48.167   -1.167
 48.167   -1.000
 48.167   -0.833
 48.167   -0.667
 48.167   -0.500
 48.167   -0.333
 48.167   -0.167
 48.167    0.000
 48.167    0.167
 48.167    0.333
 48.167    0.500
 48.167    0.667
 48.167    0.833
 48.167    1.000
 48.167    1.167
 48.167    1.333
 48.167    1.500
 48.167    1.667
 48.167    1.833
