-55.000  -69.000
-53.000  -73.000
-53.000  -71.000
-53.000  -69.000
-51.000  -73.000
-51.000  -71.000
-49.000  -75.000
-49.000  -73.000
-49.000  -71.000
-49.000  -69.000
-47.000  -73.000
-47.000  -71.000
-47.000  -69.000
-47.000  -67.000
-45.000  -73.000
-45.000  -71.000
-45.000  -69.000
-45.000  -67.000
-45.000  169.000
-45.000  171.000
-43.000  -73.000
-43.000  -71.000
-43.000  -69.000
-43.000  -67.000
-43.000  -65.000
-43.000  147.000
-43.000  171.000
-43.000  173.000
-41.000  -73.000
-41.000  -71.000
-41.000  -69.000
-41.000  -67.000
-41.000  -65.000
-41.000  -63.000
-41.000  147.000
-41.000  173.000
-41.000  175.000
-39.000  -73.000
-39.000  -71.000
-39.000  -69.000
-39.000  -67.000
-39.000  -65.000
-39.000  -63.000
-39.000  175.000
-39.000  177.000
-37.000  -73.000
-37.000  -71.000
-37.000  -69.000
-37.000  -67.000
-37.000  -65.000
-37.000  -63.000
-37.000  -61.000
-37.000  -59.000
-37.000  -57.000
-37.000  141.000
-37.000  143.000
-37.000  145.000
-37.000  147.000
-37.000  149.000
-37.000  175.000
-35.000  -71.000
-35.000  -69.000
-35.000  -67.000
-35.000  -65.000
-35.000  -63.000
-35.000  -61.000
-35.000  -59.000
-35.000  117.000
-35.000  139.000
-35.000  141.000
-35.000  143.000
-35.000  145.000
-35.000  147.000
-35.000  149.000
-33.000  -71.000
-33.000  -69.000
-33.000  -67.000
-33.000  -65.000
-33.000  -63.000
-33.000  -61.000
-33.000  -59.000
-33.000  -57.000
-33.000  -55.000
-33.000  -53.000
-33.000   19.000
-33.000   21.000
-33.000   23.000
-33.000   25.000
-33.000   27.000
-33.000  117.000
-33.000  119.000
-33.000  121.000
-33.000  123.000
-33.000  135.000
-33.000  137.000
-33.000  139.000
-33.000  141.000
-33.000  143.000
-33.000  145.000
-33.000  147.000
-33.000  149.000
-33.000  151.000
-31.000  -71.000
-31.000  -69.000
-31.000  -67.000
-31.000  -65.000
-31.000  -63.000
-31.000  -61.000
-31.000  -59.000
-31.000  -57.000
-31.000  -55.000
-31.000  -53.000
-31.000   19.000
-31.000   21.000
-31.000   23.000
-31.000   25.000
-31.000   27.000
-31.000   29.000
-31.000  117.000
-31.000  119.000
-31.000  121.000
-31.000  123.000
-31.000  125.000
-31.000  127.000
-31.000  129.000
-31.000  131.000
-31.000  133.000
-31.000  135.000
-31.000  137.000
-31.000  139.000
-31.000  141.000
-31.000  143.000
-31.000  145.000
-31.000  147.000
-31.000  149.000
-31.000  151.000
-31.000  153.000
-29.000  -71.000
-29.000  -69.000
-29.000  -67.000
-29.000  -65.000
-29.000  -63.000
-29.000  -61.000
-29.000  -59.000
-29.000  -57.000
-29.000  -55.000
-29.000  -53.000
-29.000  -51.000
-29.000   17.000
-29.000   19.000
-29.000   21.000
-29.000   23.000
-29.000   25.000
-29.000   27.000
-29.000   29.000
-29.000   31.000
-29.000  115.000
-29.000  117.000
-29.000  119.000
-29.000  121.000
-29.000  123.000
-29.000  125.000
-29.000  127.000
-29.000  129.000
-29.000  131.000
-29.000  133.000
-29.000  135.000
-29.000  137.000
-29.000  139.000
-29.000  141.000
-29.000  143.000
-29.000  145.000
-29.000  147.000
-29.000  149.000
-29.000  151.000
-29.000  153.000
-27.000  -69.000
-27.000  -67.000
-27.000  -65.000
-27.000  -63.000
-27.000  -61.000
-27.000  -59.000
-27.000  -57.000
-27.000  -55.000
-27.000  -53.000
-27.000  -51.000
-27.000  -49.000
-27.000   17.000
-27.000   19.000
-27.000   21.000
-27.000   23.000
-27.000   25.000
-27.000   27.000
-27.000   29.000
-27.000   31.000
-27.000  115.000
-27.000  117.000
-27.000  119.000
-27.000  121.000
-27.000  123.000
-27.000  125.000
-27.000  127.000
-27.000  129.000
-27.000  131.000
-27.000  133.000
-27.000  135.000
-27.000  137.000
-27.000  139.000
-27.000  141.000
-27.000  143.000
-27.000  145.000
-27.000  147.000
-27.000  149.000
-27.000  151.000
-27.000  153.000
-25.000  -69.000
-25.000  -67.000
-25.000  -65.000
-25.000  -63.000
-25.000  -61.000
-25.000  -59.000
-25.000  -57.000
-25.000  -55.000
-25.000  -53.000
-25.000  -51.000
-25.000  -49.000
-25.000   15.000
-25.000   17.000
-25.000   19.000
-25.000   21.000
-25.000   23.000
-25.000   25.000
-25.000   27.000
-25.000   29.000
-25.000   31.000
-25.000   33.000
-25.000   45.000
-25.000  115.000
-25.000  117.000
-25.000  119.000
-25.000  121.000
-25.000  123.000
-25.000  125.000
-25.000  127.000
-25.000  129.000
-25.000  131.000
-25.000  133.000
-25.000  135.000
-25.000  137.000
-25.000  139.000
-25.000  141.000
-25.000  143.000
-25.000  145.000
-25.000  147.000
-25.000  149.000
-25.000  151.000
-23.000  -69.000
-23.000  -67.000
-23.000  -65.000
-23.000  -63.000
-23.000  -61.000
-23.000  -59.000
-23.000  -57.000
-23.000  -55.000
-23.000  -53.000
-23.000  -51.000
-23.000  -49.000
-23.000  -47.000
-23.000  -45.000
-23.000   15.000
-23.000   17.000
-23.000   19.000
-23.000   21.000
-23.000   23.000
-23.000   25.000
-23.000   27.000
-23.000   29.000
-23.000   31.000
-23.000   33.000
-23.000   35.000
-23.000   45.000
-23.000   47.000
-23.000  115.000
-23.000  117.000
-23.000  119.000
-23.000  121.000
-23.000  123.000
-23.000  125.000
-23.000  127.000
-23.000  129.000
-23.000  131.000
-23.000  133.000
-23.000  135.000
-23.000  137.000
-23.000  139.000
-23.000  141.000
-23.000  143.000
-23.000  145.000
-23.000  147.000
-23.000  149.000
-21.000  -69.000
-21.000  -67.000
-21.000  -65.000
-21.000  -63.000
-21.000  -61.000
-21.000  -59.000
-21.000  -57.000
-21.000  -55.000
-21.000  -53.000
-21.000  -51.000
-21.000  -49.000
-21.000  -47.000
-21.000  -45.000
-21.000  -43.000
-21.000  -41.000
-21.000   15.000
-21.000   17.000
-21.000   19.000
-21.000   21.000
-21.000   23.000
-21.000   25.000
-21.000   27.000
-21.000   29.000
-21.000   31.000
-21.000   33.000
-21.000   35.000
-21.000   45.000
-21.000   47.000
-21.000  117.000
-21.000  119.000
-21.000  121.000
-21.000  123.000
-21.000  125.000
-21.000  127.000
-21.000  129.000
-21.000  131.000
-21.000  133.000
-21.000  135.000
-21.000  137.000
-21.000  139.000
-21.000  141.000
-21.000  143.000
-21.000  145.000
-21.000  147.000
-21.000  149.000
-19.000  -69.000
-19.000  -67.000
-19.000  -65.000
-19.000  -63.000
-19.000  -61.000
-19.000  -59.000
-19.000  -57.000
-19.000  -55.000
-19.000  -53.000
-19.000  -51.000
-19.000  -49.000
-19.000  -47.000
-19.000  -45.000
-19.000  -43.000
-19.000  -41.000
-19.000   13.000
-19.000   15.000
-19.000   17.000
-19.000   19.000
-19.000   21.000
-19.000   23.000
-19.000   25.000
-19.000   27.000
-19.000   29.000
-19.000   31.000
-19.000   33.000
-19.000   35.000
-19.000   45.000
-19.000   47.000
-19.000   49.000
-19.000  123.000
-19.000  125.000
-19.000  127.000
-19.000  129.000
-19.000  131.000
-19.000  133.000
-19.000  135.000
-19.000  137.000
-19.000  139.000
-19.000  141.000
-19.000  143.000
-19.000  145.000
-17.000  -71.000
-17.000  -69.000
-17.000  -67.000
-17.000  -65.000
-17.000  -63.000
-17.000  -61.000
-17.000  -59.000
-17.000  -57.000
-17.000  -55.000
-17.000  -53.000
-17.000  -51.000
-17.000  -49.000
-17.000  -47.000
-17.000  -45.000
-17.000  -43.000
-17.000  -41.000
-17.000   13.000
-17.000   15.000
-17.000   17.000
-17.000   19.000
-17.000   21.000
-17.000   23.000
-17.000   25.000
-17.000   27.000
-17.000   29.000
-17.000   31.000
-17.000   33.000
-17.000   35.000
-17.000   37.000
-17.000   39.000
-17.000   45.000
-17.000   47.000
-17.000   49.000
-17.000  123.000
-17.000  125.000
-17.000  127.000
-17.000  129.000
-17.000  131.000
-17.000  133.000
-17.000  135.000
-17.000  137.000
-17.000  139.000
-17.000  141.000
-17.000  143.000
-17.000  145.000
-15.000  -75.000
-15.000  -73.000
-15.000  -71.000
-15.000  -69.000
-15.000  -67.000
-15.000  -65.000
-15.000  -63.000
-15.000  -61.000
-15.000  -59.000
-15.000  -57.000
-15.000  -55.000
-15.000  -53.000
-15.000  -51.000
-15.000  -49.000
-15.000  -47.000
-15.000  -45.000
-15.000  -43.000
-15.000  -41.000
-15.000   13.000
-15.000   15.000
-15.000   17.000
-15.000   19.000
-15.000   21.000
-15.000   23.000
-15.000   25.000
-15.000   27.000
-15.000   29.000
-15.000   31.000
-15.000   33.000
-15.000   35.000
-15.000   37.000
-15.000   39.000
-15.000   49.000
-15.000  127.000
-15.000  129.000
-15.000  131.000
-15.000  133.000
-15.000  135.000
-15.000  143.000
-15.000  145.000
-13.000  -75.000
-13.000  -73.000
-13.000  -71.000
-13.000  -69.000
-13.000  -67.000
-13.000  -65.000
-13.000  -63.000
-13.000  -61.000
-13.000  -59.000
-13.000  -57.000
-13.000  -55.000
-13.000  -53.000
-13.000  -51.000
-13.000  -49.000
-13.000  -47.000
-13.000  -45.000
-13.000  -43.000
-13.000  -41.000
-13.000  -39.000
-13.000   13.000
-13.000   15.000
-13.000   17.000
-13.000   19.000
-13.000   21.000
-13.000   23.000
-13.000   25.000
-13.000   27.000
-13.000   29.000
-13.000   31.000
-13.000   33.000
-13.000   35.000
-13.000   37.000
-13.000   39.000
-13.000   49.000
-13.000  131.000
-13.000  133.000
-13.000  135.000
-13.000  143.000
-11.000  -77.000
-11.000  -75.000
-11.000  -73.000
-11.000  -71.000
-11.000  -69.000
-11.000  -67.000
-11.000  -65.000
-11.000  -63.000
-11.000  -61.000
-11.000  -59.000
-11.000  -57.000
-11.000  -55.000
-11.000  -53.000
-11.000  -51.000
-11.000  -49.000
-11.000  -47.000
-11.000  -45.000
-11.000  -43.000
-11.000  -41.000
-11.000  -39.000
-11.000  -37.000
-11.000   15.000
-11.000   17.000
-11.000   19.000
-11.000   21.000
-11.000   23.000
-11.000   25.000
-11.000   27.000
-11.000   29.000
-11.000   31.000
-11.000   33.000
-11.000   35.000
-11.000   37.000
-11.000   39.000
 -9.000  -77.000
 -9.000  -75.000
 -9.000  -73.000
 -9.000  -71.000
 -9.000  -69.000
 -9.000  -67.000
 -9.000  -65.000
 -9.000  -63.000
 -9.000  -61.000
 -9.000  -59.000
 -9.000  -57.000
 -9.000  -55.000
 -9.000  -53.000
 -9.000  -51.000
 -9.000  -49.000
 -9.000  -47.000
 -9.000  -45.000
 -9.000  -43.000
 -9.000  -41.000
 -9.000  -39.000
 -9.000  -37.000
 -9.000   15.000
 -9.000   17.000
 -9.000   19.000
 -9.000   21.000
 -9.000   23.000
 -9.000   25.000
 -9.000   27.000
 -9.000   29.000
 -9.000   31.000
 -9.000   33.000
 -9.000   35.000
 -9.000   37.000
 -9.000   39.000
 -9.000  125.000
 -9.000  141.000
 -9.000  147.000
 -7.000  -79.000
 -7.000  -77.000
 -7.000  -75.000
 -7.000  -73.000
 -7.000  -71.000
 -7.000  -69.000
 -7.000  -67.000
 -7.000  -65.000
 -7.000  -63.000
 -7.000  -61.000
 -7.000  -59.000
 -7.000  -57.000
 -7.000  -55.000
 -7.000  -53.000
 -7.000  -51.000
 -7.000  -49.000
 -7.000  -47.000
 -7.000  -45.000
 -7.000  -43.000
 -7.000  -41.000
 -7.000  -39.000
 -7.000  -37.000
 -7.000  -35.000
 -7.000   13.000
 -7.000   15.000
 -7.000   17.000
 -7.000   19.000
 -7.000   21.000
 -7.000   23.000
 -7.000   25.000
 -7.000   27.000
 -7.000   29.000
 -7.000   31.000
 -7.000   33.000
 -7.000   35.000
 -7.000   37.000
 -7.000   39.000
 -7.000  107.000
 -7.000  109.000
 -7.000  111.000
 -7.000  139.000
 -7.000  141.000
 -7.000  143.000
 -7.000  145.000
 -7.000  147.000
 -5.000  -81.000
 -5.000  -79.000
 -5.000  -77.000
 -5.000  -75.000
 -5.000  -73.000
 -5.000  -71.000
 -5.000  -69.000
 -5.000  -67.000
 -5.000  -65.000
 -5.000  -63.000
 -5.000  -61.000
 -5.000  -59.000
 -5.000  -57.000
 -5.000  -55.000
 -5.000  -53.000
 -5.000  -51.000
 -5.000  -49.000
 -5.000  -47.000
 -5.000  -45.000
 -5.000  -43.000
 -5.000  -41.000
 -5.000  -39.000
 -5.000  -37.000
 -5.000   13.000
 -5.000   15.000
 -5.000   17.000
 -5.000   19.000
 -5.000   21.000
 -5.000   23.000
 -5.000   25.000
 -5.000   27.000
 -5.000   29.000
 -5.000   31.000
 -5.000   33.000
 -5.000   35.000
 -5.000   37.000
 -5.000   39.000
 -5.000  105.000
 -5.000  139.000
 -5.000  141.000
 -5.000  143.000
 -5.000  145.000
 -3.000  -79.000
 -3.000  -77.000
 -3.000  -75.000
 -3.000  -73.000
 -3.000  -71.000
 -3.000  -69.000
 -3.000  -67.000
 -3.000  -65.000
 -3.000  -63.000
 -3.000  -61.000
 -3.000  -59.000
 -3.000  -57.000
 -3.000  -55.000
 -3.000  -53.000
 -3.000  -51.000
 -3.000  -49.000
 -3.000  -47.000
 -3.000  -45.000
 -3.000  -43.000
 -3.000  -41.000
 -3.000   11.000
 -3.000   13.000
 -3.000   15.000
 -3.000   17.000
 -3.000   19.000
 -3.000   21.000
 -3.000   23.000
 -3.000   25.000
 -3.000   27.000
 -3.000   29.000
 -3.000   31.000
 -3.000   33.000
 -3.000   35.000
 -3.000   37.000
 -3.000   39.000
 -3.000  103.000
 -3.000  105.000
 -3.000  111.000
 -3.000  113.000
 -3.000  115.000
 -3.000  119.000
 -3.000  121.000
 -3.000  133.000
 -3.000  137.000
 -3.000  139.000
 -3.000  141.000
 -1.000  -79.000
 -1.000  -77.000
 -1.000  -75.000
 -1.000  -73.000
 -1.000  -71.000
 -1.000  -69.000
 -1.000  -67.000
 -1.000  -65.000
 -1.000  -63.000
 -1.000  -61.000
 -1.000  -59.000
 -1.000  -57.000
 -1.000  -55.000
 -1.000  -53.000
 -1.000  -51.000
 -1.000  -49.000
 -1.000  -47.000
 -1.000    9.000
 -1.000   11.000
 -1.000   13.000
 -1.000   15.000
 -1.000   17.000
 -1.000   19.000
 -1.000   21.000
 -1.000   23.000
 -1.000   25.000
 -1.000   27.000
 -1.000   29.000
 -1.000   31.000
 -1.000   33.000
 -1.000   35.000
 -1.000   37.000
 -1.000   39.000
 -1.000   41.000
 -1.000  101.000
 -1.000  103.000
 -1.000  111.000
 -1.000  113.000
 -1.000  115.000
 -1.000  117.000
 -1.000  133.000
  1.000  -79.000
  1.000  -77.000
  1.000  -75.000
  1.000  -73.000
  1.000  -71.000
  1.000  -69.000
  1.000  -67.000
  1.000  -65.000
  1.000  -63.000
  1.000  -61.000
  1.000  -59.000
  1.000  -57.000
  1.000  -55.000
  1.000  -53.000
  1.000  -51.000
  1.000   11.000
  1.000   13.000
  1.000   15.000
  1.000   17.000
  1.000   19.000
  1.000   21.000
  1.000   23.000
  1.000   25.000
  1.000   27.000
  1.000   29.000
  1.000   31.000
  1.000   33.000
  1.000   35.000
  1.000   37.000
  1.000   39.000
  1.000   41.000
  1.000   43.000
  1.000   99.000
  1.000  101.000
  1.000  103.000
  1.000  111.000
  1.000  113.000
  1.000  115.000
  1.000  117.000
  3.000  -77.000
  3.000  -75.000
  3.000  -73.000
  3.000  -71.000
  3.000  -69.000
  3.000  -67.000
  3.000  -65.000
  3.000  -63.000
  3.000  -61.000
  3.000  -59.000
  3.000  -57.000
  3.000  -55.000
  3.000  -53.000
  3.000  -51.000
  3.000   11.000
  3.000   13.000
  3.000   15.000
  3.000   17.000
  3.000   19.000
  3.000   21.000
  3.000   23.000
  3.000   25.000
  3.000   27.000
  3.000   29.000
  3.000   31.000
  3.000   33.000
  3.000   35.000
  3.000   37.000
  3.000   39.000
  3.000   41.000
  3.000   43.000
  3.000   45.000
  3.000   99.000
  3.000  103.000
  3.000  113.000
  3.000  115.000
  3.000  117.000
  5.000  -77.000
  5.000  -75.000
  5.000  -73.000
  5.000  -71.000
  5.000  -69.000
  5.000  -67.000
  5.000  -65.000
  5.000  -63.000
  5.000  -61.000
  5.000  -59.000
  5.000  -57.000
  5.000  -55.000
  5.000  -53.000
  5.000   -9.000
  5.000   -7.000
  5.000    7.000
  5.000    9.000
  5.000   11.000
  5.000   13.000
  5.000   15.000
  5.000   17.000
  5.000   19.000
  5.000   21.000
  5.000   23.000
  5.000   25.000
  5.000   27.000
  5.000   29.000
  5.000   31.000
  5.000   33.000
  5.000   35.000
  5.000   37.000
  5.000   39.000
  5.000   41.000
  5.000   43.000
  5.000   45.000
  5.000   47.000
  5.000   97.000
  5.000  101.000
  5.000  103.000
  5.000  115.000
  5.000  117.000
  7.000  -77.000
  7.000  -75.000
  7.000  -73.000
  7.000  -71.000
  7.000  -69.000
  7.000  -67.000
  7.000  -65.000
  7.000  -63.000
  7.000  -61.000
  7.000  -59.000
  7.000  -11.000
  7.000   -9.000
  7.000   -7.000
  7.000   -5.000
  7.000   -3.000
  7.000   -1.000
  7.000    1.000
  7.000    3.000
  7.000    5.000
  7.000    7.000
  7.000    9.000
  7.000   11.000
  7.000   13.000
  7.000   15.000
  7.000   17.000
  7.000   19.000
  7.000   21.000
  7.000   23.000
  7.000   25.000
  7.000   27.000
  7.000   29.000
  7.000   31.000
  7.000   33.000
  7.000   35.000
  7.000   37.000
  7.000   39.000
  7.000   41.000
  7.000   43.000
  7.000   45.000
  7.000   47.000
  7.000   49.000
  7.000   81.000
  7.000  125.000
  9.000  -83.000
  9.000  -75.000
  9.000  -73.000
  9.000  -71.000
  9.000  -69.000
  9.000  -67.000
  9.000  -65.000
  9.000  -63.000
  9.000  -61.000
  9.000  -13.000
  9.000  -11.000
  9.000   -9.000
  9.000   -7.000
  9.000   -5.000
  9.000   -3.000
  9.000   -1.000
  9.000    1.000
  9.000    3.000
  9.000    5.000
  9.000    7.000
  9.000    9.000
  9.000   11.000
  9.000   13.000
  9.000   15.000
  9.000   17.000
  9.000   19.000
  9.000   21.000
  9.000   23.000
  9.000   25.000
  9.000   27.000
  9.000   29.000
  9.000   31.000
  9.000   33.000
  9.000   35.000
  9.000   37.000
  9.000   39.000
  9.000   41.000
  9.000   43.000
  9.000   45.000
  9.000   47.000
  9.000   49.000
  9.000   77.000
  9.000   99.000
  9.000  125.000
 11.000  -85.000
 11.000  -73.000
 11.000  -71.000
 11.000  -69.000
 11.000  -15.000
 11.000  -13.000
 11.000  -11.000
 11.000   -9.000
 11.000   -7.000
 11.000   -5.000
 11.000   -3.000
 11.000   -1.000
 11.000    1.000
 11.000    3.000
 11.000    5.000
 11.000    7.000
 11.000    9.000
 11.000   11.000
 11.000   13.000
 11.000   15.000
 11.000   17.000
 11.000   19.000
 11.000   21.000
 11.000   23.000
 11.000   25.000
 11.000   27.000
 11.000   29.000
 11.000   31.000
 11.000   33.000
 11.000   35.000
 11.000   37.000
 11.000   39.000
 11.000   41.000
 11.000   43.000
 11.000   49.000
 11.000   77.000
 11.000   79.000
 11.000  105.000
 11.000  107.000
 13.000  -87.000
 13.000  -85.000
 13.000  -15.000
 13.000  -13.000
 13.000  -11.000
 13.000   -9.000
 13.000   -7.000
 13.000   -5.000
 13.000   -3.000
 13.000   -1.000
 13.000    1.000
 13.000    3.000
 13.000    5.000
 13.000    7.000
 13.000    9.000
 13.000   11.000
 13.000   13.000
 13.000   15.000
 13.000   17.000
 13.000   19.000
 13.000   21.000
 13.000   23.000
 13.000   25.000
 13.000   27.000
 13.000   29.000
 13.000   31.000
 13.000   33.000
 13.000   35.000
 13.000   37.000
 13.000   39.000
 13.000   41.000
 13.000   45.000
 13.000   75.000
 13.000   77.000
 13.000   79.000
 13.000   99.000
 13.000  101.000
 13.000  103.000
 13.000  105.000
 13.000  107.000
 13.000  109.000
 15.000  -91.000
 15.000  -89.000
 15.000  -87.000
 15.000  -85.000
 15.000  -17.000
 15.000  -15.000
 15.000  -13.000
 15.000  -11.000
 15.000   -9.000
 15.000   -7.000
 15.000   -5.000
 15.000   -3.000
 15.000   -1.000
 15.000    1.000
 15.000    3.000
 15.000    5.000
 15.000    7.000
 15.000    9.000
 15.000   11.000
 15.000   13.000
 15.000   15.000
 15.000   17.000
 15.000   19.000
 15.000   21.000
 15.000   23.000
 15.000   25.000
 15.000   27.000
 15.000   29.000
 15.000   31.000
 15.000   33.000
 15.000   35.000
 15.000   37.000
 15.000   39.000
 15.000   43.000
 15.000   45.000
 15.000   47.000
 15.000   49.000
 15.000   75.000
 15.000   77.000
 15.000   79.000
 15.000   99.000
 15.000  101.000
 15.000  103.000
 15.000  105.000
 15.000  107.000
 15.000  121.000
 17.000  -99.000
 17.000  -97.000
 17.000  -95.000
 17.000  -93.000
 17.000  -91.000
 17.000  -89.000
 17.000  -15.000
 17.000  -13.000
 17.000  -11.000
 17.000   -9.000
 17.000   -7.000
 17.000   -5.000
 17.000   -3.000
 17.000   -1.000
 17.000    1.000
 17.000    3.000
 17.000    5.000
 17.000    7.000
 17.000    9.000
 17.000   11.000
 17.000   13.000
 17.000   15.000
 17.000   17.000
 17.000   19.000
 17.000   21.000
 17.000   23.000
 17.000   25.000
 17.000   27.000
 17.000   29.000
 17.000   31.000
 17.000   33.000
 17.000   35.000
 17.000   37.000
 17.000   39.000
 17.000   43.000
 17.000   45.000
 17.000   47.000
 17.000   49.000
 17.000   51.000
 17.000   53.000
 17.000   75.000
 17.000   77.000
 17.000   79.000
 17.000   81.000
 17.000   95.000
 17.000   97.000
 17.000   99.000
 17.000  101.000
 17.000  103.000
 17.000  105.000
 17.000  107.000
 17.000  121.000
 19.000 -103.000
 19.000 -101.000
 19.000  -99.000
 19.000  -97.000
 19.000  -91.000
 19.000  -89.000
 19.000  -71.000
 19.000  -15.000
 19.000  -13.000
 19.000  -11.000
 19.000   -9.000
 19.000   -7.000
 19.000   -5.000
 19.000   -3.000
 19.000   -1.000
 19.000    1.000
 19.000    3.000
 19.000    5.000
 19.000    7.000
 19.000    9.000
 19.000   11.000
 19.000   13.000
 19.000   15.000
 19.000   17.000
 19.000   19.000
 19.000   21.000
 19.000   23.000
 19.000   25.000
 19.000   27.000
 19.000   29.000
 19.000   31.000
 19.000   33.000
 19.000   35.000
 19.000   37.000
 19.000   43.000
 19.000   45.000
 19.000   47.000
 19.000   49.000
 19.000   51.000
 19.000   53.000
 19.000   55.000
 19.000   57.000
 19.000   73.000
 19.000   75.000
 19.000   77.000
 19.000   79.000
 19.000   81.000
 19.000   83.000
 19.000   95.000
 19.000   97.000
 19.000   99.000
 19.000  101.000
 19.000  103.000
 19.000  105.000
 19.000  109.000
 21.000 -105.000
 21.000 -103.000
 21.000 -101.000
 21.000  -99.000
 21.000  -89.000
 21.000  -77.000
 21.000  -15.000
 21.000  -13.000
 21.000  -11.000
 21.000   -9.000
 21.000   -7.000
 21.000   -5.000
 21.000   -3.000
 21.000   -1.000
 21.000    1.000
 21.000    3.000
 21.000    5.000
 21.000    7.000
 21.000    9.000
 21.000   11.000
 21.000   13.000
 21.000   15.000
 21.000   17.000
 21.000   19.000
 21.000   21.000
 21.000   23.000
 21.000   25.000
 21.000   27.000
 21.000   29.000
 21.000   31.000
 21.000   33.000
 21.000   35.000
 21.000   37.000
 21.000   41.000
 21.000   43.000
 21.000   45.000
 21.000   47.000
 21.000   49.000
 21.000   51.000
 21.000   53.000
 21.000   55.000
 21.000   57.000
 21.000   71.000
 21.000   73.000
 21.000   75.000
 21.000   77.000
 21.000   79.000
 21.000   81.000
 21.000   83.000
 21.000   85.000
 21.000   87.000
 21.000   93.000
 21.000   95.000
 21.000   97.000
 21.000   99.000
 21.000  101.000
 21.000  103.000
 21.000  105.000
 21.000  107.000
 23.000 -105.000
 23.000 -103.000
 23.000 -101.000
 23.000  -99.000
 23.000  -81.000
 23.000  -15.000
 23.000  -13.000
 23.000  -11.000
 23.000   -9.000
 23.000   -7.000
 23.000   -5.000
 23.000   -3.000
 23.000   -1.000
 23.000    1.000
 23.000    3.000
 23.000    5.000
 23.000    7.000
 23.000    9.000
 23.000   11.000
 23.000   13.000
 23.000   15.000
 23.000   17.000
 23.000   19.000
 23.000   21.000
 23.000   23.000
 23.000   25.000
 23.000   27.000
 23.000   29.000
 23.000   31.000
 23.000   33.000
 23.000   35.000
 23.000   39.000
 23.000   41.000
 23.000   43.000
 23.000   45.000
 23.000   47.000
 23.000   49.000
 23.000   51.000
 23.000   53.000
 23.000   55.000
 23.000   57.000
 23.000   59.000
 23.000   69.000
 23.000   71.000
 23.000   73.000
 23.000   75.000
 23.000   77.000
 23.000   79.000
 23.000   81.000
 23.000   83.000
 23.000   85.000
 23.000   87.000
 23.000   89.000
 23.000   91.000
 23.000   93.000
 23.000   95.000
 23.000   97.000
 23.000   99.000
 23.000  101.000
 23.000  103.000
 23.000  105.000
 23.000  107.000
 23.000  109.000
 23.000  111.000
 23.000  113.000
 23.000  115.000
 23.000  121.000
 25.000 -111.000
 25.000 -107.000
 25.000 -105.000
 25.000 -103.000
 25.000 -101.000
 25.000  -99.000
 25.000  -13.000
 25.000  -11.000
 25.000   -9.000
 25.000   -7.000
 25.000   -5.000
 25.000   -3.000
 25.000   -1.000
 25.000    1.000
 25.000    3.000
 25.000    5.000
 25.000    7.000
 25.000    9.000
 25.000   11.000
 25.000   13.000
 25.000   15.000
 25.000   17.000
 25.000   19.000
 25.000   21.000
 25.000   23.000
 25.000   25.000
 25.000   27.000
 25.000   29.000
 25.000   31.000
 25.000   33.000
 25.000   39.000
 25.000   41.000
 25.000   43.000
 25.000   45.000
 25.000   47.000
 25.000   49.000
 25.000   51.000
 25.000   67.000
 25.000   69.000
 25.000   71.000
 25.000   73.000
 25.000   75.000
 25.000   77.000
 25.000   79.000
 25.000   81.000
 25.000   83.000
 25.000   85.000
 25.000   87.000
 25.000   89.000
 25.000   91.000
 25.000   93.000
 25.000   95.000
 25.000   97.000
 25.000   99.000
 25.000  101.000
 25.000  103.000
 25.000  105.000
 25.000  107.000
 25.000  109.000
 25.000  111.000
 25.000  113.000
 25.000  115.000
 25.000  117.000
 27.000 -113.000
 27.000 -109.000
 27.000 -107.000
 27.000 -105.000
 27.000 -103.000
 27.000 -101.000
 27.000  -99.000
 27.000  -81.000
 27.000  -13.000
 27.000  -11.000
 27.000   -9.000
 27.000   -7.000
 27.000   -5.000
 27.000   -3.000
 27.000   -1.000
 27.000    1.000
 27.000    3.000
 27.000    5.000
 27.000    7.000
 27.000    9.000
 27.000   11.000
 27.000   13.000
 27.000   15.000
 27.000   17.000
 27.000   19.000
 27.000   21.000
 27.000   23.000
 27.000   25.000
 27.000   27.000
 27.000   29.000
 27.000   31.000
 27.000   33.000
 27.000   37.000
 27.000   39.000
 27.000   41.000
 27.000   43.000
 27.000   45.000
 27.000   47.000
 27.000   49.000
 27.000   55.000
 27.000   57.000
 27.000   59.000
 27.000   61.000
 27.000   63.000
 27.000   65.000
 27.000   67.000
 27.000   69.000
 27.000   71.000
 27.000   73.000
 27.000   75.000
 27.000   77.000
 27.000   79.000
 27.000   81.000
 27.000   83.000
 27.000   85.000
 27.000   87.000
 27.000   89.000
 27.000   91.000
 27.000   93.000
 27.000   95.000
 27.000   97.000
 27.000   99.000
 27.000  101.000
 27.000  103.000
 27.000  105.000
 27.000  107.000
 27.000  109.000
 27.000  111.000
 27.000  113.000
 27.000  115.000
 27.000  117.000
 27.000  119.000
 29.000 -111.000
 29.000 -109.000
 29.000 -107.000
 29.000 -105.000
 29.000 -103.000
 29.000 -101.000
 29.000  -99.000
 29.000  -97.000
 29.000  -81.000
 29.000   -9.000
 29.000   -7.000
 29.000   -5.000
 29.000   -3.000
 29.000   -1.000
 29.000    1.000
 29.000    3.000
 29.000    5.000
 29.000    7.000
 29.000    9.000
 29.000   11.000
 29.000   13.000
 29.000   15.000
 29.000   17.000
 29.000   19.000
 29.000   21.000
 29.000   23.000
 29.000   25.000
 29.000   27.000
 29.000   29.000
 29.000   31.000
 29.000   33.000
 29.000   35.000
 29.000   37.000
 29.000   39.000
 29.000   41.000
 29.000   43.000
 29.000   45.000
 29.000   47.000
 29.000   51.000
 29.000   53.000
 29.000   55.000
 29.000   57.000
 29.000   59.000
 29.000   61.000
 29.000   63.000
 29.000   65.000
 29.000   67.000
 29.000   69.000
 29.000   71.000
 29.000   73.000
 29.000   75.000
 29.000   77.000
 29.000   79.000
 29.000   81.000
 29.000   83.000
 29.000   85.000
 29.000   87.000
 29.000   89.000
 29.000   91.000
 29.000   93.000
 29.000   95.000
 29.000   97.000
 29.000   99.000
 29.000  101.000
 29.000  103.000
 29.000  105.000
 29.000  107.000
 29.000  109.000
 29.000  111.000
 29.000  113.000
 29.000  115.000
 29.000  117.000
 29.000  119.000
 29.000  121.000
 31.000 -115.000
 31.000 -113.000
 31.000 -111.000
 31.000 -109.000
 31.000 -107.000
 31.000 -105.000
 31.000 -103.000
 31.000 -101.000
 31.000  -99.000
 31.000  -97.000
 31.000  -95.000
 31.000  -93.000
 31.000  -91.000
 31.000  -89.000
 31.000  -87.000
 31.000  -85.000
 31.000  -83.000
 31.000   -9.000
 31.000   -7.000
 31.000   -5.000
 31.000   -3.000
 31.000   -1.000
 31.000    1.000
 31.000    3.000
 31.000    5.000
 31.000    7.000
 31.000    9.000
 31.000   11.000
 31.000   13.000
 31.000   15.000
 31.000   17.000
 31.000   21.000
 31.000   23.000
 31.000   25.000
 31.000   27.000
 31.000   31.000
 31.000   33.000
 31.000   35.000
 31.000   37.000
 31.000   39.000
 31.000   41.000
 31.000   43.000
 31.000   45.000
 31.000   47.000
 31.000   49.000
 31.000   51.000
 31.000   53.000
 31.000   55.000
 31.000   57.000
 31.000   59.000
 31.000   61.000
 31.000   63.000
 31.000   65.000
 31.000   67.000
 31.000   69.000
 31.000   71.000
 31.000   73.000
 31.000   75.000
 31.000   77.000
 31.000   79.000
 31.000   81.000
 31.000   83.000
 31.000   85.000
 31.000   87.000
 31.000   89.000
 31.000   91.000
 31.000   93.000
 31.000   95.000
 31.000   97.000
 31.000   99.000
 31.000  101.000
 31.000  103.000
 31.000  105.000
 31.000  107.000
 31.000  109.000
 31.000  111.000
 31.000  113.000
 31.000  115.000
 31.000  117.000
 31.000  119.000
 31.000  121.000
 33.000 -117.000
 33.000 -115.000
 33.000 -113.000
 33.000 -111.000
 33.000 -109.000
 33.000 -107.000
 33.000 -105.000
 33.000 -103.000
 33.000 -101.000
 33.000  -99.000
 33.000  -97.000
 33.000  -95.000
 33.000  -93.000
 33.000  -91.000
 33.000  -89.000
 33.000  -87.000
 33.000  -85.000
 33.000  -83.000
 33.000  -81.000
 33.000   -7.000
 33.000   -5.000
 33.000   -3.000
 33.000   -1.000
 33.000    1.000
 33.000    3.000
 33.000    5.000
 33.000    7.000
 33.000    9.000
 33.000   11.000
 33.000   37.000
 33.000   39.000
 33.000   41.000
 33.000   43.000
 33.000   45.000
 33.000   47.000
 33.000   49.000
 33.000   51.000
 33.000   53.000
 33.000   55.000
 33.000   57.000
 33.000   59.000
 33.000   61.000
 33.000   63.000
 33.000   65.000
 33.000   67.000
 33.000   69.000
 33.000   71.000
 33.000   73.000
 33.000   75.000
 33.000   77.000
 33.000   79.000
 33.000   81.000
 33.000   83.000
 33.000   85.000
 33.000   87.000
 33.000   89.000
 33.000   91.000
 33.000   93.000
 33.000   95.000
 33.000   97.000
 33.000   99.000
 33.000  101.000
 33.000  103.000
 33.000  105.000
 33.000  107.000
 33.000  109.000
 33.000  111.000
 33.000  113.000
 33.000  115.000
 33.000  117.000
 33.000  119.000
 33.000  131.000
 35.000 -119.000
 35.000 -117.000
 35.000 -115.000
 35.000 -113.000
 35.000 -111.000
 35.000 -109.000
 35.000 -107.000
 35.000 -105.000
 35.000 -103.000
 35.000 -101.000
 35.000  -99.000
 35.000  -97.000
 35.000  -95.000
 35.000  -93.000
 35.000  -91.000
 35.000  -89.000
 35.000  -87.000
 35.000  -85.000
 35.000  -83.000
 35.000  -81.000
 35.000  -79.000
 35.000  -77.000
 35.000   -5.000
 35.000   -3.000
 35.000   -1.000
 35.000    1.000
 35.000    3.000
 35.000    5.000
 35.000    7.000
 35.000    9.000
 35.000   37.000
 35.000   39.000
 35.000   41.000
 35.000   43.000
 35.000   45.000
 35.000   47.000
 35.000   49.000
 35.000   51.000
 35.000   53.000
 35.000   55.000
 35.000   57.000
 35.000   59.000
 35.000   61.000
 35.000   63.000
 35.000   65.000
 35.000   67.000
 35.000   69.000
 35.000   71.000
 35.000   73.000
 35.000   75.000
 35.000   77.000
 35.000   79.000
 35.000   81.000
 35.000   83.000
 35.000   85.000
 35.000   87.000
 35.000   89.000
 35.000   91.000
 35.000   93.000
 35.000   95.000
 35.000   97.000
 35.000   99.000
 35.000  101.000
 35.000  103.000
 35.000  105.000
 35.000  107.000
 35.000  109.000
 35.000  111.000
 35.000  113.000
 35.000  115.000
 35.000  117.000
 35.000  119.000
 35.000  127.000
 35.000  133.000
 35.000  135.000
 35.000  137.000
 35.000  139.000
 37.000 -121.000
 37.000 -119.000
 37.000 -117.000
 37.000 -115.000
 37.000 -113.000
 37.000 -111.000
 37.000 -109.000
 37.000 -107.000
 37.000 -105.000
 37.000 -103.000
 37.000 -101.000
 37.000  -99.000
 37.000  -97.000
 37.000  -95.000
 37.000  -93.000
 37.000  -91.000
 37.000  -89.000
 37.000  -87.000
 37.000  -85.000
 37.000  -83.000
 37.000  -81.000
 37.000  -79.000
 37.000  -77.000
 37.000   -5.000
 37.000   -3.000
 37.000    9.000
 37.000   29.000
 37.000   31.000
 37.000   33.000
 37.000   35.000
 37.000   37.000
 37.000   39.000
 37.000   41.000
 37.000   43.000
 37.000   45.000
 37.000   47.000
 37.000   49.000
 37.000   51.000
 37.000   53.000
 37.000   55.000
 37.000   57.000
 37.000   59.000
 37.000   61.000
 37.000   63.000
 37.000   65.000
 37.000   67.000
 37.000   69.000
 37.000   71.000
 37.000   73.000
 37.000   75.000
 37.000   77.000
 37.000   79.000
 37.000   81.000
 37.000   83.000
 37.000   85.000
 37.000   87.000
 37.000   89.000
 37.000   91.000
 37.000   93.000
 37.000   95.000
 37.000   97.000
 37.000   99.000
 37.000  101.000
 37.000  103.000
 37.000  105.000
 37.000  107.000
 37.000  109.000
 37.000  111.000
 37.000  113.000
 37.000  115.000
 37.000  117.000
 37.000  119.000
 37.000  121.000
 37.000  127.000
 37.000  129.000
 37.000  139.000
 39.000 -123.000
 39.000 -121.000
 39.000 -119.000
 39.000 -117.000
 39.000 -115.000
 39.000 -113.000
 39.000 -111.000
 39.000 -109.000
 39.000 -107.000
 39.000 -105.000
 39.000 -103.000
 39.000 -101.000
 39.000  -99.000
 39.000  -97.000
 39.000  -95.000
 39.000  -93.000
 39.000  -91.000
 39.000  -89.000
 39.000  -87.000
 39.000  -85.000
 39.000  -83.000
 39.000  -81.000
 39.000  -79.000
 39.000  -77.000
 39.000  -75.000
 39.000   -9.000
 39.000   -7.000
 39.000   -5.000
 39.000   -3.000
 39.000   -1.000
 39.000   21.000
 39.000   23.000
 39.000   27.000
 39.000   29.000
 39.000   31.000
 39.000   33.000
 39.000   35.000
 39.000   37.000
 39.000   39.000
 39.000   41.000
 39.000   43.000
 39.000   45.000
 39.000   47.000
 39.000   49.000
 39.000   51.000
 39.000   53.000
 39.000   55.000
 39.000   57.000
 39.000   59.000
 39.000   61.000
 39.000   63.000
 39.000   65.000
 39.000   67.000
 39.000   69.000
 39.000   71.000
 39.000   73.000
 39.000   75.000
 39.000   77.000
 39.000   79.000
 39.000   81.000
 39.000   83.000
 39.000   85.000
 39.000   87.000
 39.000   89.000
 39.000   91.000
 39.000   93.000
 39.000   95.000
 39.000   97.000
 39.000   99.000
 39.000  101.000
 39.000  103.000
 39.000  105.000
 39.000  107.000
 39.000  109.000
 39.000  111.000
 39.000  113.000
 39.000  115.000
 39.000  117.000
 39.000  127.000
 39.000  141.000
 41.000 -123.000
 41.000 -121.000
 41.000 -119.000
 41.000 -117.000
 41.000 -115.000
 41.000 -113.000
 41.000 -111.000
 41.000 -109.000
 41.000 -107.000
 41.000 -105.000
 41.000 -103.000
 41.000 -101.000
 41.000  -99.000
 41.000  -97.000
 41.000  -95.000
 41.000  -93.000
 41.000  -91.000
 41.000  -89.000
 41.000  -87.000
 41.000  -85.000
 41.000  -83.000
 41.000  -81.000
 41.000  -79.000
 41.000  -77.000
 41.000  -75.000
 41.000  -73.000
 41.000   -7.000
 41.000   -5.000
 41.000   -3.000
 41.000   -1.000
 41.000    1.000
 41.000   15.000
 41.000   17.000
 41.000   21.000
 41.000   23.000
 41.000   25.000
 41.000   27.000
 41.000   31.000
 41.000   33.000
 41.000   35.000
 41.000   37.000
 41.000   39.000
 41.000   41.000
 41.000   43.000
 41.000   45.000
 41.000   47.000
 41.000   49.000
 41.000   51.000
 41.000   53.000
 41.000   55.000
 41.000   57.000
 41.000   59.000
 41.000   61.000
 41.000   63.000
 41.000   65.000
 41.000   67.000
 41.000   69.000
 41.000   71.000
 41.000   73.000
 41.000   75.000
 41.000   77.000
 41.000   79.000
 41.000   81.000
 41.000   83.000
 41.000   85.000
 41.000   87.000
 41.000   89.000
 41.000   91.000
 41.000   93.000
 41.000   95.000
 41.000   97.000
 41.000   99.000
 41.000  101.000
 41.000  103.000
 41.000  105.000
 41.000  107.000
 41.000  109.000
 41.000  111.000
 41.000  113.000
 41.000  115.000
 41.000  117.000
 41.000  119.000
 41.000  121.000
 41.000  123.000
 41.000  125.000
 41.000  127.000
 41.000  129.000
 41.000  141.000
 43.000 -123.000
 43.000 -121.000
 43.000 -119.000
 43.000 -117.000
 43.000 -115.000
 43.000 -113.000
 43.000 -111.000
 43.000 -109.000
 43.000 -107.000
 43.000 -105.000
 43.000 -103.000
 43.000 -101.000
 43.000  -99.000
 43.000  -97.000
 43.000  -95.000
 43.000  -93.000
 43.000  -91.000
 43.000  -89.000
 43.000  -87.000
 43.000  -85.000
 43.000  -83.000
 43.000  -81.000
 43.000  -79.000
 43.000  -77.000
 43.000  -75.000
 43.000  -73.000
 43.000  -71.000
 43.000   -7.000
 43.000   -5.000
 43.000   -3.000
 43.000   -1.000
 43.000    1.000
 43.000    3.000
 43.000   11.000
 43.000   13.000
 43.000   19.000
 43.000   21.000
 43.000   23.000
 43.000   25.000
 43.000   27.000
 43.000   41.000
 43.000   43.000
 43.000   45.000
 43.000   47.000
 43.000   49.000
 43.000   51.000
 43.000   53.000
 43.000   55.000
 43.000   57.000
 43.000   59.000
 43.000   61.000
 43.000   63.000
 43.000   65.000
 43.000   67.000
 43.000   69.000
 43.000   71.000
 43.000   73.000
 43.000   75.000
 43.000   77.000
 43.000   79.000
 43.000   81.000
 43.000   83.000
 43.000   85.000
 43.000   87.000
 43.000   89.000
 43.000   91.000
 43.000   93.000
 43.000   95.000
 43.000   97.000
 43.000   99.000
 43.000  101.000
 43.000  103.000
 43.000  105.000
 43.000  107.000
 43.000  109.000
 43.000  111.000
 43.000  113.000
 43.000  115.000
 43.000  117.000
 43.000  119.000
 43.000  121.000
 43.000  123.000
 43.000  125.000
 43.000  127.000
 43.000  129.000
 43.000  131.000
 43.000  133.000
 43.000  141.000
 43.000  143.000
 45.000 -123.000
 45.000 -121.000
 45.000 -119.000
 45.000 -117.000
 45.000 -115.000
 45.000 -113.000
 45.000 -111.000
 45.000 -109.000
 45.000 -107.000
 45.000 -105.000
 45.000 -103.000
 45.000 -101.000
 45.000  -99.000
 45.000  -97.000
 45.000  -95.000
 45.000  -93.000
 45.000  -91.000
 45.000  -89.000
 45.000  -87.000
 45.000  -85.000
 45.000  -83.000
 45.000  -81.000
 45.000  -79.000
 45.000  -77.000
 45.000  -75.000
 45.000  -73.000
 45.000  -71.000
 45.000  -69.000
 45.000  -67.000
 45.000  -65.000
 45.000  -63.000
 45.000   -1.000
 45.000    1.000
 45.000    3.000
 45.000    5.000
 45.000    7.000
 45.000    9.000
 45.000   11.000
 45.000   15.000
 45.000   17.000
 45.000   19.000
 45.000   21.000
 45.000   23.000
 45.000   25.000
 45.000   27.000
 45.000   29.000
 45.000   39.000
 45.000   41.000
 45.000   43.000
 45.000   45.000
 45.000   47.000
 45.000   49.000
 45.000   51.000
 45.000   53.000
 45.000   55.000
 45.000   57.000
 45.000   59.000
 45.000   61.000
 45.000   63.000
 45.000   65.000
 45.000   67.000
 45.000   69.000
 45.000   71.000
 45.000   73.000
 45.000   75.000
 45.000   77.000
 45.000   79.000
 45.000   81.000
 45.000   83.000
 45.000   85.000
 45.000   87.000
 45.000   89.000
 45.000   91.000
 45.000   93.000
 45.000   95.000
 45.000   97.000
 45.000   99.000
 45.000  101.000
 45.000  103.000
 45.000  105.000
 45.000  107.000
 45.000  109.000
 45.000  111.000
 45.000  113.000
 45.000  115.000
 45.000  117.000
 45.000  119.000
 45.000  121.000
 45.000  123.000
 45.000  125.000
 45.000  127.000
 45.000  129.000
 45.000  131.000
 45.000  133.000
 45.000  135.000
 47.000 -123.000
 47.000 -121.000
 47.000 -119.000
 47.000 -117.000
 47.000 -115.000
 47.000 -113.000
 47.000 -111.000
 47.000 -109.000
 47.000 -107.000
 47.000 -105.000
 47.000 -103.000
 47.000 -101.000
 47.000  -99.000
 47.000  -97.000
 47.000  -95.000
 47.000  -93.000
 47.000  -91.000
 47.000  -89.000
 47.000  -87.000
 47.000  -85.000
 47.000  -83.000
 47.000  -81.000
 47.000  -79.000
 47.000  -77.000
 47.000  -75.000
 47.000  -73.000
 47.000  -71.000
 47.000  -69.000
 47.000  -67.000
 47.000  -65.000
 47.000   -1.000
 47.000    1.000
 47.000    3.000
 47.000    5.000
 47.000    7.000
 47.000    9.000
 47.000   11.000
 47.000   13.000
 47.000   15.000
 47.000   17.000
 47.000   19.000
 47.000   21.000
 47.000   23.000
 47.000   25.000
 47.000   27.000
 47.000   29.000
 47.000   31.000
 47.000   33.000
 47.000   35.000
 47.000   37.000
 47.000   39.000
 47.000   41.000
 47.000   43.000
 47.000   45.000
 47.000   47.000
 47.000   49.000
 47.000   51.000
 47.000   53.000
 47.000   55.000
 47.000   57.000
 47.000   59.000
 47.000   61.000
 47.000   63.000
 47.000   65.000
 47.000   67.000
 47.000   69.000
 47.000   71.000
 47.000   73.000
 47.000   75.000
 47.000   77.000
 47.000   79.000
 47.000   81.000
 47.000   83.000
 47.000   85.000
 47.000   87.000
 47.000   89.000
 47.000   91.000
 47.000   93.000
 47.000   95.000
 47.000   97.000
 47.000   99.000
 47.000  101.000
 47.000  103.000
 47.000  105.000
 47.000  107.000
 47.000  109.000
 47.000  111.000
 47.000  113.000
 47.000  115.000
 47.000  117.000
 47.000  119.000
 47.000  121.000
 47.000  123.000
 47.000  125.000
 47.000  127.000
 47.000  129.000
 47.000  131.000
 47.000  133.000
 47.000  135.000
 47.000  137.000
 47.000  143.000
 49.000 -125.000
 49.000 -123.000
 49.000 -121.000
 49.000 -119.000
 49.000 -117.000
 49.000 -115.000
 49.000 -113.000
 49.000 -111.000
 49.000 -109.000
 49.000 -107.000
 49.000 -105.000
 49.000 -103.000
 49.000 -101.000
 49.000  -99.000
 49.000  -97.000
 49.000  -95.000
 49.000  -93.000
 49.000  -91.000
 49.000  -89.000
 49.000  -87.000
 49.000  -85.000
 49.000  -83.000
 49.000  -81.000
 49.000  -79.000
 49.000  -77.000
 49.000  -75.000
 49.000  -73.000
 49.000  -71.000
 49.000  -69.000
 49.000  -67.000
 49.000  -65.000
 49.000  -57.000
 49.000  -55.000
 49.000   -1.000
 49.000    1.000
 49.000    3.000
 49.000    5.000
 49.000    7.000
 49.000    9.000
 49.000   11.000
 49.000   13.000
 49.000   15.000
 49.000   17.000
 49.000   19.000
 49.000   21.000
 49.000   23.000
 49.000   25.000
 49.000   27.000
 49.000   29.000
 49.000   31.000
 49.000   33.000
 49.000   35.000
 49.000   37.000
 49.000   39.000
 49.000   41.000
 49.000   43.000
 49.000   45.000
 49.000   47.000
 49.000   49.000
 49.000   51.000
 49.000   53.000
 49.000   55.000
 49.000   57.000
 49.000   59.000
 49.000   61.000
 49.000   63.000
 49.000   65.000
 49.000   67.000
 49.000   69.000
 49.000   71.000
 49.000   73.000
 49.000   75.000
 49.000   77.000
 49.000   79.000
 49.000   81.000
 49.000   83.000
 49.000   85.000
 49.000   87.000
 49.000   89.000
 49.000   91.000
 49.000   93.000
 49.000   95.000
 49.000   97.000
 49.000   99.000
 49.000  101.000
 49.000  103.000
 49.000  105.000
 49.000  107.000
 49.000  109.000
 49.000  111.000
 49.000  113.000
 49.000  115.000
 49.000  117.000
 49.000  119.000
 49.000  121.000
 49.000  123.000
 49.000  125.000
 49.000  127.000
 49.000  129.000
 49.000  131.000
 49.000  133.000
 49.000  135.000
 49.000  137.000
 49.000  139.000
 49.000  143.000
 51.000 -127.000
 51.000 -125.000
 51.000 -123.000
 51.000 -121.000
 51.000 -119.000
 51.000 -117.000
 51.000 -115.000
 51.000 -113.000
 51.000 -111.000
 51.000 -109.000
 51.000 -107.000
 51.000 -105.000
 51.000 -103.000
 51.000 -101.000
 51.000  -99.000
 51.000  -97.000
 51.000  -95.000
 51.000  -93.000
 51.000  -91.000
 51.000  -89.000
 51.000  -87.000
 51.000  -85.000
 51.000  -83.000
 51.000  -81.000
 51.000  -79.000
 51.000  -77.000
 51.000  -75.000
 51.000  -73.000
 51.000  -71.000
 51.000  -69.000
 51.000  -67.000
 51.000  -65.000
 51.000  -63.000
 51.000  -61.000
 51.000  -59.000
 51.000   -3.000
 51.000   -1.000
 51.000    3.000
 51.000    5.000
 51.000    7.000
 51.000    9.000
 51.000   11.000
 51.000   13.000
 51.000   15.000
 51.000   17.000
 51.000   19.000
 51.000   21.000
 51.000   23.000
 51.000   25.000
 51.000   27.000
 51.000   29.000
 51.000   31.000
 51.000   33.000
 51.000   35.000
 51.000   37.000
 51.000   39.000
 51.000   41.000
 51.000   43.000
 51.000   45.000
 51.000   47.000
 51.000   49.000
 51.000   51.000
 51.000   53.000
 51.000   55.000
 51.000   57.000
 51.000   59.000
 51.000   61.000
 51.000   63.000
 51.000   65.000
 51.000   67.000
 51.000   69.000
 51.000   71.000
 51.000   73.000
 51.000   75.000
 51.000   77.000
 51.000   79.000
 51.000   81.000
 51.000   83.000
 51.000   85.000
 51.000   87.000
 51.000   89.000
 51.000   91.000
 51.000   93.000
 51.000   95.000
 51.000   97.000
 51.000   99.000
 51.000  101.000
 51.000  103.000
 51.000  105.000
 51.000  107.000
 51.000  109.000
 51.000  111.000
 51.000  113.000
 51.000  115.000
 51.000  117.000
 51.000  119.000
 51.000  121.000
 51.000  123.000
 51.000  125.000
 51.000  127.000
 51.000  129.000
 51.000  131.000
 51.000  133.000
 51.000  135.000
 51.000  137.000
 51.000  139.000
 51.000  143.000
 53.000 -129.000
 53.000 -127.000
 53.000 -125.000
 53.000 -123.000
 53.000 -121.000
 53.000 -119.000
 53.000 -117.000
 53.000 -115.000
 53.000 -113.000
 53.000 -111.000
 53.000 -109.000
 53.000 -107.000
 53.000 -105.000
 53.000 -103.000
 53.000 -101.000
 53.000  -99.000
 53.000  -97.000
 53.000  -95.000
 53.000  -93.000
 53.000  -91.000
 53.000  -89.000
 53.000  -87.000
 53.000  -85.000
 53.000  -83.000
 53.000  -77.000
 53.000  -75.000
 53.000  -73.000
 53.000  -71.000
 53.000  -69.000
 53.000  -67.000
 53.000  -65.000
 53.000  -63.000
 53.000  -61.000
 53.000  -59.000
 53.000  -57.000
 53.000   -9.000
 53.000   -7.000
 53.000   -3.000
 53.000   -1.000
 53.000    7.000
 53.000    9.000
 53.000   11.000
 53.000   13.000
 53.000   15.000
 53.000   17.000
 53.000   19.000
 53.000   21.000
 53.000   23.000
 53.000   25.000
 53.000   27.000
 53.000   29.000
 53.000   31.000
 53.000   33.000
 53.000   35.000
 53.000   37.000
 53.000   39.000
 53.000   41.000
 53.000   43.000
 53.000   45.000
 53.000   47.000
 53.000   49.000
 53.000   51.000
 53.000   53.000
 53.000   55.000
 53.000   57.000
 53.000   59.000
 53.000   61.000
 53.000   63.000
 53.000   65.000
 53.000   67.000
 53.000   69.000
 53.000   71.000
 53.000   73.000
 53.000   75.000
 53.000   77.000
 53.000   79.000
 53.000   81.000
 53.000   83.000
 53.000   85.000
 53.000   87.000
 53.000   89.000
 53.000   91.000
 53.000   93.000
 53.000   95.000
 53.000   97.000
 53.000   99.000
 53.000  101.000
 53.000  103.000
 53.000  105.000
 53.000  107.000
 53.000  109.000
 53.000  111.000
 53.000  113.000
 53.000  115.000
 53.000  117.000
 53.000  119.000
 53.000  121.000
 53.000  123.000
 53.000  125.000
 53.000  127.000
 53.000  129.000
 53.000  131.000
 53.000  133.000
 53.000  135.000
 53.000  137.000
 53.000  139.000
 53.000  141.000
 53.000  157.000
 53.000  159.000
 55.000 -131.000
 55.000 -129.000
 55.000 -127.000
 55.000 -125.000
 55.000 -123.000
 55.000 -121.000
 55.000 -119.000
 55.000 -117.000
 55.000 -115.000
 55.000 -113.000
 55.000 -111.000
 55.000 -109.000
 55.000 -107.000
 55.000 -105.000
 55.000 -103.000
 55.000 -101.000
 55.000  -99.000
 55.000  -97.000
 55.000  -95.000
 55.000  -93.000
 55.000  -91.000
 55.000  -89.000
 55.000  -87.000
 55.000  -85.000
 55.000  -77.000
 55.000  -75.000
 55.000  -73.000
 55.000  -71.000
 55.000  -69.000
 55.000  -67.000
 55.000  -65.000
 55.000  -63.000
 55.000  -61.000
 55.000  -59.000
 55.000   -7.000
 55.000   -3.000
 55.000    9.000
 55.000   21.000
 55.000   23.000
 55.000   25.000
 55.000   27.000
 55.000   29.000
 55.000   31.000
 55.000   33.000
 55.000   35.000
 55.000   37.000
 55.000   39.000
 55.000   41.000
 55.000   43.000
 55.000   45.000
 55.000   47.000
 55.000   49.000
 55.000   51.000
 55.000   53.000
 55.000   55.000
 55.000   57.000
 55.000   59.000
 55.000   61.000
 55.000   63.000
 55.000   65.000
 55.000   67.000
 55.000   69.000
 55.000   71.000
 55.000   73.000
 55.000   75.000
 55.000   77.000
 55.000   79.000
 55.000   81.000
 55.000   83.000
 55.000   85.000
 55.000   87.000
 55.000   89.000
 55.000   91.000
 55.000   93.000
 55.000   95.000
 55.000   97.000
 55.000   99.000
 55.000  101.000
 55.000  103.000
 55.000  105.000
 55.000  107.000
 55.000  109.000
 55.000  111.000
 55.000  113.000
 55.000  115.000
 55.000  117.000
 55.000  119.000
 55.000  121.000
 55.000  123.000
 55.000  125.000
 55.000  127.000
 55.000  129.000
 55.000  131.000
 55.000  133.000
 55.000  135.000
 55.000  157.000
 55.000  159.000
 55.000  161.000
 57.000 -135.000
 57.000 -133.000
 57.000 -131.000
 57.000 -129.000
 57.000 -127.000
 57.000 -125.000
 57.000 -123.000
 57.000 -121.000
 57.000 -119.000
 57.000 -117.000
 57.000 -115.000
 57.000 -113.000
 57.000 -111.000
 57.000 -109.000
 57.000 -107.000
 57.000 -105.000
 57.000 -103.000
 57.000 -101.000
 57.000  -99.000
 57.000  -97.000
 57.000  -95.000
 57.000  -93.000
 57.000  -91.000
 57.000  -75.000
 57.000  -73.000
 57.000  -71.000
 57.000  -69.000
 57.000  -67.000
 57.000  -65.000
 57.000  -63.000
 57.000   -5.000
 57.000   -3.000
 57.000    9.000
 57.000   13.000
 57.000   15.000
 57.000   23.000
 57.000   25.000
 57.000   27.000
 57.000   29.000
 57.000   31.000
 57.000   33.000
 57.000   35.000
 57.000   37.000
 57.000   39.000
 57.000   41.000
 57.000   43.000
 57.000   45.000
 57.000   47.000
 57.000   49.000
 57.000   51.000
 57.000   53.000
 57.000   55.000
 57.000   57.000
 57.000   59.000
 57.000   61.000
 57.000   63.000
 57.000   65.000
 57.000   67.000
 57.000   69.000
 57.000   71.000
 57.000   73.000
 57.000   75.000
 57.000   77.000
 57.000   79.000
 57.000   81.000
 57.000   83.000
 57.000   85.000
 57.000   87.000
 57.000   89.000
 57.000   91.000
 57.000   93.000
 57.000   95.000
 57.000   97.000
 57.000   99.000
 57.000  101.000
 57.000  103.000
 57.000  105.000
 57.000  107.000
 57.000  109.000
 57.000  111.000
 57.000  113.000
 57.000  115.000
 57.000  117.000
 57.000  119.000
 57.000  121.000
 57.000  123.000
 57.000  125.000
 57.000  127.000
 57.000  129.000
 57.000  131.000
 57.000  133.000
 57.000  135.000
 57.000  137.000
 57.000  157.000
 57.000  159.000
 57.000  161.000
 59.000 -161.000
 59.000 -159.000
 59.000 -157.000
 59.000 -155.000
 59.000 -137.000
 59.000 -135.000
 59.000 -133.000
 59.000 -131.000
 59.000 -129.000
 59.000 -127.000
 59.000 -125.000
 59.000 -123.000
 59.000 -121.000
 59.000 -119.000
 59.000 -117.000
 59.000 -115.000
 59.000 -113.000
 59.000 -111.000
 59.000 -109.000
 59.000 -107.000
 59.000 -105.000
 59.000 -103.000
 59.000 -101.000
 59.000  -99.000
 59.000  -97.000
 59.000  -95.000
 59.000  -77.000
 59.000  -75.000
 59.000  -73.000
 59.000  -71.000
 59.000  -69.000
 59.000  -65.000
 59.000    7.000
 59.000    9.000
 59.000   11.000
 59.000   13.000
 59.000   15.000
 59.000   17.000
 59.000   25.000
 59.000   27.000
 59.000   29.000
 59.000   31.000
 59.000   33.000
 59.000   35.000
 59.000   37.000
 59.000   39.000
 59.000   41.000
 59.000   43.000
 59.000   45.000
 59.000   47.000
 59.000   49.000
 59.000   51.000
 59.000   53.000
 59.000   55.000
 59.000   57.000
 59.000   59.000
 59.000   61.000
 59.000   63.000
 59.000   65.000
 59.000   67.000
 59.000   69.000
 59.000   71.000
 59.000   73.000
 59.000   75.000
 59.000   77.000
 59.000   79.000
 59.000   81.000
 59.000   83.000
 59.000   85.000
 59.000   87.000
 59.000   89.000
 59.000   91.000
 59.000   93.000
 59.000   95.000
 59.000   97.000
 59.000   99.000
 59.000  101.000
 59.000  103.000
 59.000  105.000
 59.000  107.000
 59.000  109.000
 59.000  111.000
 59.000  113.000
 59.000  115.000
 59.000  117.000
 59.000  119.000
 59.000  121.000
 59.000  123.000
 59.000  125.000
 59.000  127.000
 59.000  129.000
 59.000  131.000
 59.000  133.000
 59.000  135.000
 59.000  137.000
 59.000  139.000
 59.000  141.000
 59.000  161.000
 61.000 -165.000
 61.000 -163.000
 61.000 -161.000
 61.000 -159.000
 61.000 -157.000
 61.000 -155.000
 61.000 -153.000
 61.000 -151.000
 61.000 -149.000
 61.000 -147.000
 61.000 -145.000
 61.000 -143.000
 61.000 -141.000
 61.000 -139.000
 61.000 -137.000
 61.000 -135.000
 61.000 -133.000
 61.000 -131.000
 61.000 -129.000
 61.000 -127.000
 61.000 -125.000
 61.000 -123.000
 61.000 -121.000
 61.000 -119.000
 61.000 -117.000
 61.000 -115.000
 61.000 -113.000
 61.000 -111.000
 61.000 -109.000
 61.000 -107.000
 61.000 -105.000
 61.000 -103.000
 61.000 -101.000
 61.000  -99.000
 61.000  -97.000
 61.000  -95.000
 61.000  -77.000
 61.000  -75.000
 61.000  -73.000
 61.000  -71.000
 61.000  -47.000
 61.000  -45.000
 61.000  -43.000
 61.000    7.000
 61.000    9.000
 61.000   11.000
 61.000   13.000
 61.000   15.000
 61.000   17.000
 61.000   23.000
 61.000   25.000
 61.000   27.000
 61.000   29.000
 61.000   31.000
 61.000   33.000
 61.000   35.000
 61.000   37.000
 61.000   39.000
 61.000   41.000
 61.000   43.000
 61.000   45.000
 61.000   47.000
 61.000   49.000
 61.000   51.000
 61.000   53.000
 61.000   55.000
 61.000   57.000
 61.000   59.000
 61.000   61.000
 61.000   63.000
 61.000   65.000
 61.000   67.000
 61.000   69.000
 61.000   71.000
 61.000   73.000
 61.000   75.000
 61.000   77.000
 61.000   79.000
 61.000   81.000
 61.000   83.000
 61.000   85.000
 61.000   87.000
 61.000   89.000
 61.000   91.000
 61.000   93.000
 61.000   95.000
 61.000   97.000
 61.000   99.000
 61.000  101.000
 61.000  103.000
 61.000  105.000
 61.000  107.000
 61.000  109.000
 61.000  111.000
 61.000  113.000
 61.000  115.000
 61.000  117.000
 61.000  119.000
 61.000  121.000
 61.000  123.000
 61.000  125.000
 61.000  127.000
 61.000  129.000
 61.000  131.000
 61.000  133.000
 61.000  135.000
 61.000  137.000
 61.000  139.000
 61.000  141.000
 61.000  143.000
 61.000  145.000
 61.000  147.000
 61.000  149.000
 61.000  151.000
 61.000  153.000
 61.000  155.000
 61.000  161.000
 61.000  165.000
 61.000  167.000
 61.000  169.000
 61.000  171.000
 63.000 -163.000
 63.000 -161.000
 63.000 -159.000
 63.000 -157.000
 63.000 -155.000
 63.000 -153.000
 63.000 -151.000
 63.000 -149.000
 63.000 -147.000
 63.000 -145.000
 63.000 -143.000
 63.000 -141.000
 63.000 -139.000
 63.000 -137.000
 63.000 -135.000
 63.000 -133.000
 63.000 -131.000
 63.000 -129.000
 63.000 -127.000
 63.000 -125.000
 63.000 -123.000
 63.000 -121.000
 63.000 -119.000
 63.000 -117.000
 63.000 -115.000
 63.000 -113.000
 63.000 -111.000
 63.000 -109.000
 63.000 -107.000
 63.000 -105.000
 63.000 -103.000
 63.000 -101.000
 63.000  -99.000
 63.000  -97.000
 63.000  -95.000
 63.000  -93.000
 63.000  -71.000
 63.000  -69.000
 63.000  -67.000
 63.000  -65.000
 63.000  -49.000
 63.000  -47.000
 63.000  -45.000
 63.000  -43.000
 63.000    9.000
 63.000   11.000
 63.000   13.000
 63.000   15.000
 63.000   17.000
 63.000   23.000
 63.000   25.000
 63.000   27.000
 63.000   29.000
 63.000   31.000
 63.000   33.000
 63.000   35.000
 63.000   37.000
 63.000   39.000
 63.000   41.000
 63.000   43.000
 63.000   45.000
 63.000   47.000
 63.000   49.000
 63.000   51.000
 63.000   53.000
 63.000   55.000
 63.000   57.000
 63.000   59.000
 63.000   61.000
 63.000   63.000
 63.000   65.000
 63.000   67.000
 63.000   69.000
 63.000   71.000
 63.000   73.000
 63.000   75.000
 63.000   77.000
 63.000   79.000
 63.000   81.000
 63.000   83.000
 63.000   85.000
 63.000   87.000
 63.000   89.000
 63.000   91.000
 63.000   93.000
 63.000   95.000
 63.000   97.000
 63.000   99.000
 63.000  101.000
 63.000  103.000
 63.000  105.000
 63.000  107.000
 63.000  109.000
 63.000  111.000
 63.000  113.000
 63.000  115.000
 63.000  117.000
 63.000  119.000
 63.000  121.000
 63.000  123.000
 63.000  125.000
 63.000  127.000
 63.000  129.000
 63.000  131.000
 63.000  133.000
 63.000  135.000
 63.000  137.000
 63.000  139.000
 63.000  141.000
 63.000  143.000
 63.000  145.000
 63.000  147.000
 63.000  149.000
 63.000  151.000
 63.000  153.000
 63.000  155.000
 63.000  157.000
 63.000  159.000
 63.000  161.000
 63.000  163.000
 63.000  165.000
 63.000  167.000
 63.000  169.000
 63.000  171.000
 63.000  173.000
 63.000  175.000
 63.000  177.000
 63.000  179.000
 65.000 -175.000
 65.000 -173.000
 65.000 -165.000
 65.000 -163.000
 65.000 -161.000
 65.000 -159.000
 65.000 -157.000
 65.000 -155.000
 65.000 -153.000
 65.000 -151.000
 65.000 -149.000
 65.000 -147.000
 65.000 -145.000
 65.000 -143.000
 65.000 -141.000
 65.000 -139.000
 65.000 -137.000
 65.000 -135.000
 65.000 -133.000
 65.000 -131.000
 65.000 -129.000
 65.000 -127.000
 65.000 -125.000
 65.000 -123.000
 65.000 -121.000
 65.000 -119.000
 65.000 -117.000
 65.000 -115.000
 65.000 -113.000
 65.000 -111.000
 65.000 -109.000
 65.000 -107.000
 65.000 -105.000
 65.000 -103.000
 65.000 -101.000
 65.000  -99.000
 65.000  -97.000
 65.000  -95.000
 65.000  -93.000
 65.000  -91.000
 65.000  -89.000
 65.000  -85.000
 65.000  -83.000
 65.000  -77.000
 65.000  -73.000
 65.000  -71.000
 65.000  -69.000
 65.000  -67.000
 65.000  -51.000
 65.000  -49.000
 65.000  -47.000
 65.000  -45.000
 65.000  -43.000
 65.000  -41.000
 65.000  -21.000
 65.000  -19.000
 65.000  -17.000
 65.000  -15.000
 65.000   13.000
 65.000   15.000
 65.000   17.000
 65.000   19.000
 65.000   21.000
 65.000   25.000
 65.000   27.000
 65.000   29.000
 65.000   31.000
 65.000   33.000
 65.000   41.000
 65.000   43.000
 65.000   45.000
 65.000   47.000
 65.000   49.000
 65.000   51.000
 65.000   53.000
 65.000   55.000
 65.000   57.000
 65.000   59.000
 65.000   61.000
 65.000   63.000
 65.000   65.000
 65.000   67.000
 65.000   69.000
 65.000   71.000
 65.000   73.000
 65.000   75.000
 65.000   77.000
 65.000   79.000
 65.000   81.000
 65.000   83.000
 65.000   85.000
 65.000   87.000
 65.000   89.000
 65.000   91.000
 65.000   93.000
 65.000   95.000
 65.000   97.000
 65.000   99.000
 65.000  101.000
 65.000  103.000
 65.000  105.000
 65.000  107.000
 65.000  109.000
 65.000  111.000
 65.000  113.000
 65.000  115.000
 65.000  117.000
 65.000  119.000
 65.000  121.000
 65.000  123.000
 65.000  125.000
 65.000  127.000
 65.000  129.000
 65.000  131.000
 65.000  133.000
 65.000  135.000
 65.000  137.000
 65.000  139.000
 65.000  141.000
 65.000  143.000
 65.000  145.000
 65.000  147.000
 65.000  149.000
 65.000  151.000
 65.000  153.000
 65.000  155.000
 65.000  157.000
 65.000  159.000
 65.000  161.000
 65.000  163.000
 65.000  165.000
 65.000  167.000
 65.000  169.000
 65.000  171.000
 65.000  173.000
 65.000  175.000
 65.000  177.000
 65.000  179.000
 67.000 -179.000
 67.000 -177.000
 67.000 -175.000
 67.000 -173.000
 67.000 -163.000
 67.000 -161.000
 67.000 -159.000
 67.000 -157.000
 67.000 -155.000
 67.000 -153.000
 67.000 -151.000
 67.000 -149.000
 67.000 -147.000
 67.000 -145.000
 67.000 -143.000
 67.000 -141.000
 67.000 -139.000
 67.000 -137.000
 67.000 -135.000
 67.000 -133.000
 67.000 -131.000
 67.000 -129.000
 67.000 -127.000
 67.000 -125.000
 67.000 -123.000
 67.000 -121.000
 67.000 -119.000
 67.000 -117.000
 67.000 -115.000
 67.000 -113.000
 67.000 -111.000
 67.000 -109.000
 67.000 -107.000
 67.000 -105.000
 67.000 -103.000
 67.000 -101.000
 67.000  -99.000
 67.000  -97.000
 67.000  -95.000
 67.000  -93.000
 67.000  -91.000
 67.000  -89.000
 67.000  -87.000
 67.000  -85.000
 67.000  -83.000
 67.000  -73.000
 67.000  -71.000
 67.000  -69.000
 67.000  -67.000
 67.000  -65.000
 67.000  -53.000
 67.000  -51.000
 67.000  -49.000
 67.000  -47.000
 67.000  -45.000
 67.000  -43.000
 67.000  -41.000
 67.000  -39.000
 67.000  -37.000
 67.000  -35.000
 67.000   15.000
 67.000   17.000
 67.000   19.000
 67.000   21.000
 67.000   23.000
 67.000   25.000
 67.000   27.000
 67.000   29.000
 67.000   31.000
 67.000   33.000
 67.000   35.000
 67.000   37.000
 67.000   39.000
 67.000   41.000
 67.000   45.000
 67.000   49.000
 67.000   51.000
 67.000   53.000
 67.000   55.000
 67.000   57.000
 67.000   59.000
 67.000   61.000
 67.000   63.000
 67.000   65.000
 67.000   67.000
 67.000   69.000
 67.000   71.000
 67.000   75.000
 67.000   77.000
 67.000   79.000
 67.000   81.000
 67.000   83.000
 67.000   85.000
 67.000   87.000
 67.000   89.000
 67.000   91.000
 67.000   93.000
 67.000   95.000
 67.000   97.000
 67.000   99.000
 67.000  101.000
 67.000  103.000
 67.000  105.000
 67.000  107.000
 67.000  109.000
 67.000  111.000
 67.000  113.000
 67.000  115.000
 67.000  117.000
 67.000  119.000
 67.000  121.000
 67.000  123.000
 67.000  125.000
 67.000  127.000
 67.000  129.000
 67.000  131.000
 67.000  133.000
 67.000  135.000
 67.000  137.000
 67.000  139.000
 67.000  141.000
 67.000  143.000
 67.000  145.000
 67.000  147.000
 67.000  149.000
 67.000  151.000
 67.000  153.000
 67.000  155.000
 67.000  157.000
 67.000  159.000
 67.000  161.000
 67.000  163.000
 67.000  165.000
 67.000  167.000
 67.000  169.000
 67.000  171.000
 67.000  173.000
 67.000  175.000
 67.000  177.000
 67.000  179.000
 69.000 -163.000
 69.000 -161.000
 69.000 -159.000
 69.000 -157.000
 69.000 -155.000
 69.000 -153.000
 69.000 -151.000
 69.000 -149.000
 69.000 -147.000
 69.000 -145.000
 69.000 -143.000
 69.000 -141.000
 69.000 -139.000
 69.000 -135.000
 69.000 -133.000
 69.000 -131.000
 69.000 -129.000
 69.000 -127.000
 69.000 -125.000
 69.000 -123.000
 69.000 -121.000
 69.000 -119.000
 69.000 -117.000
 69.000 -115.000
 69.000 -113.000
 69.000 -111.000
 69.000 -109.000
 69.000 -107.000
 69.000 -105.000
 69.000  -97.000
 69.000  -93.000
 69.000  -91.000
 69.000  -89.000
 69.000  -85.000
 69.000  -83.000
 69.000  -75.000
 69.000  -73.000
 69.000  -71.000
 69.000  -69.000
 69.000  -51.000
 69.000  -49.000
 69.000  -47.000
 69.000  -45.000
 69.000  -43.000
 69.000  -41.000
 69.000  -39.000
 69.000  -37.000
 69.000  -35.000
 69.000  -33.000
 69.000  -31.000
 69.000  -29.000
 69.000  -27.000
 69.000   19.000
 69.000   21.000
 69.000   23.000
 69.000   25.000
 69.000   27.000
 69.000   29.000
 69.000   31.000
 69.000   33.000
 69.000   35.000
 69.000   61.000
 69.000   63.000
 69.000   65.000
 69.000   69.000
 69.000   71.000
 69.000   75.000
 69.000   77.000
 69.000   79.000
 69.000   81.000
 69.000   83.000
 69.000   85.000
 69.000   87.000
 69.000   89.000
 69.000   91.000
 69.000   93.000
 69.000   95.000
 69.000   97.000
 69.000   99.000
 69.000  101.000
 69.000  103.000
 69.000  105.000
 69.000  107.000
 69.000  109.000
 69.000  111.000
 69.000  113.000
 69.000  115.000
 69.000  117.000
 69.000  119.000
 69.000  121.000
 69.000  123.000
 69.000  125.000
 69.000  127.000
 69.000  129.000
 69.000  131.000
 69.000  133.000
 69.000  135.000
 69.000  137.000
 69.000  139.000
 69.000  141.000
 69.000  143.000
 69.000  145.000
 69.000  147.000
 69.000  149.000
 69.000  151.000
 69.000  153.000
 69.000  155.000
 69.000  157.000
 69.000  159.000
 69.000  161.000
 69.000  163.000
 69.000  165.000
 69.000  167.000
 69.000  169.000
 69.000  171.000
 69.000  173.000
 69.000  175.000
 69.000  177.000
 69.000  179.000
 71.000 -157.000
 71.000 -155.000
 71.000 -117.000
 71.000 -115.000
 71.000 -113.000
 71.000 -111.000
 71.000 -109.000
 71.000 -107.000
 71.000 -105.000
 71.000  -95.000
 71.000  -93.000
 71.000  -89.000
 71.000  -87.000
 71.000  -85.000
 71.000  -83.000
 71.000  -81.000
 71.000  -79.000
 71.000  -77.000
 71.000  -75.000
 71.000  -73.000
 71.000  -71.000
 71.000  -53.000
 71.000  -51.000
 71.000  -49.000
 71.000  -47.000
 71.000  -45.000
 71.000  -43.000
 71.000  -41.000
 71.000  -39.000
 71.000  -37.000
 71.000  -35.000
 71.000  -33.000
 71.000  -31.000
 71.000  -29.000
 71.000  -27.000
 71.000  -23.000
 71.000   55.000
 71.000   69.000
 71.000   71.000
 71.000   75.000
 71.000   77.000
 71.000   79.000
 71.000   81.000
 71.000   83.000
 71.000   85.000
 71.000   87.000
 71.000   89.000
 71.000   91.000
 71.000   93.000
 71.000   95.000
 71.000   97.000
 71.000   99.000
 71.000  101.000
 71.000  103.000
 71.000  105.000
 71.000  107.000
 71.000  109.000
 71.000  111.000
 71.000  113.000
 71.000  115.000
 71.000  117.000
 71.000  119.000
 71.000  121.000
 71.000  123.000
 71.000  125.000
 71.000  127.000
 71.000  129.000
 71.000  133.000
 71.000  135.000
 71.000  137.000
 71.000  139.000
 71.000  141.000
 71.000  143.000
 71.000  145.000
 71.000  147.000
 71.000  149.000
 71.000  151.000
 71.000  155.000
 71.000  157.000
 73.000 -123.000
 73.000 -121.000
 73.000 -119.000
 73.000 -117.000
 73.000 -115.000
 73.000 -113.000
 73.000 -107.000
 73.000  -99.000
 73.000  -97.000
 73.000  -95.000
 73.000  -93.000
 73.000  -89.000
 73.000  -87.000
 73.000  -85.000
 73.000  -83.000
 73.000  -81.000
 73.000  -79.000
 73.000  -77.000
 73.000  -55.000
 73.000  -53.000
 73.000  -51.000
 73.000  -49.000
 73.000  -47.000
 73.000  -45.000
 73.000  -43.000
 73.000  -41.000
 73.000  -39.000
 73.000  -37.000
 73.000  -35.000
 73.000  -33.000
 73.000  -31.000
 73.000  -29.000
 73.000  -27.000
 73.000  -25.000
 73.000  -23.000
 73.000   55.000
 73.000   71.000
 73.000   83.000
 73.000   85.000
 73.000   87.000
 73.000   89.000
 73.000   91.000
 73.000   93.000
 73.000   95.000
 73.000   97.000
 73.000   99.000
 73.000  101.000
 73.000  103.000
 73.000  105.000
 73.000  107.000
 73.000  109.000
 73.000  111.000
 73.000  113.000
 73.000  115.000
 73.000  117.000
 73.000  119.000
 73.000  123.000
 73.000  125.000
 73.000  127.000
 73.000  143.000
 75.000 -113.000
 75.000 -111.000
 75.000 -107.000
 75.000  -91.000
 75.000  -89.000
 75.000  -85.000
 75.000  -83.000
 75.000  -81.000
 75.000  -57.000
 75.000  -55.000
 75.000  -53.000
 75.000  -51.000
 75.000  -49.000
 75.000  -47.000
 75.000  -45.000
 75.000  -43.000
 75.000  -41.000
 75.000  -39.000
 75.000  -37.000
 75.000  -35.000
 75.000  -33.000
 75.000  -31.000
 75.000  -29.000
 75.000  -27.000
 75.000  -25.000
 75.000  -23.000
 75.000  -21.000
 75.000   57.000
 75.000   59.000
 75.000   89.000
 75.000   91.000
 75.000   93.000
 75.000   95.000
 75.000   97.000
 75.000   99.000
 75.000  101.000
 75.000  103.000
 75.000  105.000
 75.000  107.000
 75.000  109.000
 75.000  111.000
 75.000  113.000
 75.000  139.000
 75.000  141.000
 75.000  143.000
 77.000 -119.000
 77.000 -117.000
 77.000  -95.000
 77.000  -87.000
 77.000  -85.000
 77.000  -83.000
 77.000  -81.000
 77.000  -79.000
 77.000  -69.000
 77.000  -67.000
 77.000  -65.000
 77.000  -63.000
 77.000  -61.000
 77.000  -59.000
 77.000  -57.000
 77.000  -55.000
 77.000  -53.000
 77.000  -51.000
 77.000  -49.000
 77.000  -47.000
 77.000  -45.000
 77.000  -43.000
 77.000  -41.000
 77.000  -39.000
 77.000  -37.000
 77.000  -35.000
 77.000  -33.000
 77.000  -31.000
 77.000  -29.000
 77.000  -27.000
 77.000  -25.000
 77.000  -23.000
 77.000  -21.000
 77.000   17.000
 77.000  103.000
 77.000  105.000
 79.000  -93.000
 79.000  -91.000
 79.000  -89.000
 79.000  -87.000
 79.000  -85.000
 79.000  -83.000
 79.000  -81.000
 79.000  -79.000
 79.000  -77.000
 79.000  -75.000
 79.000  -67.000
 79.000  -65.000
 79.000  -63.000
 79.000  -61.000
 79.000  -59.000
 79.000  -57.000
 79.000  -55.000
 79.000  -53.000
 79.000  -51.000
 79.000  -49.000
 79.000  -47.000
 79.000  -45.000
 79.000  -43.000
 79.000  -41.000
 79.000  -39.000
 79.000  -37.000
 79.000  -35.000
 79.000  -33.000
 79.000  -31.000
 79.000  -29.000
 79.000  -27.000
 79.000  -25.000
 79.000  -23.000
 79.000  -21.000
 79.000   13.000
 79.000   15.000
 79.000   17.000
 79.000   19.000
 79.000   21.000
 79.000   99.000
 81.000  -93.000
 81.000  -89.000
 81.000  -87.000
 81.000  -85.000
 81.000  -83.000
 81.000  -81.000
 81.000  -79.000
 81.000  -77.000
 81.000  -75.000
 81.000  -73.000
 81.000  -71.000
 81.000  -69.000
 81.000  -67.000
 81.000  -65.000
 81.000  -63.000
 81.000  -61.000
 81.000  -59.000
 81.000  -57.000
 81.000  -55.000
 81.000  -53.000
 81.000  -51.000
 81.000  -49.000
 81.000  -47.000
 81.000  -45.000
 81.000  -43.000
 81.000  -41.000
 81.000  -39.000
 81.000  -37.000
 81.000  -35.000
 81.000  -33.000
 81.000  -31.000
 81.000  -29.000
 81.000  -27.000
 81.000  -25.000
 81.000  -23.000
 81.000  -21.000
 81.000  -19.000
 81.000  -17.000
 81.000  -15.000
 81.000   95.000
 83.000  -77.000
 83.000  -75.000
 83.000  -73.000
 83.000  -71.000
 83.000  -69.000
 83.000  -43.000
 83.000  -41.000
 83.000  -39.000
 83.000  -37.000
 83.000  -35.000
 83.000  -33.000
 83.000  -31.000
 83.000  -29.000
 83.000  -27.000
