255
255
255
255
255
255
255
255
255
255
255
255
255
255
255
255
255
255
255
255
255
255
255
255
 75
 74
 92
 86
 54
 33
  3
 40
 10
255
255
255
255
255
255
255
255
255
255
255
255
255
255
255
255
255
255
255
255
255
255
255
255
255
255
 90
 89
 95
 96
 95
 58
  8
 38
 47
255
255
255
255
255
255
255
255
255
255
255
255
255
255
255
255
255
255
255
255
255
255
255
255
 54
 48
 65
 75
 58
 69
 67
 26
  5
 60
 27
255
255
255
255
255
255
255
255
255
255
255
255
255
255
255
255
255
255
255
255
255
255
255
 56
 40
 66
 37
 36
 15
 58
 65
 31
  4
 48
 74
255
255
255
255
255
255
255
255
255
255
255
255
255
255
255
255
255
255
255
255
255
255
 30
 70
 66
 25
 14
 28
 24
 20
 49
 25
  5
  5
 42
255
255
255
255
255
255
255
255
255
255
255
255
255
255
255
255
255
255
255
255
255
255
 34
 52
 57
 54
 19
 43
  8
 11
 54
 67
 22
  6
 28
255
255
255
255
255
255
255
255
255
255
  3
  6
  0
255
255
 31
 88
 91
 71
 66
 44
 36
 70
 74
 37
 42
 10
 10
  4
  2
 45
 28
 19
 11
  6
255
255
255
255
255
255
255
255
255
255
  0
  2
  0
255
 27
 75
 61
 94
 91
 84
 57
 25
 54
 66
 61
 54
  4
  2
  6
  5
  9
 19
 43
 25
  4
255
255
255
255
255
255
255
255
255
255
  1
  2
  4
255
 87
 92
 76
 40
 77
 63
 60
 20
 24
  6
  6
 17
  4
  1
  1
  0
  0
  5
 17
 32
 24
 24
  2
255
255
255
255
255
255
255
255
  3
  2
  3
  0
 65
 92
 40
 62
 44
 43
 23
  6
  2
  2
  2
  3
  3
  2
  0
  0
  0
  1
  8
 30
 22
 19
  1
255
255
255
255
255
255
255
255
  7
  1
  2
 13
 50
 91
 81
 90
 55
 75
 46
  9
  9
 11
  2
  1
  1
  0
  0
  0
  1
  1
  9
 24
 22
 16
  0
255
255
255
255
255
255
255
255
  5
  0
  0
  0
 17
 76
 97
 95
 80
 85
 47
 21
  8
  1
  0
  0
  0
  0
  0
  1
  7
  5
  5
 14
 25
 22
  0
255
  0
  0
  0
255
255
255
255
  4
  4
  2
  0
 19
 32
 90
 92
 96
 76
 48
 22
  7
  3
  6
  1
  0
  0
  0
  5
 13
  3
  4
 16
 27
 26
255
255
  0
  0
  0
  0
255
  0
  0
 22
 23
  9
 13
 38
  9
 38
 81
 95
 81
 46
  4
  2
  5
 12
  4
  3
  3
  8
 24
 35
 27
 11
 27
 21
 17
255
255
  0
  0
  0
  0
  0
  0
  0
  1
  5
 11
  4
  7
 13
 27
 69
 78
 63
 38
  5
  4
 13
  4
  4
  8
  5
  3
  4
 24
 20
 41
 23
 34
255
255
255
255
  0
  0
  0
  0
  0
  0
  0
  1
  3
  1
  1
 11
 23
  7
 23
 14
  8
 14
  3
  6
  3
  4
  5
  0
  0
  1
  3
 21
 23
  2
255
255
255
255
255
  0
  0
  0
  0
  0
  0
  0
  3
  6
  1
  1
  0
  8
  5
  1
  5
 15
 10
  5
  5
  1
  2
  2
  0
  1
  2
 11
 34
 22
255
255
255
255
255
255
255
  0
  0
  0
  0
  1
  0
  1
  0
  1
  4
  1
  0
  1
  0
  0
  0
  6
  5
  3
  2
  4
  2
  2
  5
  2
 20
 30
 22
255
255
255
255
255
255
255
  1
  0
  0
  4
  1
  0
  0
  1
  1
  1
  1
  1
  0
  0
  0
  0
  1
  1
  2
  0
  0
  0
  2
  6
 16
 21
 37
255
255
255
255
255
255
255
255
255
  0
  0
 28
  0
  0
  0
  0
  0
  0
  0
  0
  0
  0
  0
  2
  1
  3
  2
  2
  4
  2
  1
  8
 20
  5
255
255
255
255
255
255
255
255
255
255
  0
  5
 12
  0
  0
  0
  0
  0
  0
  1
  3
  2
 13
  9
  3
  1
  3
 12
 37
 16
  4
 10
 11
 15
255
255
255
255
255
255
255
255
255
255
255
  0
 11
 50
  4
  0
  1
  0
  0
  0
  1
  2
  3
 18
 13
 22
 15
 16
 30
 22
 30
 48
 19
 37
255
255
255
255
255
255
255
255
255
255
255
255
  0
  8
 11
  9
  0
  0
  0
  0
  0
  0
  1
  6
  8
 11
 20
 15
 21
 75
 45
 40
 57
 38
255
255
255
255
255
255
255
255
255
255
255
255
255
  1
  9
  1
  2
  0
  0
  1
  7
  8
  4
  5
  1
 10
 24
 39
 59
 50
 46
 49
 35
255
255
255
255
255
255
255
255
255
255
255
255
255
255
255
255
  9
  2
  2
  2
  1
  2
  3
  9
 20
 17
 19
 25
 20
 38
 43
 67
 25
255
255
255
255
255
255
255
255
255
255
255
255
255
255
255
255
255
255
  4
 11
  7
  2
  5
  8
 13
 16
255
255
255
255
255
255
255
255
255
255
255
255
255
255
255
255
255
255
255
255
255
255
255
255
255
255
255
255
255
 10
 12
255
255
255
255
255
255
255
255
255
255
255
255
255
255
255
255
255
255
255
255
255
255
255
255
255
255
