255
255
255
255
255
255
255
255
255
255
255
255
255
255
255
255
255
255
255
255
255
255
255
255
  0
  0
  0
  0
  0
  0
  6
  1
  0
255
255
255
255
255
255
255
255
255
255
255
255
255
255
255
255
255
255
255
255
255
255
255
255
255
255
  0
  0
  0
  0
  0
 10
  2
  1
  0
255
255
255
255
255
255
255
255
255
255
255
255
255
255
255
255
255
255
255
255
255
255
255
255
 25
  1
  0
  1
  3
  0
  0
  5
  0
  0
  0
255
255
255
255
255
255
255
255
255
255
255
255
255
255
255
255
255
255
255
255
255
255
255
  1
  1
  0
  1
 13
 13
  1
  1
  5
  2
  0
  0
255
255
255
255
255
255
255
255
255
255
255
255
255
255
255
255
255
255
255
255
255
255
  0
  1
  0
  2
  1
  7
 12
 14
  5
  4
  3
  0
  0
255
255
255
255
255
255
255
255
255
255
255
255
255
255
255
255
255
255
255
255
255
255
  0
  0
  1
  1
  1
  0
  1
 49
 10
  7
  8
  3
  0
255
255
255
255
255
255
255
255
255
255
  0
  0
  0
255
255
  0
  0
  0
  0
  0
  0
  1
  0
  0
  3
  5
 21
  4
 18
 22
  1
  0
 10
  8
  0
255
255
255
255
255
255
255
255
255
255
  0
  0
  0
255
  0
  0
  1
  0
  0
  0
  0
  0
  1
  0
  0
  1
 15
  1
  2
  0
  0
  0
  5
  3
  0
255
255
255
255
255
255
255
255
255
255
  0
  0
  0
255
  0
  0
  0
  0
  0
  0
  0
  0
  0
  0
  0
  0
  0
  0
  0
  0
  0
  0
  0
 15
  2
  3
  0
255
255
255
255
255
255
255
255
  0
  0
  0
  0
  0
  0
  0
  0
  0
  0
  0
  0
  0
  0
  0
  0
  0
  0
  0
  0
  0
  0
  0
 10
  1
  0
  0
255
255
255
255
255
255
255
255
  0
  0
  0
  0
  0
  0
  0
  0
  0
  0
  0
  0
  0
  0
  0
  0
  0
  0
  0
  0
  0
  0
  0
  8
  2
  6
  4
255
255
255
255
255
255
255
255
  0
  0
  0
  0
  0
  0
  0
  0
  0
  0
  0
  0
  0
  0
  0
  0
  0
  0
  0
  0
  0
  0
  0
  2
  6
  5
  0
255
  0
  0
  0
255
255
255
255
  0
  0
  0
  0
  0
  0
  0
  0
  0
  0
  0
  0
  0
  0
  0
  0
  0
  0
  0
  0
  0
  0
  0
  4
  5
  0
255
255
  0
  0
  0
  0
255
  0
  0
  0
  0
  0
  0
  0
  0
  0
  0
  0
  0
  0
  0
  0
  0
  0
  0
  0
  0
  0
  0
  0
  0
  0
  3
  1
  2
255
255
  0
  0
  0
  0
  0
  0
  0
  0
  0
  0
  0
  0
  0
  0
  0
  0
  0
  0
  0
  0
  0
  0
  0
  0
  0
  0
  0
  0
  3
  0
  0
  0
255
255
255
255
  0
  0
  0
  0
  0
  0
  0
  0
  0
  0
  0
  0
  0
  0
  0
  0
  0
  0
  0
  0
  0
  0
  0
  0
  0
  0
  0
  0
  0
  0
255
255
255
255
255
  0
  0
  0
  0
  0
  0
  0
  0
  0
  0
  0
  0
  0
  0
  0
  0
  0
  0
  0
  0
  0
  0
  0
  0
  0
  0
  0
  0
  0
255
255
255
255
255
255
255
  0
  0
  0
  0
  0
  0
  0
  0
  0
  0
  0
  0
  0
  0
  0
  0
  0
  0
  0
  0
  0
  0
  0
  0
  0
  0
  0
  0
255
255
255
255
255
255
255
  0
  0
  0
  0
  0
  0
  0
  0
  0
  0
  0
  0
  0
  0
  0
  0
  0
  0
  0
  0
  0
  0
  0
  0
  0
  0
  0
255
255
255
255
255
255
255
255
255
  0
  0
  0
  0
  0
  0
  0
  0
  0
  0
  0
  0
  0
  0
  0
  0
  0
  0
  0
  0
  0
  0
  0
  0
  0
255
255
255
255
255
255
255
255
255
255
  0
  0
  0
  0
  0
  0
  0
  0
  0
  0
  0
  0
  0
  0
  0
  0
  0
  0
  0
  0
  0
  0
  0
  0
255
255
255
255
255
255
255
255
255
255
255
  0
  0
  0
  0
  0
  0
  0
  0
  0
  0
  0
  0
  0
  0
  0
  0
  0
  0
  0
  0
  0
  0
  0
255
255
255
255
255
255
255
255
255
255
255
255
  0
  0
  0
  0
  0
  0
  0
  0
  0
  0
  0
  0
  0
  0
  0
  0
  0
  0
  0
  0
  0
  0
255
255
255
255
255
255
255
255
255
255
255
255
255
  0
  0
  0
  0
  0
  0
  0
  0
  0
  0
  0
  0
  0
  0
  0
  0
  0
  0
  0
  0
255
255
255
255
255
255
255
255
255
255
255
255
255
255
255
255
  0
  0
  0
  0
  0
  0
  0
  0
  0
  0
  0
  0
  0
  0
  0
  0
  0
255
255
255
255
255
255
255
255
255
255
255
255
255
255
255
255
255
255
  0
  0
  0
  0
  0
  0
  0
  0
255
255
255
255
255
255
255
255
255
255
255
255
255
255
255
255
255
255
255
255
255
255
255
255
255
255
255
255
255
  0
  0
255
255
255
255
255
255
255
255
255
255
255
255
255
255
255
255
255
255
255
255
255
255
255
255
255
255
