255
255
255
255
255
255
255
255
255
255
255
255
255
255
255
255
255
255
255
255
255
255
255
255
  4
  0
  0
  1
  1
 10
  0
  0
  0
255
255
255
255
255
255
255
255
255
255
255
255
255
255
255
255
255
255
255
255
255
255
255
255
255
255
  3
  3
  2
  1
  1
  4
  0
  0
  0
255
255
255
255
255
255
255
255
255
255
255
255
255
255
255
255
255
255
255
255
255
255
255
255
 17
 29
 25
  8
  6
  6
  3
  0
  0
  0
  0
255
255
255
255
255
255
255
255
255
255
255
255
255
255
255
255
255
255
255
255
255
255
255
 35
 22
 10
 11
  2
 34
 16
  8
  1
  0
  0
  0
255
255
255
255
255
255
255
255
255
255
255
255
255
255
255
255
255
255
255
255
255
255
 23
 14
  6
  1
  0
  0
  9
 13
  7
  7
  0
  0
  0
255
255
255
255
255
255
255
255
255
255
255
255
255
255
255
255
255
255
255
255
255
255
  0
  1
  1
  1
  0
  0
  0
  0
 10
  7
  4
  0
  0
255
255
255
255
255
255
255
255
255
255
  0
  0
  0
255
255
  0
  9
  9
 29
 31
 27
  8
  8
  3
  1
  3
  0
  0
  0
  1
  0
  0
  6
  0
  0
255
255
255
255
255
255
255
255
255
255
  0
  0
  0
255
  0
  0
  9
  4
  7
 14
 20
 12
  5
 13
  5
  6
  0
  0
  0
  0
  0
  0
  1
  0
  1
255
255
255
255
255
255
255
255
255
255
  0
  0
  0
255
  0
  0
 14
 59
 16
 16
 15
 21
  1
  0
  0
  0
  0
  0
  0
  0
  0
  0
  2
  5
  0
 11
 37
255
255
255
255
255
255
255
255
  0
  0
  0
  0
  0
  1
 57
 36
 45
 20
 14
  9
  0
  0
  0
  0
  0
  0
  0
  0
  0
  0
  0
  6
  2
  2
  0
255
255
255
255
255
255
255
255
  0
  0
  0
  0
  0
  0
 16
  8
 27
  2
  0
  0
  0
  0
  0
  0
  0
  0
  0
  0
  0
  0
  0
  1
  3
  4
  0
255
255
255
255
255
255
255
255
  0
  0
  0
  0
  0
  0
  1
  1
  1
  7
 22
  0
  0
  0
  0
  0
  0
  0
  0
  0
  0
  0
  0
  0
  2
  4
  0
255
  0
  0
  0
255
255
255
255
  0
  0
  0
  0
  0
  0
  0
  0
  1
  5
  0
  1
  0
  0
  0
  0
  0
  0
  0
  0
  0
  0
  0
  5
  1
  5
255
255
  0
  0
  0
  0
255
  0
  0
  0
  0
  0
  0
  0
  0
  0
  0
  1
  1
  0
  0
  0
  0
  0
  0
  0
  0
  0
  2
  2
 11
  0
  1
 11
  0
255
255
  0
  0
  0
  0
  0
  0
  0
  0
  0
  0
  0
  0
  0
  0
  0
  0
  0
  1
  0
  0
  0
  0
  0
  0
  0
  0
  0
  2
  7
  8
  4
  5
255
255
255
255
  0
  0
  0
  0
  0
  0
  0
  0
  0
  0
  0
  0
  0
  0
  0
  0
  0
  0
  0
  0
  0
  0
  0
  0
  0
  0
  0
  1
 13
  0
255
255
255
255
255
  0
  0
  0
  0
  0
  0
  0
  0
  0
  0
  0
  0
  0
  0
  0
  0
  0
  0
  0
  0
  0
  0
  0
  0
  0
  0
  0
  5
  9
255
255
255
255
255
255
255
  0
  0
  0
  0
  0
  0
  0
  0
  0
  0
  0
  0
  0
  0
  0
  0
  0
  0
  0
  0
  0
  0
  0
  0
  0
  2
 15
 17
255
255
255
255
255
255
255
  0
  0
  0
  0
  0
  0
  0
  0
  0
  0
  0
  0
  0
  0
  0
  0
  0
  0
  0
  0
  0
  0
  0
  0
  0
  1
  8
255
255
255
255
255
255
255
255
255
  0
  0
  0
  0
  0
  0
  0
  0
  0
  0
  0
  0
  0
  0
  0
  0
  0
  0
  0
  0
  0
  0
  0
  1
  0
255
255
255
255
255
255
255
255
255
255
  0
  0
  0
  0
  0
  0
  0
  0
  0
  0
  0
  0
  0
  0
  0
  0
  0
  0
  1
  2
  0
  0
  0
  0
255
255
255
255
255
255
255
255
255
255
255
  0
  0
  0
  0
  0
  0
  0
  0
  0
  0
  0
  0
  0
  0
  0
  0
  0
  2
  2
  0
  0
  0
  0
255
255
255
255
255
255
255
255
255
255
255
255
  0
  0
  0
  0
  0
  0
  0
  0
  0
  0
  0
  0
  0
  0
  0
  0
  0
  4
  8
  1
  0
  0
255
255
255
255
255
255
255
255
255
255
255
255
255
  0
  1
  0
  0
  0
  0
  0
  0
  0
  0
  0
  0
  0
  0
  0
  0
  9
  0
  1
  0
255
255
255
255
255
255
255
255
255
255
255
255
255
255
255
255
  1
  0
  0
  0
  0
  0
  0
  0
  0
  0
  0
  0
  0
  0
  0
  0
  0
255
255
255
255
255
255
255
255
255
255
255
255
255
255
255
255
255
255
  0
  0
  0
  0
  0
  0
  0
  0
255
255
255
255
255
255
255
255
255
255
255
255
255
255
255
255
255
255
255
255
255
255
255
255
255
255
255
255
255
  0
  0
255
255
255
255
255
255
255
255
255
255
255
255
255
255
255
255
255
255
255
255
255
255
255
255
255
255
