255
255
255
255
255
255
255
255
255
255
255
255
255
255
255
255
255
255
255
255
255
255
255
255
  0
  0
  0
  0
  0
  0
  0
  0
  0
255
255
255
255
255
255
255
255
255
255
255
255
255
255
255
255
255
255
255
255
255
255
255
255
255
255
  0
  0
  0
  0
  0
  0
  0
  0
  0
255
255
255
255
255
255
255
255
255
255
255
255
255
255
255
255
255
255
255
255
255
255
255
255
  0
  0
  3
  5
  1
  5
  2
  0
  0
  0
  0
255
255
255
255
255
255
255
255
255
255
255
255
255
255
255
255
255
255
255
255
255
255
255
  0
  0
  1
  2
  6
  1
 12
  1
  1
  0
  0
  0
255
255
255
255
255
255
255
255
255
255
255
255
255
255
255
255
255
255
255
255
255
255
  0
  0
  1
  1
  5
  4
  5
  5
  0
  5
  0
  0
  0
255
255
255
255
255
255
255
255
255
255
255
255
255
255
255
255
255
255
255
255
255
255
  0
  3
  3
  1
 15
 20
 52
  2
  0
  0
  0
  0
  0
255
255
255
255
255
255
255
255
255
255
  0
  0
  0
255
255
  0
  0
  0
  0
  0
  0
  0
  1
  4
  3
  2
  8
 41
 20
  1
  3
  6
  0
  0
  0
255
255
255
255
255
255
255
255
255
255
  0
  0
  0
255
  0
  0
  0
  0
  1
  0
  0
  7
  6
  4
  5
  5
  3
  7
 10
 15
 17
  4
  5
  0
  0
255
255
255
255
255
255
255
255
255
255
  0
  0
  0
255
  0
  0
  0
  0
  4
 12
 12
 13
 24
 27
 30
 30
  3
 31
 38
 37
 26
  2
  1
  0
  0
  1
  0
255
255
255
255
255
255
255
255
  0
  0
  0
  0
  0
  0
  0
  0
  2
 16
 26
 28
 45
 39
 26
 36
 17
 35
 35
 39
 21
  5
  1
  1
  1
  0
  0
255
255
255
255
255
255
255
255
  0
  0
  0
  0
  0
  0
  0
  0
  8
  6
 16
 56
 33
 28
 37
 41
 43
 45
 39
 34
 20
  9
  4
  1
  0
  0
  0
255
255
255
255
255
255
255
255
  0
  0
  0
  0
  0
  0
  0
  0
  1
  0
 15
 22
 46
 76
 43
 45
 35
 32
 24
 13
  7
  8
  4
  1
  1
  0
  0
255
  0
  0
  0
255
255
255
255
  0
  0
  0
  0
  0
  0
  0
  0
  0
  0
 11
 43
 69
 62
 48
 33
 54
 67
 46
  6
 10
 11
  4
  1
  0
  0
255
255
  0
  0
  0
  0
255
  0
  0
  0
  0
  0
  0
  0
  0
  0
  0
  0
  0
  2
 21
 17
 41
 19
 49
 40
 21
 14
  5
  1
  1
  0
  0
  0
  0
255
255
  0
  0
  0
  0
  0
  0
  0
  0
  0
  0
  0
  0
  0
  0
  0
  0
  0
  4
 28
 41
 15
 32
 36
  7
  0
  0
  2
  2
  5
  1
  0
  0
255
255
255
255
  0
  0
  0
  0
  0
  0
  0
  0
  0
  0
  0
  0
  0
  0
  0
  0
  6
 14
 11
 14
 16
  6
  0
  0
  0
  1
  5
  2
  0
  0
255
255
255
255
255
  0
  2
  6
  0
  0
  0
  0
  0
  0
  0
  0
  0
  0
  0
  0
  0
  0
  0
  1
  5
 13
  1
  0
  0
  2
  3
  2
  1
  0
255
255
255
255
255
255
255
  2
  9
  2
  0
  0
  0
  0
  0
  0
  0
  0
  0
  0
  0
  0
  0
  0
  0
  2
 11
  1
  0
  0
  6
  5
  1
  0
  0
255
255
255
255
255
255
255
  0
  6
  4
  1
  0
  0
  0
  0
  0
  0
  0
  0
  0
  0
  0
  0
  0
  0
  3
  9
  4
  2
  3
  0
  0
  0
  0
255
255
255
255
255
255
255
255
255
 17
  7
 12
  1
  1
  1
  0
  0
  0
  0
  0
  0
  0
  0
  0
  0
  0
  1
  4
  3
  4
  2
  0
  0
  0
255
255
255
255
255
255
255
255
255
255
 24
 41
 17
  1
  1
  0
  0
  0
  0
  0
  0
  0
  0
  0
  0
  0
  0
  0
  0
  2
  0
  0
  0
  0
255
255
255
255
255
255
255
255
255
255
255
 53
 21
 14
  1
  0
  0
  0
  0
  0
  0
  0
  0
  0
  0
  0
  0
  0
  0
  1
  1
  1
  0
  0
255
255
255
255
255
255
255
255
255
255
255
255
 47
 57
 51
  1
  1
  0
  0
  0
  0
  0
  0
  0
  0
  0
  0
  0
  0
  0
  0
  1
  3
  0
255
255
255
255
255
255
255
255
255
255
255
255
255
  4
 58
 43
  4
  6
  2
  0
  1
  2
  4
  5
  2
  0
  0
  3
  1
  8
  6
  3
  0
255
255
255
255
255
255
255
255
255
255
255
255
255
255
255
255
  9
  6
 25
 31
 38
 35
 25
 21
 17
  2
  2
  9
 30
 17
 13
  0
  1
255
255
255
255
255
255
255
255
255
255
255
255
255
255
255
255
255
255
  0
  8
 30
 56
 38
 30
  1
 34
255
255
255
255
255
255
255
255
255
255
255
255
255
255
255
255
255
255
255
255
255
255
255
255
255
255
255
255
255
  0
  1
255
255
255
255
255
255
255
255
255
255
255
255
255
255
255
255
255
255
255
255
255
255
255
255
255
255
