255
255
255
255
255
255
255
255
255
255
255
255
255
255
255
255
255
255
255
255
255
255
255
255
  0
  0
  0
  0
  0
  0
  0
  0
 39
255
255
255
255
255
255
255
255
255
255
255
255
255
255
255
255
255
255
255
255
255
255
255
255
255
255
  0
  0
  0
  0
  0
  0
  0
  7
  1
255
255
255
255
255
255
255
255
255
255
255
255
255
255
255
255
255
255
255
255
255
255
255
255
  0
  0
  0
  0
  0
  0
  1
  0
  0
  0
  0
255
255
255
255
255
255
255
255
255
255
255
255
255
255
255
255
255
255
255
255
255
255
255
  0
  0
  0
  0
  0
  0
  0
  0
  0
  0
  0
  0
255
255
255
255
255
255
255
255
255
255
255
255
255
255
255
255
255
255
255
255
255
255
  0
  0
  0
  0
  0
  0
  1
  1
 11
  2
  0
  0
  4
255
255
255
255
255
255
255
255
255
255
255
255
255
255
255
255
255
255
255
255
255
255
  0
  0
  0
  2
  7
  3
  0
  0
  1
  8
  4
  0
  0
255
255
255
255
255
255
255
255
255
255
 92
 86
100
255
255
  0
  0
  0
  0
  0
  0
  0
  2
  5
  0
  0
  2
  6
  1
 11
 17
 46
 10
  0
  0
255
255
255
255
255
255
255
255
255
255
 97
 86
100
255
  0
  2
  0
  0
  0
  0
  0
  3
 17
  3
  3
  1
  1
 33
 55
 31
 67
 42
  5
  3
  1
255
255
255
255
255
255
255
255
255
255
 81
 93
 73
255
  0
  7
  0
  0
  1
  4
  4
  9
 42
 63
 46
 36
 27
 43
 51
 48
 69
 67
 48
 11
 10
 12
  1
255
255
255
255
255
255
255
255
 66
 74
 87
 98
 16
  0
  0
  0
  4
 17
 25
 31
 51
 54
 67
 53
 50
 53
 59
 59
 75
 62
 43
 14
 11
 10
 40
255
255
255
255
255
255
255
255
 31
 57
 81
 76
 28
  0
  2
  0
  6
 16
 38
 33
 56
 56
 52
 48
 52
 54
 59
 65
 77
 58
 52
 19
  1
 16
 50
255
255
255
255
255
255
255
255
 46
 85
 90
 93
 39
  1
  0
  2
 18
  4
 10
 55
 44
 21
 54
 52
 64
 67
 75
 85
 78
 76
 64
 30
  3
 14
 37
255
  0
  0
  0
255
255
255
255
 20
 36
 37
 65
 35
  6
  2
  7
  1
 14
 31
 32
 21
 25
 39
 65
 45
 30
 52
 86
 54
 58
 64
 30
 11
 24
255
255
  0
  0
  0
  0
255
  0
  0
  0
  0
  4
  0
  2
 11
 10
  9
  3
 14
 49
 70
 75
 52
 65
 42
 50
 59
 59
 56
 41
 37
 51
 30
  5
 12
255
255
  0
  0
  0
 27
 41
  3
  3
  0
  0
  0
  0
  1
  0
 12
  3
 15
 27
 40
 31
 31
 65
 56
 45
 26
 64
 47
 58
 61
 34
 16
 26
  2
255
255
255
255
  0
  0
  7
 34
 21
  3
  0
  0
  0
  0
  0
  1
  6
  2
  1
  3
  1
 22
 79
 78
 61
 15
 38
 58
 26
 74
 61
 25
  6
  2
255
255
255
255
255
  0
  5
  0
 29
 30
 21
  0
  0
  0
  0
  0
  0
  0
  0
  0
  0
  2
 69
 80
 87
 74
 48
 37
 45
 53
 73
 36
 21
  4
255
255
255
255
255
255
255
  0
  0
 13
  3
  0
  0
  0
  0
  0
  0
  0
  0
  0
  0
  0
  0
  1
 12
 30
 73
 42
 66
 34
 62
 63
 26
 10
  0
255
255
255
255
255
255
255
  0
  0
  0
  0
  0
  0
  0
  0
  0
  0
  0
  0
  0
  0
  0
 12
 29
 30
 45
 77
 91
 92
 48
 31
 31
 34
  5
255
255
255
255
255
255
255
255
255
  0
  0
  0
  0
  0
  0
  0
  0
  0
  0
  0
  0
  8
 12
 19
  9
 44
 79
 68
 67
 58
 32
 45
 36
 80
255
255
255
255
255
255
255
255
255
255
  0
  0
  0
  0
  0
  0
  0
  0
  0
  0
  0
  0
 16
 22
 14
  2
  7
 51
 33
 37
 34
 35
 54
 64
255
255
255
255
255
255
255
255
255
255
255
  0
  0
  0
  0
  0
  0
  0
  0
  0
  0
  0
  0
  1
  3
 11
 31
 35
 54
 54
 54
 32
 45
 34
255
255
255
255
255
255
255
255
255
255
255
255
  0
  0
  0
  0
  0
  0
  0
  0
  0
  0
  0
  0
  0
  0
  0
  0
  1
  0
  9
 29
 20
 63
255
255
255
255
255
255
255
255
255
255
255
255
255
  0
  4
  3
  1
  1
  0
  0
  0
  0
  0
  0
  0
  0
  0
  0
  0
 16
 30
 26
 36
255
255
255
255
255
255
255
255
255
255
255
255
255
255
255
255
  1
  1
  1
  2
  3
  1
  2
  3
  0
  0
  0
  0
  0
  0
  0
  0
 34
255
255
255
255
255
255
255
255
255
255
255
255
255
255
255
255
255
255
  0
  1
  6
  9
  4
  5
  4
  4
255
255
255
255
255
255
255
255
255
255
255
255
255
255
255
255
255
255
255
255
255
255
255
255
255
255
255
255
255
  0
  2
255
255
255
255
255
255
255
255
255
255
255
255
255
255
255
255
255
255
255
255
255
255
255
255
255
255
