255
255
255
255
255
255
255
255
255
255
255
255
255
255
255
255
255
255
255
255
255
255
255
255
  1
  1
  5
  6
  5
 33
 70
 33
 52
255
255
255
255
255
255
255
255
255
255
255
255
255
255
255
255
255
255
255
255
255
255
255
255
255
255
  0
  0
  2
  2
  2
 18
 83
 52
 48
255
255
255
255
255
255
255
255
255
255
255
255
255
255
255
255
255
255
255
255
255
255
255
255
  1
  3
  3
  8
 10
 12
  6
 21
 79
 40
 70
255
255
255
255
255
255
255
255
255
255
255
255
255
255
255
255
255
255
255
255
255
255
255
  4
 34
 20
 45
 31
  4
  2
  0
 13
 76
 52
 26
255
255
255
255
255
255
255
255
255
255
255
255
255
255
255
255
255
255
255
255
255
255
  1
 10
 26
 72
 78
 54
 29
 37
  0
 33
 88
 95
 52
255
255
255
255
255
255
255
255
255
255
255
255
255
255
255
255
255
255
255
255
255
255
  1
 13
 36
 38
 56
 31
 37
 26
  0
  1
 45
 87
 72
255
255
255
255
255
255
255
255
255
255
  0
  0
  0
255
255
 69
  3
  0
  0
  0
  0
  0
  1
  8
 40
 42
 49
 31
 35
 37
 12
  0
  4
 77
 94
255
255
255
255
255
255
255
255
255
255
  0
  0
  0
255
 72
 23
 29
  1
  1
  0
  0
  0
 10
  9
 19
 13
 35
 46
 19
 41
  1
  0
  8
 53
 72
255
255
255
255
255
255
255
255
255
255
  0
  0
  0
255
 13
  0
 10
  0
  0
  0
  0
  1
  0
  1
 16
  6
 11
  3
  0
  0
  0
  0
  1
 17
 38
 28
 28
255
255
255
255
255
255
255
255
  0
  0
  0
  0
 13
  7
  3
  0
  0
  0
  0
  0
  1
  3
  2
  0
  0
  0
  0
  0
  0
  0
  0
 10
 46
 60
 23
255
255
255
255
255
255
255
255
  0
  5
  2
  3
  2
  5
  0
  1
  0
  0
  0
  0
  1
  0
  4
  8
  0
  0
  0
  0
  0
  0
  0
 11
 48
 35
  6
255
255
255
255
255
255
255
255
  1
  1
  0
  0
  0
  1
  0
  0
  0
  0
  0
  0
  0
  0
  0
  0
  0
  0
  0
  0
  1
  0
  6
 34
 45
 34
  3
255
  0
  0
  0
255
255
255
255
  0
  0
  0
  0
  0
  0
  2
  0
  0
  0
  0
  0
  0
  0
  0
  0
  0
  0
  0
  0
  2
  0
  8
 12
 20
  5
255
255
  0
  0
  0
  0
255
  0
  0
  0
  0
  0
  0
  0
  0
  0
  0
  0
  0
  0
  0
  0
  0
  0
  0
  0
  0
  0
  0
  1
  1
  0
 10
 13
  0
255
255
  0
  0
  0
  0
  0
  0
  1
  0
  0
  1
  0
  0
  0
  0
  0
  0
  0
  0
  0
  0
  0
  0
  0
  0
  0
  0
  0
  2
  1
  0
  0
  0
255
255
255
255
  0
  0
  0
  0
  0
  0
  0
  0
  1
  0
  0
  0
  1
  0
  0
  0
  0
  0
  0
  0
  0
  0
  0
  0
  0
  0
  0
  0
  0
  0
255
255
255
255
255
  0
  0
  0
  0
  0
  0
  0
  0
  0
  0
  0
  0
  0
  0
  0
  0
  0
  0
  0
  0
  0
  0
  0
  0
  0
  0
  0
  0
  0
255
255
255
255
255
255
255
  0
  0
  0
  0
  0
  0
  0
  0
  0
  0
  0
  0
  0
  0
  0
  0
  0
  0
  0
  0
  0
  0
  0
  0
  0
  0
  0
  0
255
255
255
255
255
255
255
  0
  0
  0
  0
  0
  0
  0
  0
  0
  0
  0
  0
  0
  0
  0
  0
  0
  0
  0
  0
  0
  0
  0
  0
  0
  0
  0
255
255
255
255
255
255
255
255
255
  0
  0
  0
  0
  0
  0
  0
  0
  0
  0
  0
  0
  0
  0
  0
  0
  0
  0
  0
  0
  0
  0
  0
  0
  0
255
255
255
255
255
255
255
255
255
255
  0
  0
  0
  0
  0
  0
  0
  0
  0
  0
  0
  0
  0
  0
  0
  0
  0
  0
  0
  0
  0
  0
  0
  0
255
255
255
255
255
255
255
255
255
255
255
  0
  0
  0
  0
  0
  0
  0
  0
  0
  0
  0
  0
  0
  0
  0
  3
  4
  0
  0
  0
  0
  1
  0
255
255
255
255
255
255
255
255
255
255
255
255
  0
  0
  0
  0
  0
  0
  0
  0
  0
  0
  0
  0
  0
  0
  0
  7
  7
  0
  0
  0
  0
  0
255
255
255
255
255
255
255
255
255
255
255
255
255
  0
  0
  0
  0
  0
  0
  0
  0
  0
  0
  0
  0
  0
  0
  0
  0
  0
  0
  0
  0
255
255
255
255
255
255
255
255
255
255
255
255
255
255
255
255
  0
  0
  0
  0
  0
  0
  0
  0
  0
  0
  0
  0
  0
  0
  0
  0
  0
255
255
255
255
255
255
255
255
255
255
255
255
255
255
255
255
255
255
  0
  0
  0
  0
  0
  0
  0
  0
255
255
255
255
255
255
255
255
255
255
255
255
255
255
255
255
255
255
255
255
255
255
255
255
255
255
255
255
255
  0
  1
255
255
255
255
255
255
255
255
255
255
255
255
255
255
255
255
255
255
255
255
255
255
255
255
255
255
