255
255
255
255
255
255
255
255
255
255
255
255
255
255
255
255
255
255
255
255
255
255
255
255
 20
 25
  1
  0
 38
 24
 21
 25
  0
255
255
255
255
255
255
255
255
255
255
255
255
255
255
255
255
255
255
255
255
255
255
255
255
255
255
  6
  8
  1
  0
  1
  8
  6
  2
  3
255
255
255
255
255
255
255
255
255
255
255
255
255
255
255
255
255
255
255
255
255
255
255
255
  3
 20
  1
  2
 17
  0
 12
 34
 15
  0
  3
255
255
255
255
255
255
255
255
255
255
255
255
255
255
255
255
255
255
255
255
255
255
255
  4
  2
  1
  2
 10
 28
  3
  5
 34
 14
  0
  0
255
255
255
255
255
255
255
255
255
255
255
255
255
255
255
255
255
255
255
255
255
255
 45
  5
  2
  0
  0
  4
 17
  1
  1
 10
  0
  0
  1
255
255
255
255
255
255
255
255
255
255
255
255
255
255
255
255
255
255
255
255
255
255
 59
 30
  1
  0
  0
  0
  0
  3
 22
  5
  4
  3
  0
255
255
255
255
255
255
255
255
255
255
  0
  0
  0
255
255
  0
  0
  0
  0
  3
 29
 54
 16
  4
 12
  0
  7
  4
 12
 10
 15
  0
  2
  1
  0
255
255
255
255
255
255
255
255
255
255
  0
  0
  0
255
  0
  0
  0
  0
  0
  2
 22
 51
  6
  1
  2
  0
 12
  1
  2
  0
  0
  0
  1
  1
  2
255
255
255
255
255
255
255
255
255
255
  0
  0
  0
255
  0
  0
  0
  0
  0
  4
  8
 30
  2
  0
  0
  0
  0
  0
  0
  0
  0
  0
  3
  6
  9
  4
  0
255
255
255
255
255
255
255
255
  0
  0
  0
  0
  0
  0
  0
  1
  4
  3
  9
 21
  0
  0
  0
  0
  0
  0
  0
  0
  0
  0
  6
 21
 13
  0
  0
255
255
255
255
255
255
255
255
  0
  0
  0
  0
  0
  0
  0
  0
  2
  0
  0
  0
  0
  0
  0
  0
  0
  0
  0
  0
  1
  2
  5
 30
 17
  5
  7
255
255
255
255
255
255
255
255
  0
  0
  0
  0
  0
  0
  0
  0
  0
  0
  0
  0
  0
  0
  0
  0
  0
  0
  0
  0
  1
  0
  4
  9
 12
  7
  0
255
  0
  0
  0
255
255
255
255
  0
  0
  0
  0
  0
  0
  0
  0
  0
  0
  0
  0
  0
  0
  0
  0
  0
  0
  0
  0
  6
 14
  7
 22
 29
  2
255
255
  0
  0
  0
  0
255
  0
  0
  0
  0
  0
  0
  0
  0
  0
  0
  0
  0
  0
  0
  0
  0
  0
  0
  1
  4
  4
  2
  5
 13
 16
  7
 20
  0
255
255
  0
  0
  0
  0
  0
  0
  0
  0
  0
  0
  0
  0
  0
  0
  0
  0
  0
  0
  0
  0
  0
  1
 11
 40
  5
  7
  7
  1
  3
 17
 18
 13
255
255
255
255
  0
  0
  0
  0
  0
  0
  0
  0
  0
  0
  0
  0
  0
  0
  0
  0
  0
  0
  0
  0
 13
 57
 14
  9
 11
  1
  5
  4
 17
  0
255
255
255
255
255
  0
  0
  0
  0
  0
  0
  0
  0
  0
  0
  0
  0
  0
  0
  0
  0
  0
  0
  0
  0
  9
 43
 13
  6
 12
  6
  8
  8
 12
255
255
255
255
255
255
255
  0
  0
  0
  0
  0
  0
  0
  0
  0
  0
  0
  0
  0
  0
  0
  0
  0
  0
  0
  2
 17
  5
 19
  6
  4
 14
  7
  0
255
255
255
255
255
255
255
  0
  0
  0
  0
  0
  0
  0
  0
  0
  0
  0
  0
  0
  0
  0
  0
  0
  0
  0
  0
  0
  0
 12
 16
 24
 22
  0
255
255
255
255
255
255
255
255
255
  0
  0
  0
  0
  0
  0
  0
  0
  0
  0
  0
  0
  0
  0
  0
  0
  0
  0
 10
 11
 15
 21
 16
 24
  5
255
255
255
255
255
255
255
255
255
255
  0
  0
  0
  0
  0
  0
  0
  0
  0
  0
  0
  0
  0
  0
  0
  0
  0
  0
  5
 11
 23
 22
 15
  4
255
255
255
255
255
255
255
255
255
255
255
  0
  0
  0
  0
  0
  0
  0
  0
  0
  0
  0
  0
  0
  0
  0
  0
  0
  1
  2
  1
  7
 22
  4
255
255
255
255
255
255
255
255
255
255
255
255
  0
  0
  0
  0
  0
  0
  0
  0
  0
  0
  0
  0
  0
  0
  0
  0
  0
  0
  5
  7
  4
  0
255
255
255
255
255
255
255
255
255
255
255
255
255
  0
  0
  0
  0
  0
  0
  0
  0
  0
  0
  0
  0
  0
  0
  0
  0
  0
  0
  2
  6
255
255
255
255
255
255
255
255
255
255
255
255
255
255
255
255
  0
  0
  0
  0
  0
  0
  0
  0
  0
  0
  0
  0
  0
  0
  0
  0
  0
255
255
255
255
255
255
255
255
255
255
255
255
255
255
255
255
255
255
  0
  0
  0
  0
  0
  0
  0
  0
255
255
255
255
255
255
255
255
255
255
255
255
255
255
255
255
255
255
255
255
255
255
255
255
255
255
255
255
255
  0
  0
255
255
255
255
255
255
255
255
255
255
255
255
255
255
255
255
255
255
255
255
255
255
255
255
255
255
