255
255
255
255
255
255
255
255
255
255
255
255
255
255
255
255
255
255
255
255
255
255
255
255
  0
  0
  0
  0
  0
  0
  0
  0
  0
255
255
255
255
255
255
255
255
255
255
255
255
255
255
255
255
255
255
255
255
255
255
255
255
255
255
  0
  0
  0
  0
  0
  0
  0
  0
  0
255
255
255
255
255
255
255
255
255
255
255
255
255
255
255
255
255
255
255
255
255
255
255
255
  0
  0
  0
  0
  1
  0
  0
  0
  0
  0
  0
255
255
255
255
255
255
255
255
255
255
255
255
255
255
255
255
255
255
255
255
255
255
255
  0
  0
  0
  0
  0
  0
  0
  0
  0
  0
  0
  0
255
255
255
255
255
255
255
255
255
255
255
255
255
255
255
255
255
255
255
255
255
255
  0
  0
  0
  0
  0
  0
  0
  0
  0
  0
  0
  0
  0
255
255
255
255
255
255
255
255
255
255
255
255
255
255
255
255
255
255
255
255
255
255
  0
  0
  0
  0
  0
  0
  0
  0
  0
  0
  0
  0
  0
255
255
255
255
255
255
255
255
255
255
  5
  8
  0
255
255
  0
  0
  0
  0
  0
  0
  0
  0
  0
  0
  0
  0
  0
  0
  0
  0
  0
  0
  0
  0
255
255
255
255
255
255
255
255
255
255
  0
 11
  0
255
  0
  0
  0
  0
  0
  0
  0
  0
  0
  0
  0
  0
  0
  0
  0
  0
  0
  0
  0
  0
  0
255
255
255
255
255
255
255
255
255
255
 17
  3
 17
255
  0
  0
  0
  0
  0
  0
  0
  0
  0
  0
  0
  0
  0
  0
  0
  0
  0
  0
  0
  0
  0
  0
  0
255
255
255
255
255
255
255
255
 15
 18
  0
  2
  0
  0
  0
  0
  0
  0
  0
  0
  0
  0
  0
  0
  0
  0
  0
  0
  0
  0
  0
  0
  0
  0
  0
255
255
255
255
255
255
255
255
 50
 26
  2
  0
 15
  3
  0
  0
  0
  0
  0
  0
  0
  0
  0
  0
  0
  0
  0
  0
  0
  0
  0
  0
  0
  0
  0
255
255
255
255
255
255
255
255
 43
 11
  4
  1
 43
 22
  0
  0
  0
  0
  0
  0
  0
  0
  0
  0
  0
  0
  0
  0
  0
  0
  0
  0
  0
  0
  0
255
100
 40
 17
255
255
255
255
 75
 58
 54
 33
 44
 61
  4
  1
  0
  0
  0
  0
  0
  0
  0
  0
  0
  0
  0
  0
  0
  0
  0
  0
  0
  0
255
255
 95
 88
 32
  3
255
100
 97
 78
 74
 80
 84
 58
 79
 51
  8
  0
  0
  0
  0
  0
  0
  0
  0
  0
  4
  1
  0
  0
  0
  0
  0
  0
  0
255
255
 94
 98
 81
 38
 54
 96
 95
 99
 93
 86
 96
 90
 87
 60
 25
  1
  3
 13
 32
 15
  0
  0
  0
  0
 15
 31
  8
  0
  0
  0
  0
  0
255
255
255
255
 95
100
 93
 65
 79
 97
100
 99
 97
 99
 98
 87
 66
 90
 72
 78
 81
 50
  6
  0
  0
  0
  0
  1
 24
 15
  0
  0
  0
  0
255
255
255
255
255
 95
 92
 94
 70
 69
 78
 98
 81
 81
 97
 97
 98
 90
 93
 94
 90
 82
 20
 14
  3
  1
  0
  0
  3
  4
  0
  0
  0
  0
255
255
255
255
255
255
255
 96
 91
 84
 97
 99
 96
 88
 94
 88
 87
 97
 98
 92
 98
 99
100
 92
 82
 61
  2
  1
  7
  1
  0
  0
  0
  0
  0
255
255
255
255
255
255
255
 98
 94
 95
 92
 97
 95
 91
 98
 99
 96
 98
 96
 95
 97
 99
 87
 69
 68
 49
  4
  0
  0
  0
  0
  0
  0
  0
255
255
255
255
255
255
255
255
255
 82
 88
 54
 96
 92
 98
100
100
 96
 98
 95
 97
 89
 87
 75
 83
 52
 15
  2
  0
  0
  0
  0
  0
  0
255
255
255
255
255
255
255
255
255
255
 71
 50
 68
 94
 95
 99
100
100
 97
 97
 93
 92
 68
 65
 82
 87
 84
  7
  4
  5
  0
  0
  0
  0
255
255
255
255
255
255
255
255
255
255
255
 43
 47
 25
 93
 91
 98
100
100
 99
 93
 64
 85
 74
 75
 60
 44
 36
  1
  0
  0
  0
  0
  0
255
255
255
255
255
255
255
255
255
255
255
255
 41
 23
 29
 79
 94
 99
 99
100
 97
100
 92
 83
 90
 88
 79
 75
 67
 19
  7
  0
  0
  0
255
255
255
255
255
255
255
255
255
255
255
255
255
 68
 13
 33
 75
 90
 97
 96
 87
 79
 83
 82
 91
 89
 76
 58
 31
 12
  8
  6
  9
255
255
255
255
255
255
255
255
255
255
255
255
255
255
255
255
 26
 46
 60
 53
 53
 58
 62
 59
 29
 30
 49
 43
 45
 27
 19
  0
  0
255
255
255
255
255
255
255
255
255
255
255
255
255
255
255
255
255
255
 84
 64
 53
 28
 45
 54
 73
 31
255
255
255
255
255
255
255
255
255
255
255
255
255
255
255
255
255
255
255
255
255
255
255
255
255
255
255
255
255
 74
 54
255
255
255
255
255
255
255
255
255
255
255
255
255
255
255
255
255
255
255
255
255
255
255
255
255
255
