 58.417   -6.750  -99.0000  -99.0000  -99.0000  -99.0000  -99.0000  -99.0000  -99.0000  -99.0000
 58.417   -6.583  -99.0000  -99.0000  -99.0000  -99.0000  -99.0000  -99.0000  -99.0000  -99.0000
 58.417   -6.417  -99.0000  -99.0000  -99.0000  -99.0000  -99.0000  -99.0000  -99.0000  -99.0000
 58.417   -6.250  -99.0000  -99.0000  -99.0000  -99.0000  -99.0000  -99.0000  -99.0000  -99.0000
 58.417   -6.083  -99.0000  -99.0000  -99.0000  -99.0000  -99.0000  -99.0000  -99.0000  -99.0000
 58.417   -5.917  -99.0000  -99.0000  -99.0000  -99.0000  -99.0000  -99.0000  -99.0000  -99.0000
 58.417   -5.750  -99.0000  -99.0000  -99.0000  -99.0000  -99.0000  -99.0000  -99.0000  -99.0000
 58.417   -5.583  -99.0000  -99.0000  -99.0000  -99.0000  -99.0000  -99.0000  -99.0000  -99.0000
 58.417   -5.417  -99.0000  -99.0000  -99.0000  -99.0000  -99.0000  -99.0000  -99.0000  -99.0000
 58.417   -5.250  -99.0000  -99.0000  -99.0000  -99.0000  -99.0000  -99.0000  -99.0000  -99.0000
 58.417   -5.083  -99.0000  -99.0000  -99.0000  -99.0000  -99.0000  -99.0000  -99.0000  -99.0000
 58.417   -4.917  -99.0000  -99.0000  -99.0000  -99.0000  -99.0000  -99.0000  -99.0000  -99.0000
 58.417   -4.750   44.5870   36.2740    0.9940  -99.0000  -99.0000  -99.0000  -99.0000  -99.0000
 58.417   -4.583   31.1170   43.2290    1.1930  -99.0000  -99.0000  -99.0000  -99.0000  -99.0000
 58.417   -4.417   33.9030   43.1020    1.2150  -99.0000  -99.0000  -99.0000  -99.0000  -99.0000
 58.417   -4.250  -99.0000  -99.0000  -99.0000  -99.0000  -99.0000  -99.0000  -99.0000  -99.0000
 58.417   -4.083  -99.0000  -99.0000  -99.0000  -99.0000  -99.0000  -99.0000  -99.0000  -99.0000
 58.417   -3.917   32.8420   41.2900    1.1910  -99.0000  -99.0000  -99.0000  -99.0000  -99.0000
 58.417   -3.750   30.1460   43.5610    1.1860  -99.0000  -99.0000  -99.0000  -99.0000  -99.0000
 58.417   -3.583   32.1650   42.5760    1.1900  -99.0000  -99.0000  -99.0000  -99.0000  -99.0000
 58.417   -3.417   37.2270   42.2210    1.1960  -99.0000  -99.0000  -99.0000  -99.0000  -99.0000
 58.417   -3.250   34.0140   44.5080    1.2040  -99.0000  -99.0000  -99.0000  -99.0000  -99.0000
 58.417   -3.083  -99.0000  -99.0000  -99.0000  -99.0000  -99.0000  -99.0000  -99.0000  -99.0000
 58.417   -2.917  -99.0000  -99.0000  -99.0000  -99.0000  -99.0000  -99.0000  -99.0000  -99.0000
 58.417   -2.750  -99.0000  -99.0000  -99.0000  -99.0000  -99.0000  -99.0000  -99.0000  -99.0000
 58.417   -2.583  -99.0000  -99.0000  -99.0000  -99.0000  -99.0000  -99.0000  -99.0000  -99.0000
 58.417   -2.417  -99.0000  -99.0000  -99.0000  -99.0000  -99.0000  -99.0000  -99.0000  -99.0000
 58.417   -2.250  -99.0000  -99.0000  -99.0000  -99.0000  -99.0000  -99.0000  -99.0000  -99.0000
 58.417   -2.083  -99.0000  -99.0000  -99.0000  -99.0000  -99.0000  -99.0000  -99.0000  -99.0000
 58.417   -1.917  -99.0000  -99.0000  -99.0000  -99.0000  -99.0000  -99.0000  -99.0000  -99.0000
 58.417   -1.750  -99.0000  -99.0000  -99.0000  -99.0000  -99.0000  -99.0000  -99.0000  -99.0000
 58.417   -1.583  -99.0000  -99.0000  -99.0000  -99.0000  -99.0000  -99.0000  -99.0000  -99.0000
 58.417   -1.417  -99.0000  -99.0000  -99.0000  -99.0000  -99.0000  -99.0000  -99.0000  -99.0000
 58.417   -1.250  -99.0000  -99.0000  -99.0000  -99.0000  -99.0000  -99.0000  -99.0000  -99.0000
 58.417   -1.083  -99.0000  -99.0000  -99.0000  -99.0000  -99.0000  -99.0000  -99.0000  -99.0000
 58.417   -0.917  -99.0000  -99.0000  -99.0000  -99.0000  -99.0000  -99.0000  -99.0000  -99.0000
 58.417   -0.750  -99.0000  -99.0000  -99.0000  -99.0000  -99.0000  -99.0000  -99.0000  -99.0000
 58.250   -6.750  -99.0000  -99.0000  -99.0000  -99.0000  -99.0000  -99.0000  -99.0000  -99.0000
 58.250   -6.583  -99.0000  -99.0000  -99.0000  -99.0000  -99.0000  -99.0000  -99.0000  -99.0000
 58.250   -6.417  -99.0000  -99.0000  -99.0000  -99.0000  -99.0000  -99.0000  -99.0000  -99.0000
 58.250   -6.250   47.6240   36.4800    1.0860  -99.0000  -99.0000  -99.0000  -99.0000  -99.0000
 58.250   -6.083  -99.0000  -99.0000  -99.0000  -99.0000  -99.0000  -99.0000  -99.0000  -99.0000
 58.250   -5.917  -99.0000  -99.0000  -99.0000  -99.0000  -99.0000  -99.0000  -99.0000  -99.0000
 58.250   -5.750  -99.0000  -99.0000  -99.0000  -99.0000  -99.0000  -99.0000  -99.0000  -99.0000
 58.250   -5.583  -99.0000  -99.0000  -99.0000  -99.0000  -99.0000  -99.0000  -99.0000  -99.0000
 58.250   -5.417  -99.0000  -99.0000  -99.0000  -99.0000  -99.0000  -99.0000  -99.0000  -99.0000
 58.250   -5.250  -99.0000  -99.0000  -99.0000  -99.0000  -99.0000  -99.0000  -99.0000  -99.0000
 58.250   -5.083  -99.0000  -99.0000  -99.0000  -99.0000  -99.0000  -99.0000  -99.0000  -99.0000
 58.250   -4.917   40.2270   36.8120    1.2550  -99.0000  -99.0000  -99.0000  -99.0000  -99.0000
 58.250   -4.750   49.7900   30.1350    1.3400  -99.0000  -99.0000  -99.0000  -99.0000  -99.0000
 58.250   -4.583   16.6660   37.6130    1.2450  -99.0000  -99.0000  -99.0000  -99.0000  -99.0000
 58.250   -4.417   45.6850   25.8800    1.2590  -99.0000  -99.0000  -99.0000  -99.0000  -99.0000
 58.250   -4.250   44.5590   34.1390    1.3980  -99.0000  -99.0000  -99.0000  -99.0000  -99.0000
 58.250   -4.083   42.5990   37.9190    1.1180  -99.0000  -99.0000  -99.0000  -99.0000  -99.0000
 58.250   -3.917   32.9760   43.0040    1.1170  -99.0000  -99.0000  -99.0000  -99.0000  -99.0000
 58.250   -3.750   31.0900   43.3510    1.1490  -99.0000  -99.0000  -99.0000  -99.0000  -99.0000
 58.250   -3.583   29.5780   44.1300    1.1760  -99.0000  -99.0000  -99.0000  -99.0000  -99.0000
 58.250   -3.417   32.4460   43.5850    1.1150  -99.0000  -99.0000  -99.0000  -99.0000  -99.0000
 58.250   -3.250  -99.0000  -99.0000  -99.0000  -99.0000  -99.0000  -99.0000  -99.0000  -99.0000
 58.250   -3.083  -99.0000  -99.0000  -99.0000  -99.0000  -99.0000  -99.0000  -99.0000  -99.0000
 58.250   -2.917  -99.0000  -99.0000  -99.0000  -99.0000  -99.0000  -99.0000  -99.0000  -99.0000
 58.250   -2.750  -99.0000  -99.0000  -99.0000  -99.0000  -99.0000  -99.0000  -99.0000  -99.0000
 58.250   -2.583  -99.0000  -99.0000  -99.0000  -99.0000  -99.0000  -99.0000  -99.0000  -99.0000
 58.250   -2.417  -99.0000  -99.0000  -99.0000  -99.0000  -99.0000  -99.0000  -99.0000  -99.0000
 58.250   -2.250  -99.0000  -99.0000  -99.0000  -99.0000  -99.0000  -99.0000  -99.0000  -99.0000
 58.250   -2.083  -99.0000  -99.0000  -99.0000  -99.0000  -99.0000  -99.0000  -99.0000  -99.0000
 58.250   -1.917  -99.0000  -99.0000  -99.0000  -99.0000  -99.0000  -99.0000  -99.0000  -99.0000
 58.250   -1.750  -99.0000  -99.0000  -99.0000  -99.0000  -99.0000  -99.0000  -99.0000  -99.0000
 58.250   -1.583  -99.0000  -99.0000  -99.0000  -99.0000  -99.0000  -99.0000  -99.0000  -99.0000
 58.250   -1.417  -99.0000  -99.0000  -99.0000  -99.0000  -99.0000  -99.0000  -99.0000  -99.0000
 58.250   -1.250  -99.0000  -99.0000  -99.0000  -99.0000  -99.0000  -99.0000  -99.0000  -99.0000
 58.250   -1.083  -99.0000  -99.0000  -99.0000  -99.0000  -99.0000  -99.0000  -99.0000  -99.0000
 58.250   -0.917  -99.0000  -99.0000  -99.0000  -99.0000  -99.0000  -99.0000  -99.0000  -99.0000
 58.250   -0.750  -99.0000  -99.0000  -99.0000  -99.0000  -99.0000  -99.0000  -99.0000  -99.0000
 58.083   -6.750   57.3130   25.0770    1.3130  -99.0000  -99.0000  -99.0000  -99.0000  -99.0000
 58.083   -6.583   42.2880   32.7920    1.3250  -99.0000  -99.0000  -99.0000  -99.0000  -99.0000
 58.083   -6.417   33.3200   34.8430    1.2980  -99.0000  -99.0000  -99.0000  -99.0000  -99.0000
 58.083   -6.250  -99.0000  -99.0000  -99.0000  -99.0000  -99.0000  -99.0000  -99.0000  -99.0000
 58.083   -6.083  -99.0000  -99.0000  -99.0000  -99.0000  -99.0000  -99.0000  -99.0000  -99.0000
 58.083   -5.917  -99.0000  -99.0000  -99.0000  -99.0000  -99.0000  -99.0000  -99.0000  -99.0000
 58.083   -5.750  -99.0000  -99.0000  -99.0000  -99.0000  -99.0000  -99.0000  -99.0000  -99.0000
 58.083   -5.583  -99.0000  -99.0000  -99.0000  -99.0000  -99.0000  -99.0000  -99.0000  -99.0000
 58.083   -5.417  -99.0000  -99.0000  -99.0000  -99.0000  -99.0000  -99.0000  -99.0000  -99.0000
 58.083   -5.250  -99.0000  -99.0000  -99.0000  -99.0000  -99.0000  -99.0000  -99.0000  -99.0000
 58.083   -5.083   26.7580   37.5510    1.3230  -99.0000  -99.0000  -99.0000  -99.0000  -99.0000
 58.083   -4.917   27.0040   39.7810    1.3200  -99.0000  -99.0000  -99.0000  -99.0000  -99.0000
 58.083   -4.750   12.9440   62.4140    1.3710  -99.0000  -99.0000  -99.0000  -99.0000  -99.0000
 58.083   -4.583   19.6180   49.6520    1.2210  -99.0000  -99.0000  -99.0000  -99.0000  -99.0000
 58.083   -4.417   17.9850   47.1750    1.2160  -99.0000  -99.0000  -99.0000  -99.0000  -99.0000
 58.083   -4.250   36.1990   40.7510    1.1540  -99.0000  -99.0000  -99.0000  -99.0000  -99.0000
 58.083   -4.083   30.7910   43.5770    1.1690  -99.0000  -99.0000  -99.0000  -99.0000  -99.0000
 58.083   -3.917   43.0510   37.8700    1.0270  -99.0000  -99.0000  -99.0000  -99.0000  -99.0000
 58.083   -3.750   60.0350   28.8920    0.8720  -99.0000  -99.0000  -99.0000  -99.0000  -99.0000
 58.083   -3.583  -99.0000  -99.0000  -99.0000  -99.0000  -99.0000  -99.0000  -99.0000  -99.0000
 58.083   -3.417  -99.0000  -99.0000  -99.0000  -99.0000  -99.0000  -99.0000  -99.0000  -99.0000
 58.083   -3.250  -99.0000  -99.0000  -99.0000  -99.0000  -99.0000  -99.0000  -99.0000  -99.0000
 58.083   -3.083  -99.0000  -99.0000  -99.0000  -99.0000  -99.0000  -99.0000  -99.0000  -99.0000
 58.083   -2.917  -99.0000  -99.0000  -99.0000  -99.0000  -99.0000  -99.0000  -99.0000  -99.0000
 58.083   -2.750  -99.0000  -99.0000  -99.0000  -99.0000  -99.0000  -99.0000  -99.0000  -99.0000
 58.083   -2.583  -99.0000  -99.0000  -99.0000  -99.0000  -99.0000  -99.0000  -99.0000  -99.0000
 58.083   -2.417  -99.0000  -99.0000  -99.0000  -99.0000  -99.0000  -99.0000  -99.0000  -99.0000
 58.083   -2.250  -99.0000  -99.0000  -99.0000  -99.0000  -99.0000  -99.0000  -99.0000  -99.0000
 58.083   -2.083  -99.0000  -99.0000  -99.0000  -99.0000  -99.0000  -99.0000  -99.0000  -99.0000
 58.083   -1.917  -99.0000  -99.0000  -99.0000  -99.0000  -99.0000  -99.0000  -99.0000  -99.0000
 58.083   -1.750  -99.0000  -99.0000  -99.0000  -99.0000  -99.0000  -99.0000  -99.0000  -99.0000
 58.083   -1.583  -99.0000  -99.0000  -99.0000  -99.0000  -99.0000  -99.0000  -99.0000  -99.0000
 58.083   -1.417  -99.0000  -99.0000  -99.0000  -99.0000  -99.0000  -99.0000  -99.0000  -99.0000
 58.083   -1.250  -99.0000  -99.0000  -99.0000  -99.0000  -99.0000  -99.0000  -99.0000  -99.0000
 58.083   -1.083  -99.0000  -99.0000  -99.0000  -99.0000  -99.0000  -99.0000  -99.0000  -99.0000
 58.083   -0.917  -99.0000  -99.0000  -99.0000  -99.0000  -99.0000  -99.0000  -99.0000  -99.0000
 58.083   -0.750  -99.0000  -99.0000  -99.0000  -99.0000  -99.0000  -99.0000  -99.0000  -99.0000
 57.917   -6.750   36.8440   35.2740    1.3560  -99.0000  -99.0000  -99.0000  -99.0000  -99.0000
 57.917   -6.583   34.3430   38.5690    1.3030  -99.0000  -99.0000  -99.0000  -99.0000  -99.0000
 57.917   -6.417  -99.0000  -99.0000  -99.0000  -99.0000  -99.0000  -99.0000  -99.0000  -99.0000
 57.917   -6.250  -99.0000  -99.0000  -99.0000  -99.0000  -99.0000  -99.0000  -99.0000  -99.0000
 57.917   -6.083  -99.0000  -99.0000  -99.0000  -99.0000  -99.0000  -99.0000  -99.0000  -99.0000
 57.917   -5.917  -99.0000  -99.0000  -99.0000  -99.0000  -99.0000  -99.0000  -99.0000  -99.0000
 57.917   -5.750  -99.0000  -99.0000  -99.0000  -99.0000  -99.0000  -99.0000  -99.0000  -99.0000
 57.917   -5.583  -99.0000  -99.0000  -99.0000  -99.0000  -99.0000  -99.0000  -99.0000  -99.0000
 57.917   -5.417  -99.0000  -99.0000  -99.0000  -99.0000  -99.0000  -99.0000  -99.0000  -99.0000
 57.917   -5.250   26.2870   40.9500    1.2310  -99.0000  -99.0000  -99.0000  -99.0000  -99.0000
 57.917   -5.083   24.6170   40.4620    1.2010  -99.0000  -99.0000  -99.0000  -99.0000  -99.0000
 57.917   -4.917   29.2770   46.0850    1.2860  -99.0000  -99.0000  -99.0000  -99.0000  -99.0000
 57.917   -4.750   21.3590   42.6720    1.2360  -99.0000  -99.0000  -99.0000  -99.0000  -99.0000
 57.917   -4.583   22.6030   46.9540    1.2660  -99.0000  -99.0000  -99.0000  -99.0000  -99.0000
 57.917   -4.417   39.0510   36.6080    1.2750  -99.0000  -99.0000  -99.0000  -99.0000  -99.0000
 57.917   -4.250   51.0350   28.0470    1.2620  -99.0000  -99.0000  -99.0000  -99.0000  -99.0000
 57.917   -4.083   73.2070   14.3180    1.3000  -99.0000  -99.0000  -99.0000  -99.0000  -99.0000
 57.917   -3.917  -99.0000  -99.0000  -99.0000  -99.0000  -99.0000  -99.0000  -99.0000  -99.0000
 57.917   -3.750  -99.0000  -99.0000  -99.0000  -99.0000  -99.0000  -99.0000  -99.0000  -99.0000
 57.917   -3.583  -99.0000  -99.0000  -99.0000  -99.0000  -99.0000  -99.0000  -99.0000  -99.0000
 57.917   -3.417  -99.0000  -99.0000  -99.0000  -99.0000  -99.0000  -99.0000  -99.0000  -99.0000
 57.917   -3.250  -99.0000  -99.0000  -99.0000  -99.0000  -99.0000  -99.0000  -99.0000  -99.0000
 57.917   -3.083  -99.0000  -99.0000  -99.0000  -99.0000  -99.0000  -99.0000  -99.0000  -99.0000
 57.917   -2.917  -99.0000  -99.0000  -99.0000  -99.0000  -99.0000  -99.0000  -99.0000  -99.0000
 57.917   -2.750  -99.0000  -99.0000  -99.0000  -99.0000  -99.0000  -99.0000  -99.0000  -99.0000
 57.917   -2.583  -99.0000  -99.0000  -99.0000  -99.0000  -99.0000  -99.0000  -99.0000  -99.0000
 57.917   -2.417  -99.0000  -99.0000  -99.0000  -99.0000  -99.0000  -99.0000  -99.0000  -99.0000
 57.917   -2.250  -99.0000  -99.0000  -99.0000  -99.0000  -99.0000  -99.0000  -99.0000  -99.0000
 57.917   -2.083  -99.0000  -99.0000  -99.0000  -99.0000  -99.0000  -99.0000  -99.0000  -99.0000
 57.917   -1.917  -99.0000  -99.0000  -99.0000  -99.0000  -99.0000  -99.0000  -99.0000  -99.0000
 57.917   -1.750  -99.0000  -99.0000  -99.0000  -99.0000  -99.0000  -99.0000  -99.0000  -99.0000
 57.917   -1.583  -99.0000  -99.0000  -99.0000  -99.0000  -99.0000  -99.0000  -99.0000  -99.0000
 57.917   -1.417  -99.0000  -99.0000  -99.0000  -99.0000  -99.0000  -99.0000  -99.0000  -99.0000
 57.917   -1.250  -99.0000  -99.0000  -99.0000  -99.0000  -99.0000  -99.0000  -99.0000  -99.0000
 57.917   -1.083  -99.0000  -99.0000  -99.0000  -99.0000  -99.0000  -99.0000  -99.0000  -99.0000
 57.917   -0.917  -99.0000  -99.0000  -99.0000  -99.0000  -99.0000  -99.0000  -99.0000  -99.0000
 57.917   -0.750  -99.0000  -99.0000  -99.0000  -99.0000  -99.0000  -99.0000  -99.0000  -99.0000
 57.750   -6.750  -99.0000  -99.0000  -99.0000  -99.0000  -99.0000  -99.0000  -99.0000  -99.0000
 57.750   -6.583  -99.0000  -99.0000  -99.0000  -99.0000  -99.0000  -99.0000  -99.0000  -99.0000
 57.750   -6.417  -99.0000  -99.0000  -99.0000  -99.0000  -99.0000  -99.0000  -99.0000  -99.0000
 57.750   -6.250  -99.0000  -99.0000  -99.0000  -99.0000  -99.0000  -99.0000  -99.0000  -99.0000
 57.750   -6.083  -99.0000  -99.0000  -99.0000  -99.0000  -99.0000  -99.0000  -99.0000  -99.0000
 57.750   -5.917  -99.0000  -99.0000  -99.0000  -99.0000  -99.0000  -99.0000  -99.0000  -99.0000
 57.750   -5.750  -99.0000  -99.0000  -99.0000  -99.0000  -99.0000  -99.0000  -99.0000  -99.0000
 57.750   -5.583  -99.0000  -99.0000  -99.0000  -99.0000  -99.0000  -99.0000  -99.0000  -99.0000
 57.750   -5.417   14.2750   56.4380    1.2990  -99.0000  -99.0000  -99.0000  -99.0000  -99.0000
 57.750   -5.250   15.9410   58.4860    1.3210  -99.0000  -99.0000  -99.0000  -99.0000  -99.0000
 57.750   -5.083   16.8330   54.0350    1.2920  -99.0000  -99.0000  -99.0000  -99.0000  -99.0000
 57.750   -4.917   40.2980   36.5430    1.2630  -99.0000  -99.0000  -99.0000  -99.0000  -99.0000
 57.750   -4.750   27.8210   41.3450    1.3180  -99.0000  -99.0000  -99.0000  -99.0000  -99.0000
 57.750   -4.583   26.2620   40.0400    1.3250  -99.0000  -99.0000  -99.0000  -99.0000  -99.0000
 57.750   -4.417   29.1810   39.8010    1.2760  -99.0000  -99.0000  -99.0000  -99.0000  -99.0000
 57.750   -4.250   39.5240   36.5100    1.2190  -99.0000  -99.0000  -99.0000  -99.0000  -99.0000
 57.750   -4.083   33.3910   39.3630    1.2660  -99.0000  -99.0000  -99.0000  -99.0000  -99.0000
 57.750   -3.917   35.1440   39.0020    1.3000  -99.0000  -99.0000  -99.0000  -99.0000  -99.0000
 57.750   -3.750  -99.0000  -99.0000  -99.0000  -99.0000  -99.0000  -99.0000  -99.0000  -99.0000
 57.750   -3.583  -99.0000  -99.0000  -99.0000  -99.0000  -99.0000  -99.0000  -99.0000  -99.0000
 57.750   -3.417  -99.0000  -99.0000  -99.0000  -99.0000  -99.0000  -99.0000  -99.0000  -99.0000
 57.750   -3.250  -99.0000  -99.0000  -99.0000  -99.0000  -99.0000  -99.0000  -99.0000  -99.0000
 57.750   -3.083  -99.0000  -99.0000  -99.0000  -99.0000  -99.0000  -99.0000  -99.0000  -99.0000
 57.750   -2.917  -99.0000  -99.0000  -99.0000  -99.0000  -99.0000  -99.0000  -99.0000  -99.0000
 57.750   -2.750  -99.0000  -99.0000  -99.0000  -99.0000  -99.0000  -99.0000  -99.0000  -99.0000
 57.750   -2.583  -99.0000  -99.0000  -99.0000  -99.0000  -99.0000  -99.0000  -99.0000  -99.0000
 57.750   -2.417  -99.0000  -99.0000  -99.0000  -99.0000  -99.0000  -99.0000  -99.0000  -99.0000
 57.750   -2.250  -99.0000  -99.0000  -99.0000  -99.0000  -99.0000  -99.0000  -99.0000  -99.0000
 57.750   -2.083  -99.0000  -99.0000  -99.0000  -99.0000  -99.0000  -99.0000  -99.0000  -99.0000
 57.750   -1.917  -99.0000  -99.0000  -99.0000  -99.0000  -99.0000  -99.0000  -99.0000  -99.0000
 57.750   -1.750  -99.0000  -99.0000  -99.0000  -99.0000  -99.0000  -99.0000  -99.0000  -99.0000
 57.750   -1.583  -99.0000  -99.0000  -99.0000  -99.0000  -99.0000  -99.0000  -99.0000  -99.0000
 57.750   -1.417  -99.0000  -99.0000  -99.0000  -99.0000  -99.0000  -99.0000  -99.0000  -99.0000
 57.750   -1.250  -99.0000  -99.0000  -99.0000  -99.0000  -99.0000  -99.0000  -99.0000  -99.0000
 57.750   -1.083  -99.0000  -99.0000  -99.0000  -99.0000  -99.0000  -99.0000  -99.0000  -99.0000
 57.750   -0.917  -99.0000  -99.0000  -99.0000  -99.0000  -99.0000  -99.0000  -99.0000  -99.0000
 57.750   -0.750  -99.0000  -99.0000  -99.0000  -99.0000  -99.0000  -99.0000  -99.0000  -99.0000
 57.583   -6.750  -99.0000  -99.0000  -99.0000  -99.0000  -99.0000  -99.0000  -99.0000  -99.0000
 57.583   -6.583  -99.0000  -99.0000  -99.0000  -99.0000  -99.0000  -99.0000  -99.0000  -99.0000
 57.583   -6.417  -99.0000  -99.0000  -99.0000  -99.0000  -99.0000  -99.0000  -99.0000  -99.0000
 57.583   -6.250  -99.0000  -99.0000  -99.0000  -99.0000  -99.0000  -99.0000  -99.0000  -99.0000
 57.583   -6.083  -99.0000  -99.0000  -99.0000  -99.0000  -99.0000  -99.0000  -99.0000  -99.0000
 57.583   -5.917  -99.0000  -99.0000  -99.0000  -99.0000  -99.0000  -99.0000  -99.0000  -99.0000
 57.583   -5.750  -99.0000  -99.0000  -99.0000  -99.0000  -99.0000  -99.0000  -99.0000  -99.0000
 57.583   -5.583   34.3660   40.0750    1.2680  -99.0000  -99.0000  -99.0000  -99.0000  -99.0000
 57.583   -5.417   43.7890   32.4070    1.3020  -99.0000  -99.0000  -99.0000  -99.0000  -99.0000
 57.583   -5.250   33.4570   33.4170    1.2630  -99.0000  -99.0000  -99.0000  -99.0000  -99.0000
 57.583   -5.083   33.4770   36.8950    1.2690  -99.0000  -99.0000  -99.0000  -99.0000  -99.0000
 57.583   -4.917   26.2940   37.9160    1.2850  -99.0000  -99.0000  -99.0000  -99.0000  -99.0000
 57.583   -4.750   17.8670   43.6580    1.2440  -99.0000  -99.0000  -99.0000  -99.0000  -99.0000
 57.583   -4.583   16.7680   50.3910    1.2550  -99.0000  -99.0000  -99.0000  -99.0000  -99.0000
 57.583   -4.417   23.1660   48.1130    1.2570  -99.0000  -99.0000  -99.0000  -99.0000  -99.0000
 57.583   -4.250   32.8850   39.1860    1.2570  -99.0000  -99.0000  -99.0000  -99.0000  -99.0000
 57.583   -4.083   26.5710   40.7410    1.2700  -99.0000  -99.0000  -99.0000  -99.0000  -99.0000
 57.583   -3.917   18.8650   44.6220    1.2730  -99.0000  -99.0000  -99.0000  -99.0000  -99.0000
 57.583   -3.750   18.6650   49.1450    1.2710  -99.0000  -99.0000  -99.0000  -99.0000  -99.0000
 57.583   -3.583  -99.0000  -99.0000  -99.0000  -99.0000  -99.0000  -99.0000  -99.0000  -99.0000
 57.583   -3.417  -99.0000  -99.0000  -99.0000  -99.0000  -99.0000  -99.0000  -99.0000  -99.0000
 57.583   -3.250   19.3590   48.1940    1.2950  -99.0000  -99.0000  -99.0000  -99.0000  -99.0000
 57.583   -3.083   16.8620   52.4440    1.3050  -99.0000  -99.0000  -99.0000  -99.0000  -99.0000
 57.583   -2.917  -99.0000  -99.0000  -99.0000  -99.0000  -99.0000  -99.0000  -99.0000  -99.0000
 57.583   -2.750  -99.0000  -99.0000  -99.0000  -99.0000  -99.0000  -99.0000  -99.0000  -99.0000
 57.583   -2.583  -99.0000  -99.0000  -99.0000  -99.0000  -99.0000  -99.0000  -99.0000  -99.0000
 57.583   -2.417  -99.0000  -99.0000  -99.0000  -99.0000  -99.0000  -99.0000  -99.0000  -99.0000
 57.583   -2.250  -99.0000  -99.0000  -99.0000  -99.0000  -99.0000  -99.0000  -99.0000  -99.0000
 57.583   -2.083  -99.0000  -99.0000  -99.0000  -99.0000  -99.0000  -99.0000  -99.0000  -99.0000
 57.583   -1.917  -99.0000  -99.0000  -99.0000  -99.0000  -99.0000  -99.0000  -99.0000  -99.0000
 57.583   -1.750  -99.0000  -99.0000  -99.0000  -99.0000  -99.0000  -99.0000  -99.0000  -99.0000
 57.583   -1.583  -99.0000  -99.0000  -99.0000  -99.0000  -99.0000  -99.0000  -99.0000  -99.0000
 57.583   -1.417  -99.0000  -99.0000  -99.0000  -99.0000  -99.0000  -99.0000  -99.0000  -99.0000
 57.583   -1.250  -99.0000  -99.0000  -99.0000  -99.0000  -99.0000  -99.0000  -99.0000  -99.0000
 57.583   -1.083  -99.0000  -99.0000  -99.0000  -99.0000  -99.0000  -99.0000  -99.0000  -99.0000
 57.583   -0.917  -99.0000  -99.0000  -99.0000  -99.0000  -99.0000  -99.0000  -99.0000  -99.0000
 57.583   -0.750  -99.0000  -99.0000  -99.0000  -99.0000  -99.0000  -99.0000  -99.0000  -99.0000
 57.417   -6.750  -99.0000  -99.0000  -99.0000  -99.0000  -99.0000  -99.0000  -99.0000  -99.0000
 57.417   -6.583  -99.0000  -99.0000  -99.0000  -99.0000  -99.0000  -99.0000  -99.0000  -99.0000
 57.417   -6.417   69.8090   16.2800    1.2830  -99.0000  -99.0000  -99.0000  -99.0000  -99.0000
 57.417   -6.250   30.3530   33.2180    1.2780  -99.0000  -99.0000  -99.0000  -99.0000  -99.0000
 57.417   -6.083   18.3460   39.7230    1.2920  -99.0000  -99.0000  -99.0000  -99.0000  -99.0000
 57.417   -5.917  -99.0000  -99.0000  -99.0000  -99.0000  -99.0000  -99.0000  -99.0000  -99.0000
 57.417   -5.750  -99.0000  -99.0000  -99.0000  -99.0000  -99.0000  -99.0000  -99.0000  -99.0000
 57.417   -5.583   20.5410   47.6360    1.2920  -99.0000  -99.0000  -99.0000  -99.0000  -99.0000
 57.417   -5.417   18.1720   59.6870    1.3250  -99.0000  -99.0000  -99.0000  -99.0000  -99.0000
 57.417   -5.250   17.1660   61.7370    1.3340  -99.0000  -99.0000  -99.0000  -99.0000  -99.0000
 57.417   -5.083   16.6150   58.7490    1.3300  -99.0000  -99.0000  -99.0000  -99.0000  -99.0000
 57.417   -4.917   15.8340   56.3710    1.3210  -99.0000  -99.0000  -99.0000  -99.0000  -99.0000
 57.417   -4.750   17.2010   51.1520    1.3240  -99.0000  -99.0000  -99.0000  -99.0000  -99.0000
 57.417   -4.583   14.0550   45.3400    1.2980  -99.0000  -99.0000  -99.0000  -99.0000  -99.0000
 57.417   -4.417   19.1330   39.5210    1.2570  -99.0000  -99.0000  -99.0000  -99.0000  -99.0000
 57.417   -4.250   28.1390   39.6910    1.2930  -99.0000  -99.0000  -99.0000  -99.0000  -99.0000
 57.417   -4.083   20.6280   46.7400    1.2840  -99.0000  -99.0000  -99.0000  -99.0000  -99.0000
 57.417   -3.917   31.7300   41.7830    1.2590  -99.0000  -99.0000  -99.0000  -99.0000  -99.0000
 57.417   -3.750   31.1990   42.2580    1.2170  -99.0000  -99.0000  -99.0000  -99.0000  -99.0000
 57.417   -3.583   31.1550   40.9630    1.2760  -99.0000  -99.0000  -99.0000  -99.0000  -99.0000
 57.417   -3.417   32.0750   40.6680    1.2940  -99.0000  -99.0000  -99.0000  -99.0000  -99.0000
 57.417   -3.250   36.6230   39.3870    1.2980  -99.0000  -99.0000  -99.0000  -99.0000  -99.0000
 57.417   -3.083   31.7590   39.4050    1.2450  -99.0000  -99.0000  -99.0000  -99.0000  -99.0000
 57.417   -2.917   23.3130   40.6400    1.1770  -99.0000  -99.0000  -99.0000  -99.0000  -99.0000
 57.417   -2.750   19.7760   44.5840    1.3000  -99.0000  -99.0000  -99.0000  -99.0000  -99.0000
 57.417   -2.583   24.7750   45.5780    1.2940  -99.0000  -99.0000  -99.0000  -99.0000  -99.0000
 57.417   -2.417   23.5100   40.8710    1.2850  -99.0000  -99.0000  -99.0000  -99.0000  -99.0000
 57.417   -2.250   19.0390   35.6190    1.2580  -99.0000  -99.0000  -99.0000  -99.0000  -99.0000
 57.417   -2.083   20.9680   37.7530    1.2620  -99.0000  -99.0000  -99.0000  -99.0000  -99.0000
 57.417   -1.917   17.4330   49.4740    1.1960  -99.0000  -99.0000  -99.0000  -99.0000  -99.0000
 57.417   -1.750  -99.0000  -99.0000  -99.0000  -99.0000  -99.0000  -99.0000  -99.0000  -99.0000
 57.417   -1.583  -99.0000  -99.0000  -99.0000  -99.0000  -99.0000  -99.0000  -99.0000  -99.0000
 57.417   -1.417  -99.0000  -99.0000  -99.0000  -99.0000  -99.0000  -99.0000  -99.0000  -99.0000
 57.417   -1.250  -99.0000  -99.0000  -99.0000  -99.0000  -99.0000  -99.0000  -99.0000  -99.0000
 57.417   -1.083  -99.0000  -99.0000  -99.0000  -99.0000  -99.0000  -99.0000  -99.0000  -99.0000
 57.417   -0.917  -99.0000  -99.0000  -99.0000  -99.0000  -99.0000  -99.0000  -99.0000  -99.0000
 57.417   -0.750  -99.0000  -99.0000  -99.0000  -99.0000  -99.0000  -99.0000  -99.0000  -99.0000
 57.250   -6.750  -99.0000  -99.0000  -99.0000  -99.0000  -99.0000  -99.0000  -99.0000  -99.0000
 57.250   -6.583  -99.0000  -99.0000  -99.0000  -99.0000  -99.0000  -99.0000  -99.0000  -99.0000
 57.250   -6.417   26.1760   39.3780    1.2940  -99.0000  -99.0000  -99.0000  -99.0000  -99.0000
 57.250   -6.250   26.1020   38.7870    1.2870  -99.0000  -99.0000  -99.0000  -99.0000  -99.0000
 57.250   -6.083   29.0320   38.6030    1.2980  -99.0000  -99.0000  -99.0000  -99.0000  -99.0000
 57.250   -5.917   34.8780   34.7150    1.3110  -99.0000  -99.0000  -99.0000  -99.0000  -99.0000
 57.250   -5.750  -99.0000  -99.0000  -99.0000  -99.0000  -99.0000  -99.0000  -99.0000  -99.0000
 57.250   -5.583   30.6150   35.8560    1.3040  -99.0000  -99.0000  -99.0000  -99.0000  -99.0000
 57.250   -5.417   24.2150   41.2160    1.3030  -99.0000  -99.0000  -99.0000  -99.0000  -99.0000
 57.250   -5.250   22.1190   46.6450    1.2850  -99.0000  -99.0000  -99.0000  -99.0000  -99.0000
 57.250   -5.083   19.2430   44.6020    1.2610  -99.0000  -99.0000  -99.0000  -99.0000  -99.0000
 57.250   -4.917   22.7340   45.4500    1.2320  -99.0000  -99.0000  -99.0000  -99.0000  -99.0000
 57.250   -4.750   31.4640   42.9450    1.1540  -99.0000  -99.0000  -99.0000  -99.0000  -99.0000
 57.250   -4.583   34.6310   42.9910    1.0800  -99.0000  -99.0000  -99.0000  -99.0000  -99.0000
 57.250   -4.417   32.8860   42.8930    1.0990  -99.0000  -99.0000  -99.0000  -99.0000  -99.0000
 57.250   -4.250   32.3490   43.6150    1.1560  -99.0000  -99.0000  -99.0000  -99.0000  -99.0000
 57.250   -4.083   16.4460   38.8740    1.0470  -99.0000  -99.0000  -99.0000  -99.0000  -99.0000
 57.250   -3.917   15.0620   36.2810    1.0270  -99.0000  -99.0000  -99.0000  -99.0000  -99.0000
 57.250   -3.750   19.3010   39.7100    1.2720  -99.0000  -99.0000  -99.0000  -99.0000  -99.0000
 57.250   -3.583   21.4360   38.3560    1.2390  -99.0000  -99.0000  -99.0000  -99.0000  -99.0000
 57.250   -3.417   21.0030   41.4930    1.2470  -99.0000  -99.0000  -99.0000  -99.0000  -99.0000
 57.250   -3.250   24.6980   44.5340    1.2010  -99.0000  -99.0000  -99.0000  -99.0000  -99.0000
 57.250   -3.083   18.7160   49.5430    1.2150  -99.0000  -99.0000  -99.0000  -99.0000  -99.0000
 57.250   -2.917   19.1470   52.0800    1.2250  -99.0000  -99.0000  -99.0000  -99.0000  -99.0000
 57.250   -2.750   18.7300   46.1930    1.2080  -99.0000  -99.0000  -99.0000  -99.0000  -99.0000
 57.250   -2.583   18.9500   46.7130    1.1770  -99.0000  -99.0000  -99.0000  -99.0000  -99.0000
 57.250   -2.417   16.7310   51.8120    1.1710  -99.0000  -99.0000  -99.0000  -99.0000  -99.0000
 57.250   -2.250   14.8430   46.8440    1.1990  -99.0000  -99.0000  -99.0000  -99.0000  -99.0000
 57.250   -2.083   36.1280   35.1750    1.2890  -99.0000  -99.0000  -99.0000  -99.0000  -99.0000
 57.250   -1.917  -99.0000  -99.0000  -99.0000  -99.0000  -99.0000  -99.0000  -99.0000  -99.0000
 57.250   -1.750  -99.0000  -99.0000  -99.0000  -99.0000  -99.0000  -99.0000  -99.0000  -99.0000
 57.250   -1.583  -99.0000  -99.0000  -99.0000  -99.0000  -99.0000  -99.0000  -99.0000  -99.0000
 57.250   -1.417  -99.0000  -99.0000  -99.0000  -99.0000  -99.0000  -99.0000  -99.0000  -99.0000
 57.250   -1.250  -99.0000  -99.0000  -99.0000  -99.0000  -99.0000  -99.0000  -99.0000  -99.0000
 57.250   -1.083  -99.0000  -99.0000  -99.0000  -99.0000  -99.0000  -99.0000  -99.0000  -99.0000
 57.250   -0.917  -99.0000  -99.0000  -99.0000  -99.0000  -99.0000  -99.0000  -99.0000  -99.0000
 57.250   -0.750  -99.0000  -99.0000  -99.0000  -99.0000  -99.0000  -99.0000  -99.0000  -99.0000
 57.083   -6.750  -99.0000  -99.0000  -99.0000  -99.0000  -99.0000  -99.0000  -99.0000  -99.0000
 57.083   -6.583  -99.0000  -99.0000  -99.0000  -99.0000  -99.0000  -99.0000  -99.0000  -99.0000
 57.083   -6.417  -99.0000  -99.0000  -99.0000  -99.0000  -99.0000  -99.0000  -99.0000  -99.0000
 57.083   -6.250  -99.0000  -99.0000  -99.0000  -99.0000  -99.0000  -99.0000  -99.0000  -99.0000
 57.083   -6.083  -99.0000  -99.0000  -99.0000  -99.0000  -99.0000  -99.0000  -99.0000  -99.0000
 57.083   -5.917   36.8670   31.0470    1.3100  -99.0000  -99.0000  -99.0000  -99.0000  -99.0000
 57.083   -5.750   48.1290   27.0120    1.2950  -99.0000  -99.0000  -99.0000  -99.0000  -99.0000
 57.083   -5.583   34.4490   37.4600    1.2990  -99.0000  -99.0000  -99.0000  -99.0000  -99.0000
 57.083   -5.417   26.4160   41.2600    1.2660  -99.0000  -99.0000  -99.0000  -99.0000  -99.0000
 57.083   -5.250   19.1230   43.5090    1.2830  -99.0000  -99.0000  -99.0000  -99.0000  -99.0000
 57.083   -5.083   12.6050   42.2820    1.2590  -99.0000  -99.0000  -99.0000  -99.0000  -99.0000
 57.083   -4.917    9.1980   38.3190    1.2560  -99.0000  -99.0000  -99.0000  -99.0000  -99.0000
 57.083   -4.750   21.1460   36.2750    1.2400  -99.0000  -99.0000  -99.0000  -99.0000  -99.0000
 57.083   -4.583   17.4360   45.4020    1.0570  -99.0000  -99.0000  -99.0000  -99.0000  -99.0000
 57.083   -4.417   17.1430   49.1410    1.2290  -99.0000  -99.0000  -99.0000  -99.0000  -99.0000
 57.083   -4.250   20.5950   40.8570    1.2270  -99.0000  -99.0000  -99.0000  -99.0000  -99.0000
 57.083   -4.083   24.7400   36.9530    1.2330  -99.0000  -99.0000  -99.0000  -99.0000  -99.0000
 57.083   -3.917   22.7890   46.0510    1.2280  -99.0000  -99.0000  -99.0000  -99.0000  -99.0000
 57.083   -3.750   21.6960   48.5780    1.2310  -99.0000  -99.0000  -99.0000  -99.0000  -99.0000
 57.083   -3.583   18.1770   53.3190    1.1930  -99.0000  -99.0000  -99.0000  -99.0000  -99.0000
 57.083   -3.417   15.0710   49.9550    1.2240  -99.0000  -99.0000  -99.0000  -99.0000  -99.0000
 57.083   -3.250   16.7820   47.2270    1.1870  -99.0000  -99.0000  -99.0000  -99.0000  -99.0000
 57.083   -3.083   15.7970   47.5060    1.2300  -99.0000  -99.0000  -99.0000  -99.0000  -99.0000
 57.083   -2.917   16.3120   43.8730    1.2360  -99.0000  -99.0000  -99.0000  -99.0000  -99.0000
 57.083   -2.750   25.5730   38.3970    1.2700  -99.0000  -99.0000  -99.0000  -99.0000  -99.0000
 57.083   -2.583   57.7560   21.6460    1.2890  -99.0000  -99.0000  -99.0000  -99.0000  -99.0000
 57.083   -2.417   53.4580   24.9620    1.3290  -99.0000  -99.0000  -99.0000  -99.0000  -99.0000
 57.083   -2.250   50.0280   25.5300    1.2950  -99.0000  -99.0000  -99.0000  -99.0000  -99.0000
 57.083   -2.083   34.1890   32.9520    1.3050  -99.0000  -99.0000  -99.0000  -99.0000  -99.0000
 57.083   -1.917  -99.0000  -99.0000  -99.0000  -99.0000  -99.0000  -99.0000  -99.0000  -99.0000
 57.083   -1.750  -99.0000  -99.0000  -99.0000  -99.0000  -99.0000  -99.0000  -99.0000  -99.0000
 57.083   -1.583  -99.0000  -99.0000  -99.0000  -99.0000  -99.0000  -99.0000  -99.0000  -99.0000
 57.083   -1.417  -99.0000  -99.0000  -99.0000  -99.0000  -99.0000  -99.0000  -99.0000  -99.0000
 57.083   -1.250  -99.0000  -99.0000  -99.0000  -99.0000  -99.0000  -99.0000  -99.0000  -99.0000
 57.083   -1.083  -99.0000  -99.0000  -99.0000  -99.0000  -99.0000  -99.0000  -99.0000  -99.0000
 57.083   -0.917  -99.0000  -99.0000  -99.0000  -99.0000  -99.0000  -99.0000  -99.0000  -99.0000
 57.083   -0.750  -99.0000  -99.0000  -99.0000  -99.0000  -99.0000  -99.0000  -99.0000  -99.0000
 56.917   -6.750  -99.0000  -99.0000  -99.0000  -99.0000  -99.0000  -99.0000  -99.0000  -99.0000
 56.917   -6.583  -99.0000  -99.0000  -99.0000  -99.0000  -99.0000  -99.0000  -99.0000  -99.0000
 56.917   -6.417  -99.0000  -99.0000  -99.0000  -99.0000  -99.0000  -99.0000  -99.0000  -99.0000
 56.917   -6.250  -99.0000  -99.0000  -99.0000  -99.0000  -99.0000  -99.0000  -99.0000  -99.0000
 56.917   -6.083  -99.0000  -99.0000  -99.0000  -99.0000  -99.0000  -99.0000  -99.0000  -99.0000
 56.917   -5.917  -99.0000  -99.0000  -99.0000  -99.0000  -99.0000  -99.0000  -99.0000  -99.0000
 56.917   -5.750   13.5250   44.3300    1.3180  -99.0000  -99.0000  -99.0000  -99.0000  -99.0000
 56.917   -5.583   16.1760   48.6100    1.2680  -99.0000  -99.0000  -99.0000  -99.0000  -99.0000
 56.917   -5.417   20.6560   47.9330    1.2520  -99.0000  -99.0000  -99.0000  -99.0000  -99.0000
 56.917   -5.250   24.2930   43.9900    1.2630  -99.0000  -99.0000  -99.0000  -99.0000  -99.0000
 56.917   -5.083   30.1040   39.3370    1.2830  -99.0000  -99.0000  -99.0000  -99.0000  -99.0000
 56.917   -4.917   10.0040   43.7660    1.1680  -99.0000  -99.0000  -99.0000  -99.0000  -99.0000
 56.917   -4.750   20.7230   45.7040    1.1790  -99.0000  -99.0000  -99.0000  -99.0000  -99.0000
 56.917   -4.583   22.4620   43.0040    1.2930  -99.0000  -99.0000  -99.0000  -99.0000  -99.0000
 56.917   -4.417   19.0210   40.9050    1.2540  -99.0000  -99.0000  -99.0000  -99.0000  -99.0000
 56.917   -4.250   22.6430   37.2130    1.2030  -99.0000  -99.0000  -99.0000  -99.0000  -99.0000
 56.917   -4.083   31.0060   32.3440    1.3010  -99.0000  -99.0000  -99.0000  -99.0000  -99.0000
 56.917   -3.917   22.0170   41.6840    1.2850  -99.0000  -99.0000  -99.0000  -99.0000  -99.0000
 56.917   -3.750   26.0790   41.4930    1.2410  -99.0000  -99.0000  -99.0000  -99.0000  -99.0000
 56.917   -3.583   25.1060   43.0580    1.2810  -99.0000  -99.0000  -99.0000  -99.0000  -99.0000
 56.917   -3.417   28.2540   40.3120    1.2990  -99.0000  -99.0000  -99.0000  -99.0000  -99.0000
 56.917   -3.250   34.1030   33.9430    1.3060  -99.0000  -99.0000  -99.0000  -99.0000  -99.0000
 56.917   -3.083   34.2710   31.5110    1.3060  -99.0000  -99.0000  -99.0000  -99.0000  -99.0000
 56.917   -2.917   38.6560   29.1060    1.3270  -99.0000  -99.0000  -99.0000  -99.0000  -99.0000
 56.917   -2.750   41.6330   27.7810    1.3130  -99.0000  -99.0000  -99.0000  -99.0000  -99.0000
 56.917   -2.583   45.3760   27.7930    1.2840  -99.0000  -99.0000  -99.0000  -99.0000  -99.0000
 56.917   -2.417   52.4770   27.7150    1.3710  -99.0000  -99.0000  -99.0000  -99.0000  -99.0000
 56.917   -2.250   40.0190   32.0400    1.3500  -99.0000  -99.0000  -99.0000  -99.0000  -99.0000
 56.917   -2.083  -99.0000  -99.0000  -99.0000  -99.0000  -99.0000  -99.0000  -99.0000  -99.0000
 56.917   -1.917  -99.0000  -99.0000  -99.0000  -99.0000  -99.0000  -99.0000  -99.0000  -99.0000
 56.917   -1.750  -99.0000  -99.0000  -99.0000  -99.0000  -99.0000  -99.0000  -99.0000  -99.0000
 56.917   -1.583  -99.0000  -99.0000  -99.0000  -99.0000  -99.0000  -99.0000  -99.0000  -99.0000
 56.917   -1.417  -99.0000  -99.0000  -99.0000  -99.0000  -99.0000  -99.0000  -99.0000  -99.0000
 56.917   -1.250  -99.0000  -99.0000  -99.0000  -99.0000  -99.0000  -99.0000  -99.0000  -99.0000
 56.917   -1.083  -99.0000  -99.0000  -99.0000  -99.0000  -99.0000  -99.0000  -99.0000  -99.0000
 56.917   -0.917  -99.0000  -99.0000  -99.0000  -99.0000  -99.0000  -99.0000  -99.0000  -99.0000
 56.917   -0.750  -99.0000  -99.0000  -99.0000  -99.0000  -99.0000  -99.0000  -99.0000  -99.0000
 56.750   -6.750  -99.0000  -99.0000  -99.0000  -99.0000  -99.0000  -99.0000  -99.0000  -99.0000
 56.750   -6.583  -99.0000  -99.0000  -99.0000  -99.0000  -99.0000  -99.0000  -99.0000  -99.0000
 56.750   -6.417  -99.0000  -99.0000  -99.0000  -99.0000  -99.0000  -99.0000  -99.0000  -99.0000
 56.750   -6.250  -99.0000  -99.0000  -99.0000  -99.0000  -99.0000  -99.0000  -99.0000  -99.0000
 56.750   -6.083  -99.0000  -99.0000  -99.0000  -99.0000  -99.0000  -99.0000  -99.0000  -99.0000
 56.750   -5.917  -99.0000  -99.0000  -99.0000  -99.0000  -99.0000  -99.0000  -99.0000  -99.0000
 56.750   -5.750  -99.0000  -99.0000  -99.0000  -99.0000  -99.0000  -99.0000  -99.0000  -99.0000
 56.750   -5.583   13.2850   41.5610    1.2510  -99.0000  -99.0000  -99.0000  -99.0000  -99.0000
 56.750   -5.417   17.5380   43.1840    1.3080  -99.0000  -99.0000  -99.0000  -99.0000  -99.0000
 56.750   -5.250   22.9140   38.1130    1.1910  -99.0000  -99.0000  -99.0000  -99.0000  -99.0000
 56.750   -5.083   21.5340   35.7830    1.2580  -99.0000  -99.0000  -99.0000  -99.0000  -99.0000
 56.750   -4.917   19.4980   35.3330    1.2660  -99.0000  -99.0000  -99.0000  -99.0000  -99.0000
 56.750   -4.750   19.6700   36.5920    1.2770  -99.0000  -99.0000  -99.0000  -99.0000  -99.0000
 56.750   -4.583   25.3930   42.2840    1.2840  -99.0000  -99.0000  -99.0000  -99.0000  -99.0000
 56.750   -4.417   20.9370   43.1400    1.2810  -99.0000  -99.0000  -99.0000  -99.0000  -99.0000
 56.750   -4.250   26.9920   42.7620    1.2900  -99.0000  -99.0000  -99.0000  -99.0000  -99.0000
 56.750   -4.083   30.7640   38.7820    1.2880  -99.0000  -99.0000  -99.0000  -99.0000  -99.0000
 56.750   -3.917   27.0580   42.8160    1.2650  -99.0000  -99.0000  -99.0000  -99.0000  -99.0000
 56.750   -3.750   34.4140   35.6740    1.2900  -99.0000  -99.0000  -99.0000  -99.0000  -99.0000
 56.750   -3.583   32.3760   36.9340    1.3230  -99.0000  -99.0000  -99.0000  -99.0000  -99.0000
 56.750   -3.417   21.3500   38.6600    1.3100  -99.0000  -99.0000  -99.0000  -99.0000  -99.0000
 56.750   -3.250   16.1980   34.6520    1.3140  -99.0000  -99.0000  -99.0000  -99.0000  -99.0000
 56.750   -3.083   22.8790   36.5420    1.3200  -99.0000  -99.0000  -99.0000  -99.0000  -99.0000
 56.750   -2.917   26.9680   31.8120    1.3050  -99.0000  -99.0000  -99.0000  -99.0000  -99.0000
 56.750   -2.750   29.7200   30.8370    1.3480  -99.0000  -99.0000  -99.0000  -99.0000  -99.0000
 56.750   -2.583   16.9910   32.7110    1.3380  -99.0000  -99.0000  -99.0000  -99.0000  -99.0000
 56.750   -2.417   10.7860   37.3610    1.2830  -99.0000  -99.0000  -99.0000  -99.0000  -99.0000
 56.750   -2.250  -99.0000  -99.0000  -99.0000  -99.0000  -99.0000  -99.0000  -99.0000  -99.0000
 56.750   -2.083  -99.0000  -99.0000  -99.0000  -99.0000  -99.0000  -99.0000  -99.0000  -99.0000
 56.750   -1.917  -99.0000  -99.0000  -99.0000  -99.0000  -99.0000  -99.0000  -99.0000  -99.0000
 56.750   -1.750  -99.0000  -99.0000  -99.0000  -99.0000  -99.0000  -99.0000  -99.0000  -99.0000
 56.750   -1.583  -99.0000  -99.0000  -99.0000  -99.0000  -99.0000  -99.0000  -99.0000  -99.0000
 56.750   -1.417  -99.0000  -99.0000  -99.0000  -99.0000  -99.0000  -99.0000  -99.0000  -99.0000
 56.750   -1.250  -99.0000  -99.0000  -99.0000  -99.0000  -99.0000  -99.0000  -99.0000  -99.0000
 56.750   -1.083  -99.0000  -99.0000  -99.0000  -99.0000  -99.0000  -99.0000  -99.0000  -99.0000
 56.750   -0.917  -99.0000  -99.0000  -99.0000  -99.0000  -99.0000  -99.0000  -99.0000  -99.0000
 56.750   -0.750  -99.0000  -99.0000  -99.0000  -99.0000  -99.0000  -99.0000  -99.0000  -99.0000
 56.583   -6.750  -99.0000  -99.0000  -99.0000  -99.0000  -99.0000  -99.0000  -99.0000  -99.0000
 56.583   -6.583  -99.0000  -99.0000  -99.0000  -99.0000  -99.0000  -99.0000  -99.0000  -99.0000
 56.583   -6.417  -99.0000  -99.0000  -99.0000  -99.0000  -99.0000  -99.0000  -99.0000  -99.0000
 56.583   -6.250  -99.0000  -99.0000  -99.0000  -99.0000  -99.0000  -99.0000  -99.0000  -99.0000
 56.583   -6.083  -99.0000  -99.0000  -99.0000  -99.0000  -99.0000  -99.0000  -99.0000  -99.0000
 56.583   -5.917   26.6650   40.2060    1.3190  -99.0000  -99.0000  -99.0000  -99.0000  -99.0000
 56.583   -5.750   24.8980   39.3310    1.3490  -99.0000  -99.0000  -99.0000  -99.0000  -99.0000
 56.583   -5.583   24.5000   35.5300    1.3290  -99.0000  -99.0000  -99.0000  -99.0000  -99.0000
 56.583   -5.417   19.1420   34.7020    1.3170  -99.0000  -99.0000  -99.0000  -99.0000  -99.0000
 56.583   -5.250   19.9390   37.9390    1.3520  -99.0000  -99.0000  -99.0000  -99.0000  -99.0000
 56.583   -5.083   21.1830   37.7220    1.3520  -99.0000  -99.0000  -99.0000  -99.0000  -99.0000
 56.583   -4.917   24.7630   36.2910    1.3630  -99.0000  -99.0000  -99.0000  -99.0000  -99.0000
 56.583   -4.750   18.4850   33.5480    1.3420  -99.0000  -99.0000  -99.0000  -99.0000  -99.0000
 56.583   -4.583   15.0600   37.6160    1.3080  -99.0000  -99.0000  -99.0000  -99.0000  -99.0000
 56.583   -4.417   28.2610   34.1990    1.3020  -99.0000  -99.0000  -99.0000  -99.0000  -99.0000
 56.583   -4.250   35.8370   42.5070    1.2570  -99.0000  -99.0000  -99.0000  -99.0000  -99.0000
 56.583   -4.083   41.9280   38.9880    1.2870  -99.0000  -99.0000  -99.0000  -99.0000  -99.0000
 56.583   -3.917   35.3720   42.7300    1.2550  -99.0000  -99.0000  -99.0000  -99.0000  -99.0000
 56.583   -3.750   48.9610   32.4060    1.2590  -99.0000  -99.0000  -99.0000  -99.0000  -99.0000
 56.583   -3.583   52.1940   31.1180    1.2010  -99.0000  -99.0000  -99.0000  -99.0000  -99.0000
 56.583   -3.417   43.5110   36.2420    1.1500  -99.0000  -99.0000  -99.0000  -99.0000  -99.0000
 56.583   -3.250   47.5180   34.9810    1.1750  -99.0000  -99.0000  -99.0000  -99.0000  -99.0000
 56.583   -3.083   50.7870   31.9950    1.2670  -99.0000  -99.0000  -99.0000  -99.0000  -99.0000
 56.583   -2.917   39.9280   36.3220    1.2900  -99.0000  -99.0000  -99.0000  -99.0000  -99.0000
 56.583   -2.750   21.4820   42.3670    1.2150  -99.0000  -99.0000  -99.0000  -99.0000  -99.0000
 56.583   -2.583   37.7100   36.2840    1.2530  -99.0000  -99.0000  -99.0000  -99.0000  -99.0000
 56.583   -2.417  -99.0000  -99.0000  -99.0000  -99.0000  -99.0000  -99.0000  -99.0000  -99.0000
 56.583   -2.250  -99.0000  -99.0000  -99.0000  -99.0000  -99.0000  -99.0000  -99.0000  -99.0000
 56.583   -2.083  -99.0000  -99.0000  -99.0000  -99.0000  -99.0000  -99.0000  -99.0000  -99.0000
 56.583   -1.917  -99.0000  -99.0000  -99.0000  -99.0000  -99.0000  -99.0000  -99.0000  -99.0000
 56.583   -1.750  -99.0000  -99.0000  -99.0000  -99.0000  -99.0000  -99.0000  -99.0000  -99.0000
 56.583   -1.583  -99.0000  -99.0000  -99.0000  -99.0000  -99.0000  -99.0000  -99.0000  -99.0000
 56.583   -1.417  -99.0000  -99.0000  -99.0000  -99.0000  -99.0000  -99.0000  -99.0000  -99.0000
 56.583   -1.250  -99.0000  -99.0000  -99.0000  -99.0000  -99.0000  -99.0000  -99.0000  -99.0000
 56.583   -1.083  -99.0000  -99.0000  -99.0000  -99.0000  -99.0000  -99.0000  -99.0000  -99.0000
 56.583   -0.917  -99.0000  -99.0000  -99.0000  -99.0000  -99.0000  -99.0000  -99.0000  -99.0000
 56.583   -0.750  -99.0000  -99.0000  -99.0000  -99.0000  -99.0000  -99.0000  -99.0000  -99.0000
 56.417   -6.750  -99.0000  -99.0000  -99.0000  -99.0000  -99.0000  -99.0000  -99.0000  -99.0000
 56.417   -6.583  -99.0000  -99.0000  -99.0000  -99.0000  -99.0000  -99.0000  -99.0000  -99.0000
 56.417   -6.417  -99.0000  -99.0000  -99.0000  -99.0000  -99.0000  -99.0000  -99.0000  -99.0000
 56.417   -6.250  -99.0000  -99.0000  -99.0000  -99.0000  -99.0000  -99.0000  -99.0000  -99.0000
 56.417   -6.083   40.9120   39.9840    1.0270  -99.0000  -99.0000  -99.0000  -99.0000  -99.0000
 56.417   -5.917   39.3970   41.3740    1.1090  -99.0000  -99.0000  -99.0000  -99.0000  -99.0000
 56.417   -5.750   45.6880   36.2000    1.1450  -99.0000  -99.0000  -99.0000  -99.0000  -99.0000
 56.417   -5.583  -99.0000  -99.0000  -99.0000  -99.0000  -99.0000  -99.0000  -99.0000  -99.0000
 56.417   -5.417   51.0030   32.4640    1.2060  -99.0000  -99.0000  -99.0000  -99.0000  -99.0000
 56.417   -5.250   33.9690   44.3560    1.2400  -99.0000  -99.0000  -99.0000  -99.0000  -99.0000
 56.417   -5.083   31.4090   47.0410    1.2530  -99.0000  -99.0000  -99.0000  -99.0000  -99.0000
 56.417   -4.917   37.0340   38.6330    1.2170  -99.0000  -99.0000  -99.0000  -99.0000  -99.0000
 56.417   -4.750   20.2370   44.2990    1.2830  -99.0000  -99.0000  -99.0000  -99.0000  -99.0000
 56.417   -4.583   21.0850   42.9620    1.2300  -99.0000  -99.0000  -99.0000  -99.0000  -99.0000
 56.417   -4.417   21.3580   36.8360    1.1670  -99.0000  -99.0000  -99.0000  -99.0000  -99.0000
 56.417   -4.250   22.1040   35.5990    1.2020  -99.0000  -99.0000  -99.0000  -99.0000  -99.0000
 56.417   -4.083   26.9720   34.2950    1.2210  -99.0000  -99.0000  -99.0000  -99.0000  -99.0000
 56.417   -3.917   30.9670   33.9660    1.2260  -99.0000  -99.0000  -99.0000  -99.0000  -99.0000
 56.417   -3.750   33.6490   31.2340    1.2790  -99.0000  -99.0000  -99.0000  -99.0000  -99.0000
 56.417   -3.583   34.9650   31.1720    1.2720  -99.0000  -99.0000  -99.0000  -99.0000  -99.0000
 56.417   -3.417   26.0280   34.3970    1.2830  -99.0000  -99.0000  -99.0000  -99.0000  -99.0000
 56.417   -3.250   19.4680   40.0140    1.2610  -99.0000  -99.0000  -99.0000  -99.0000  -99.0000
 56.417   -3.083   20.0930   44.5770    1.2750  -99.0000  -99.0000  -99.0000  -99.0000  -99.0000
 56.417   -2.917   19.3680   46.6470    1.2910  -99.0000  -99.0000  -99.0000  -99.0000  -99.0000
 56.417   -2.750  -99.0000  -99.0000  -99.0000  -99.0000  -99.0000  -99.0000  -99.0000  -99.0000
 56.417   -2.583  -99.0000  -99.0000  -99.0000  -99.0000  -99.0000  -99.0000  -99.0000  -99.0000
 56.417   -2.417  -99.0000  -99.0000  -99.0000  -99.0000  -99.0000  -99.0000  -99.0000  -99.0000
 56.417   -2.250  -99.0000  -99.0000  -99.0000  -99.0000  -99.0000  -99.0000  -99.0000  -99.0000
 56.417   -2.083  -99.0000  -99.0000  -99.0000  -99.0000  -99.0000  -99.0000  -99.0000  -99.0000
 56.417   -1.917  -99.0000  -99.0000  -99.0000  -99.0000  -99.0000  -99.0000  -99.0000  -99.0000
 56.417   -1.750  -99.0000  -99.0000  -99.0000  -99.0000  -99.0000  -99.0000  -99.0000  -99.0000
 56.417   -1.583  -99.0000  -99.0000  -99.0000  -99.0000  -99.0000  -99.0000  -99.0000  -99.0000
 56.417   -1.417  -99.0000  -99.0000  -99.0000  -99.0000  -99.0000  -99.0000  -99.0000  -99.0000
 56.417   -1.250  -99.0000  -99.0000  -99.0000  -99.0000  -99.0000  -99.0000  -99.0000  -99.0000
 56.417   -1.083  -99.0000  -99.0000  -99.0000  -99.0000  -99.0000  -99.0000  -99.0000  -99.0000
 56.417   -0.917  -99.0000  -99.0000  -99.0000  -99.0000  -99.0000  -99.0000  -99.0000  -99.0000
 56.417   -0.750  -99.0000  -99.0000  -99.0000  -99.0000  -99.0000  -99.0000  -99.0000  -99.0000
 56.250   -6.750  -99.0000  -99.0000  -99.0000  -99.0000  -99.0000  -99.0000  -99.0000  -99.0000
 56.250   -6.583  -99.0000  -99.0000  -99.0000  -99.0000  -99.0000  -99.0000  -99.0000  -99.0000
 56.250   -6.417  -99.0000  -99.0000  -99.0000  -99.0000  -99.0000  -99.0000  -99.0000  -99.0000
 56.250   -6.250  -99.0000  -99.0000  -99.0000  -99.0000  -99.0000  -99.0000  -99.0000  -99.0000
 56.250   -6.083  -99.0000  -99.0000  -99.0000  -99.0000  -99.0000  -99.0000  -99.0000  -99.0000
 56.250   -5.917  -99.0000  -99.0000  -99.0000  -99.0000  -99.0000  -99.0000  -99.0000  -99.0000
 56.250   -5.750  -99.0000  -99.0000  -99.0000  -99.0000  -99.0000  -99.0000  -99.0000  -99.0000
 56.250   -5.583   26.1800   35.6720    1.3600  -99.0000  -99.0000  -99.0000  -99.0000  -99.0000
 56.250   -5.417  -99.0000  -99.0000  -99.0000  -99.0000  -99.0000  -99.0000  -99.0000  -99.0000
 56.250   -5.250   27.0500   35.3610    1.3500  -99.0000  -99.0000  -99.0000  -99.0000  -99.0000
 56.250   -5.083   29.8310   35.6540    1.3640  -99.0000  -99.0000  -99.0000  -99.0000  -99.0000
 56.250   -4.917   34.9770   34.1350    1.3870  -99.0000  -99.0000  -99.0000  -99.0000  -99.0000
 56.250   -4.750   34.9880   34.0050    1.3980  -99.0000  -99.0000  -99.0000  -99.0000  -99.0000
 56.250   -4.583   48.3550   29.3150    1.3690  -99.0000  -99.0000  -99.0000  -99.0000  -99.0000
 56.250   -4.417   48.1080   30.2520    1.3870  -99.0000  -99.0000  -99.0000  -99.0000  -99.0000
 56.250   -4.250   27.3040   32.6820    1.3370  -99.0000  -99.0000  -99.0000  -99.0000  -99.0000
 56.250   -4.083   33.2020   43.8130    1.2670  -99.0000  -99.0000  -99.0000  -99.0000  -99.0000
 56.250   -3.917   33.8290   42.7530    1.2780  -99.0000  -99.0000  -99.0000  -99.0000  -99.0000
 56.250   -3.750   33.2040   42.5880    1.2860  -99.0000  -99.0000  -99.0000  -99.0000  -99.0000
 56.250   -3.583   32.2240   44.4100    1.2070  -99.0000  -99.0000  -99.0000  -99.0000  -99.0000
 56.250   -3.417   40.4830   38.6500    1.2540  -99.0000  -99.0000  -99.0000  -99.0000  -99.0000
 56.250   -3.250   35.9100   42.0090    1.2830  -99.0000  -99.0000  -99.0000  -99.0000  -99.0000
 56.250   -3.083   35.1700   42.2250    1.2820  -99.0000  -99.0000  -99.0000  -99.0000  -99.0000
 56.250   -2.917   44.2550   36.7640    1.2000  -99.0000  -99.0000  -99.0000  -99.0000  -99.0000
 56.250   -2.750   42.9210   37.7010    1.1470  -99.0000  -99.0000  -99.0000  -99.0000  -99.0000
 56.250   -2.583  -99.0000  -99.0000  -99.0000  -99.0000  -99.0000  -99.0000  -99.0000  -99.0000
 56.250   -2.417  -99.0000  -99.0000  -99.0000  -99.0000  -99.0000  -99.0000  -99.0000  -99.0000
 56.250   -2.250  -99.0000  -99.0000  -99.0000  -99.0000  -99.0000  -99.0000  -99.0000  -99.0000
 56.250   -2.083  -99.0000  -99.0000  -99.0000  -99.0000  -99.0000  -99.0000  -99.0000  -99.0000
 56.250   -1.917  -99.0000  -99.0000  -99.0000  -99.0000  -99.0000  -99.0000  -99.0000  -99.0000
 56.250   -1.750  -99.0000  -99.0000  -99.0000  -99.0000  -99.0000  -99.0000  -99.0000  -99.0000
 56.250   -1.583  -99.0000  -99.0000  -99.0000  -99.0000  -99.0000  -99.0000  -99.0000  -99.0000
 56.250   -1.417  -99.0000  -99.0000  -99.0000  -99.0000  -99.0000  -99.0000  -99.0000  -99.0000
 56.250   -1.250  -99.0000  -99.0000  -99.0000  -99.0000  -99.0000  -99.0000  -99.0000  -99.0000
 56.250   -1.083  -99.0000  -99.0000  -99.0000  -99.0000  -99.0000  -99.0000  -99.0000  -99.0000
 56.250   -0.917  -99.0000  -99.0000  -99.0000  -99.0000  -99.0000  -99.0000  -99.0000  -99.0000
 56.250   -0.750  -99.0000  -99.0000  -99.0000  -99.0000  -99.0000  -99.0000  -99.0000  -99.0000
 56.083   -6.750  -99.0000  -99.0000  -99.0000  -99.0000  -99.0000  -99.0000  -99.0000  -99.0000
 56.083   -6.583  -99.0000  -99.0000  -99.0000  -99.0000  -99.0000  -99.0000  -99.0000  -99.0000
 56.083   -6.417  -99.0000  -99.0000  -99.0000  -99.0000  -99.0000  -99.0000  -99.0000  -99.0000
 56.083   -6.250  -99.0000  -99.0000  -99.0000  -99.0000  -99.0000  -99.0000  -99.0000  -99.0000
 56.083   -6.083  -99.0000  -99.0000  -99.0000  -99.0000  -99.0000  -99.0000  -99.0000  -99.0000
 56.083   -5.917  -99.0000  -99.0000  -99.0000  -99.0000  -99.0000  -99.0000  -99.0000  -99.0000
 56.083   -5.750  -99.0000  -99.0000  -99.0000  -99.0000  -99.0000  -99.0000  -99.0000  -99.0000
 56.083   -5.583  -99.0000  -99.0000  -99.0000  -99.0000  -99.0000  -99.0000  -99.0000  -99.0000
 56.083   -5.417   29.4910   44.8640    1.3300  -99.0000  -99.0000  -99.0000  -99.0000  -99.0000
 56.083   -5.250   17.7050   39.3880    1.3140  -99.0000  -99.0000  -99.0000  -99.0000  -99.0000
 56.083   -5.083   20.3430   36.1610    1.2590  -99.0000  -99.0000  -99.0000  -99.0000  -99.0000
 56.083   -4.917   25.2680   37.6200    1.1910  -99.0000  -99.0000  -99.0000  -99.0000  -99.0000
 56.083   -4.750   22.7260   35.9040    1.2210  -99.0000  -99.0000  -99.0000  -99.0000  -99.0000
 56.083   -4.583   24.8810   37.0200    1.2540  -99.0000  -99.0000  -99.0000  -99.0000  -99.0000
 56.083   -4.417   32.1300   36.4310    1.1900  -99.0000  -99.0000  -99.0000  -99.0000  -99.0000
 56.083   -4.250   33.8480   35.6050    1.2090  -99.0000  -99.0000  -99.0000  -99.0000  -99.0000
 56.083   -4.083   24.3920   34.9510    1.2790  -99.0000  -99.0000  -99.0000  -99.0000  -99.0000
 56.083   -3.917   16.1060   35.9110    1.3010  -99.0000  -99.0000  -99.0000  -99.0000  -99.0000
 56.083   -3.750   20.4060   35.4980    1.3240  -99.0000  -99.0000  -99.0000  -99.0000  -99.0000
 56.083   -3.583   32.4370   33.3330    1.3300  -99.0000  -99.0000  -99.0000  -99.0000  -99.0000
 56.083   -3.417   32.0510   35.7320    1.3370  -99.0000  -99.0000  -99.0000  -99.0000  -99.0000
 56.083   -3.250   34.2840   34.6910    1.3570  -99.0000  -99.0000  -99.0000  -99.0000  -99.0000
 56.083   -3.083  -99.0000  -99.0000  -99.0000  -99.0000  -99.0000  -99.0000  -99.0000  -99.0000
 56.083   -2.917  -99.0000  -99.0000  -99.0000  -99.0000  -99.0000  -99.0000  -99.0000  -99.0000
 56.083   -2.750   27.4640   36.1600    1.3570  -99.0000  -99.0000  -99.0000  -99.0000  -99.0000
 56.083   -2.583  -99.0000  -99.0000  -99.0000  -99.0000  -99.0000  -99.0000  -99.0000  -99.0000
 56.083   -2.417  -99.0000  -99.0000  -99.0000  -99.0000  -99.0000  -99.0000  -99.0000  -99.0000
 56.083   -2.250  -99.0000  -99.0000  -99.0000  -99.0000  -99.0000  -99.0000  -99.0000  -99.0000
 56.083   -2.083  -99.0000  -99.0000  -99.0000  -99.0000  -99.0000  -99.0000  -99.0000  -99.0000
 56.083   -1.917  -99.0000  -99.0000  -99.0000  -99.0000  -99.0000  -99.0000  -99.0000  -99.0000
 56.083   -1.750  -99.0000  -99.0000  -99.0000  -99.0000  -99.0000  -99.0000  -99.0000  -99.0000
 56.083   -1.583  -99.0000  -99.0000  -99.0000  -99.0000  -99.0000  -99.0000  -99.0000  -99.0000
 56.083   -1.417  -99.0000  -99.0000  -99.0000  -99.0000  -99.0000  -99.0000  -99.0000  -99.0000
 56.083   -1.250  -99.0000  -99.0000  -99.0000  -99.0000  -99.0000  -99.0000  -99.0000  -99.0000
 56.083   -1.083  -99.0000  -99.0000  -99.0000  -99.0000  -99.0000  -99.0000  -99.0000  -99.0000
 56.083   -0.917  -99.0000  -99.0000  -99.0000  -99.0000  -99.0000  -99.0000  -99.0000  -99.0000
 56.083   -0.750  -99.0000  -99.0000  -99.0000  -99.0000  -99.0000  -99.0000  -99.0000  -99.0000
 55.917   -6.750  -99.0000  -99.0000  -99.0000  -99.0000  -99.0000  -99.0000  -99.0000  -99.0000
 55.917   -6.583  -99.0000  -99.0000  -99.0000  -99.0000  -99.0000  -99.0000  -99.0000  -99.0000
 55.917   -6.417  -99.0000  -99.0000  -99.0000  -99.0000  -99.0000  -99.0000  -99.0000  -99.0000
 55.917   -6.250  -99.0000  -99.0000  -99.0000  -99.0000  -99.0000  -99.0000  -99.0000  -99.0000
 55.917   -6.083  -99.0000  -99.0000  -99.0000  -99.0000  -99.0000  -99.0000  -99.0000  -99.0000
 55.917   -5.917  -99.0000  -99.0000  -99.0000  -99.0000  -99.0000  -99.0000  -99.0000  -99.0000
 55.917   -5.750  -99.0000  -99.0000  -99.0000  -99.0000  -99.0000  -99.0000  -99.0000  -99.0000
 55.917   -5.583   37.8510   32.5790    1.3680  -99.0000  -99.0000  -99.0000  -99.0000  -99.0000
 55.917   -5.417   54.8500   23.8500    1.3650  -99.0000  -99.0000  -99.0000  -99.0000  -99.0000
 55.917   -5.250   66.1620   18.0820    1.3200  -99.0000  -99.0000  -99.0000  -99.0000  -99.0000
 55.917   -5.083   48.3250   24.6060    1.2580  -99.0000  -99.0000  -99.0000  -99.0000  -99.0000
 55.917   -4.917   33.3770   43.1690    1.0110  -99.0000  -99.0000  -99.0000  -99.0000  -99.0000
 55.917   -4.750   32.7880   43.8220    1.0220  -99.0000  -99.0000  -99.0000  -99.0000  -99.0000
 55.917   -4.583   31.2200   44.7370    1.0800  -99.0000  -99.0000  -99.0000  -99.0000  -99.0000
 55.917   -4.417   29.6940   45.7430    1.1320  -99.0000  -99.0000  -99.0000  -99.0000  -99.0000
 55.917   -4.250   30.1220   46.1750    1.1760  -99.0000  -99.0000  -99.0000  -99.0000  -99.0000
 55.917   -4.083   34.3400   45.9010    1.0880  -99.0000  -99.0000  -99.0000  -99.0000  -99.0000
 55.917   -3.917   31.8890   48.1280    1.1600  -99.0000  -99.0000  -99.0000  -99.0000  -99.0000
 55.917   -3.750   36.0560   45.4970    1.1380  -99.0000  -99.0000  -99.0000  -99.0000  -99.0000
 55.917   -3.583   43.1890   39.4940    1.2070  -99.0000  -99.0000  -99.0000  -99.0000  -99.0000
 55.917   -3.417   51.7610   33.9430    1.1900  -99.0000  -99.0000  -99.0000  -99.0000  -99.0000
 55.917   -3.250   21.2280   55.5470    1.3280  -99.0000  -99.0000  -99.0000  -99.0000  -99.0000
 55.917   -3.083   33.9390   46.4400    1.3480  -99.0000  -99.0000  -99.0000  -99.0000  -99.0000
 55.917   -2.917  -99.0000  -99.0000  -99.0000  -99.0000  -99.0000  -99.0000  -99.0000  -99.0000
 55.917   -2.750  -99.0000  -99.0000  -99.0000  -99.0000  -99.0000  -99.0000  -99.0000  -99.0000
 55.917   -2.583   41.6980   40.4630    1.3160  -99.0000  -99.0000  -99.0000  -99.0000  -99.0000
 55.917   -2.417  -99.0000  -99.0000  -99.0000  -99.0000  -99.0000  -99.0000  -99.0000  -99.0000
 55.917   -2.250  -99.0000  -99.0000  -99.0000  -99.0000  -99.0000  -99.0000  -99.0000  -99.0000
 55.917   -2.083  -99.0000  -99.0000  -99.0000  -99.0000  -99.0000  -99.0000  -99.0000  -99.0000
 55.917   -1.917  -99.0000  -99.0000  -99.0000  -99.0000  -99.0000  -99.0000  -99.0000  -99.0000
 55.917   -1.750  -99.0000  -99.0000  -99.0000  -99.0000  -99.0000  -99.0000  -99.0000  -99.0000
 55.917   -1.583  -99.0000  -99.0000  -99.0000  -99.0000  -99.0000  -99.0000  -99.0000  -99.0000
 55.917   -1.417  -99.0000  -99.0000  -99.0000  -99.0000  -99.0000  -99.0000  -99.0000  -99.0000
 55.917   -1.250  -99.0000  -99.0000  -99.0000  -99.0000  -99.0000  -99.0000  -99.0000  -99.0000
 55.917   -1.083  -99.0000  -99.0000  -99.0000  -99.0000  -99.0000  -99.0000  -99.0000  -99.0000
 55.917   -0.917  -99.0000  -99.0000  -99.0000  -99.0000  -99.0000  -99.0000  -99.0000  -99.0000
 55.917   -0.750  -99.0000  -99.0000  -99.0000  -99.0000  -99.0000  -99.0000  -99.0000  -99.0000
 55.750   -6.750  -99.0000  -99.0000  -99.0000  -99.0000  -99.0000  -99.0000  -99.0000  -99.0000
 55.750   -6.583  -99.0000  -99.0000  -99.0000  -99.0000  -99.0000  -99.0000  -99.0000  -99.0000
 55.750   -6.417  -99.0000  -99.0000  -99.0000  -99.0000  -99.0000  -99.0000  -99.0000  -99.0000
 55.750   -6.250  -99.0000  -99.0000  -99.0000  -99.0000  -99.0000  -99.0000  -99.0000  -99.0000
 55.750   -6.083   17.6600   57.9480    1.3350  -99.0000  -99.0000  -99.0000  -99.0000  -99.0000
 55.750   -5.917  -99.0000  -99.0000  -99.0000  -99.0000  -99.0000  -99.0000  -99.0000  -99.0000
 55.750   -5.750  -99.0000  -99.0000  -99.0000  -99.0000  -99.0000  -99.0000  -99.0000  -99.0000
 55.750   -5.583  -99.0000  -99.0000  -99.0000  -99.0000  -99.0000  -99.0000  -99.0000  -99.0000
 55.750   -5.417   20.4810   55.7720    1.3410  -99.0000  -99.0000  -99.0000  -99.0000  -99.0000
 55.750   -5.250   24.9350   41.6170    1.3750  -99.0000  -99.0000  -99.0000  -99.0000  -99.0000
 55.750   -5.083   26.6500   33.4690    1.3220  -99.0000  -99.0000  -99.0000  -99.0000  -99.0000
 55.750   -4.917   21.9360   33.0340    1.3000  -99.0000  -99.0000  -99.0000  -99.0000  -99.0000
 55.750   -4.750   20.2190   35.0380    1.2940  -99.0000  -99.0000  -99.0000  -99.0000  -99.0000
 55.750   -4.583   15.7960   35.3380    1.3070  -99.0000  -99.0000  -99.0000  -99.0000  -99.0000
 55.750   -4.417   32.5120   32.2950    1.3130  -99.0000  -99.0000  -99.0000  -99.0000  -99.0000
 55.750   -4.250   27.3950   34.3870    1.2910  -99.0000  -99.0000  -99.0000  -99.0000  -99.0000
 55.750   -4.083   27.6080   34.1720    1.3240  -99.0000  -99.0000  -99.0000  -99.0000  -99.0000
 55.750   -3.917   24.7950   35.3630    1.3200  -99.0000  -99.0000  -99.0000  -99.0000  -99.0000
 55.750   -3.750   24.0800   35.6020    1.3290  -99.0000  -99.0000  -99.0000  -99.0000  -99.0000
 55.750   -3.583   25.8110   33.8970    1.3380  -99.0000  -99.0000  -99.0000  -99.0000  -99.0000
 55.750   -3.417   29.4060   32.8000    1.3350  -99.0000  -99.0000  -99.0000  -99.0000  -99.0000
 55.750   -3.250   39.2480   30.8360    1.3590  -99.0000  -99.0000  -99.0000  -99.0000  -99.0000
 55.750   -3.083   29.8290   35.6080    1.3260  -99.0000  -99.0000  -99.0000  -99.0000  -99.0000
 55.750   -2.917   39.3970   32.2830    1.3400  -99.0000  -99.0000  -99.0000  -99.0000  -99.0000
 55.750   -2.750   44.9780   28.9400    1.3530  -99.0000  -99.0000  -99.0000  -99.0000  -99.0000
 55.750   -2.583   27.1470   35.7370    1.3590  -99.0000  -99.0000  -99.0000  -99.0000  -99.0000
 55.750   -2.417   25.6700   36.5030    1.3590  -99.0000  -99.0000  -99.0000  -99.0000  -99.0000
 55.750   -2.250   31.9940   34.3390    1.3650  -99.0000  -99.0000  -99.0000  -99.0000  -99.0000
 55.750   -2.083   32.4780   34.7470    1.4000  -99.0000  -99.0000  -99.0000  -99.0000  -99.0000
 55.750   -1.917  -99.0000  -99.0000  -99.0000  -99.0000  -99.0000  -99.0000  -99.0000  -99.0000
 55.750   -1.750  -99.0000  -99.0000  -99.0000  -99.0000  -99.0000  -99.0000  -99.0000  -99.0000
 55.750   -1.583  -99.0000  -99.0000  -99.0000  -99.0000  -99.0000  -99.0000  -99.0000  -99.0000
 55.750   -1.417  -99.0000  -99.0000  -99.0000  -99.0000  -99.0000  -99.0000  -99.0000  -99.0000
 55.750   -1.250  -99.0000  -99.0000  -99.0000  -99.0000  -99.0000  -99.0000  -99.0000  -99.0000
 55.750   -1.083  -99.0000  -99.0000  -99.0000  -99.0000  -99.0000  -99.0000  -99.0000  -99.0000
 55.750   -0.917  -99.0000  -99.0000  -99.0000  -99.0000  -99.0000  -99.0000  -99.0000  -99.0000
 55.750   -0.750  -99.0000  -99.0000  -99.0000  -99.0000  -99.0000  -99.0000  -99.0000  -99.0000
 55.583   -6.750  -99.0000  -99.0000  -99.0000  -99.0000  -99.0000  -99.0000  -99.0000  -99.0000
 55.583   -6.583  -99.0000  -99.0000  -99.0000  -99.0000  -99.0000  -99.0000  -99.0000  -99.0000
 55.583   -6.417  -99.0000  -99.0000  -99.0000  -99.0000  -99.0000  -99.0000  -99.0000  -99.0000
 55.583   -6.250   19.4650   36.8520    1.3370  -99.0000  -99.0000  -99.0000  -99.0000  -99.0000
 55.583   -6.083  -99.0000  -99.0000  -99.0000  -99.0000  -99.0000  -99.0000  -99.0000  -99.0000
 55.583   -5.917  -99.0000  -99.0000  -99.0000  -99.0000  -99.0000  -99.0000  -99.0000  -99.0000
 55.583   -5.750  -99.0000  -99.0000  -99.0000  -99.0000  -99.0000  -99.0000  -99.0000  -99.0000
 55.583   -5.583  -99.0000  -99.0000  -99.0000  -99.0000  -99.0000  -99.0000  -99.0000  -99.0000
 55.583   -5.417   25.2500   35.6610    1.3420  -99.0000  -99.0000  -99.0000  -99.0000  -99.0000
 55.583   -5.250   24.1210   34.9570    1.3400  -99.0000  -99.0000  -99.0000  -99.0000  -99.0000
 55.583   -5.083   25.3440   32.7770    1.2910  -99.0000  -99.0000  -99.0000  -99.0000  -99.0000
 55.583   -4.917  -99.0000  -99.0000  -99.0000  -99.0000  -99.0000  -99.0000  -99.0000  -99.0000
 55.583   -4.750   39.8230   31.7810    1.1580  -99.0000  -99.0000  -99.0000  -99.0000  -99.0000
 55.583   -4.583   47.5220   29.0450    1.3570  -99.0000  -99.0000  -99.0000  -99.0000  -99.0000
 55.583   -4.417   47.3520   27.0640    1.3370  -99.0000  -99.0000  -99.0000  -99.0000  -99.0000
 55.583   -4.250   48.2660   26.0430    1.3460  -99.0000  -99.0000  -99.0000  -99.0000  -99.0000
 55.583   -4.083   36.9900   31.5790    1.3980  -99.0000  -99.0000  -99.0000  -99.0000  -99.0000
 55.583   -3.917   29.6000   33.2050    1.4240  -99.0000  -99.0000  -99.0000  -99.0000  -99.0000
 55.583   -3.750   29.3250   32.8030    1.4230  -99.0000  -99.0000  -99.0000  -99.0000  -99.0000
 55.583   -3.583   32.0470   32.0920    1.3820  -99.0000  -99.0000  -99.0000  -99.0000  -99.0000
 55.583   -3.417   54.1730   22.6470    1.3140  -99.0000  -99.0000  -99.0000  -99.0000  -99.0000
 55.583   -3.250   30.5300   45.1830    1.1090  -99.0000  -99.0000  -99.0000  -99.0000  -99.0000
 55.583   -3.083   35.1400   43.4550    0.9800  -99.0000  -99.0000  -99.0000  -99.0000  -99.0000
 55.583   -2.917   35.1400   43.5150    0.9910  -99.0000  -99.0000  -99.0000  -99.0000  -99.0000
 55.583   -2.750   34.2390   44.2700    1.1050  -99.0000  -99.0000  -99.0000  -99.0000  -99.0000
 55.583   -2.583   31.1340   46.0940    1.1600  -99.0000  -99.0000  -99.0000  -99.0000  -99.0000
 55.583   -2.417   30.9820   45.9130    1.1520  -99.0000  -99.0000  -99.0000  -99.0000  -99.0000
 55.583   -2.250   32.1420   46.5410    1.2690  -99.0000  -99.0000  -99.0000  -99.0000  -99.0000
 55.583   -2.083   28.7580   49.2710    1.3320  -99.0000  -99.0000  -99.0000  -99.0000  -99.0000
 55.583   -1.917   28.4010   49.4370    1.3440  -99.0000  -99.0000  -99.0000  -99.0000  -99.0000
 55.583   -1.750  -99.0000  -99.0000  -99.0000  -99.0000  -99.0000  -99.0000  -99.0000  -99.0000
 55.583   -1.583  -99.0000  -99.0000  -99.0000  -99.0000  -99.0000  -99.0000  -99.0000  -99.0000
 55.583   -1.417  -99.0000  -99.0000  -99.0000  -99.0000  -99.0000  -99.0000  -99.0000  -99.0000
 55.583   -1.250  -99.0000  -99.0000  -99.0000  -99.0000  -99.0000  -99.0000  -99.0000  -99.0000
 55.583   -1.083  -99.0000  -99.0000  -99.0000  -99.0000  -99.0000  -99.0000  -99.0000  -99.0000
 55.583   -0.917  -99.0000  -99.0000  -99.0000  -99.0000  -99.0000  -99.0000  -99.0000  -99.0000
 55.583   -0.750  -99.0000  -99.0000  -99.0000  -99.0000  -99.0000  -99.0000  -99.0000  -99.0000
 55.417   -6.750  -99.0000  -99.0000  -99.0000  -99.0000  -99.0000  -99.0000  -99.0000  -99.0000
 55.417   -6.583  -99.0000  -99.0000  -99.0000  -99.0000  -99.0000  -99.0000  -99.0000  -99.0000
 55.417   -6.417  -99.0000  -99.0000  -99.0000  -99.0000  -99.0000  -99.0000  -99.0000  -99.0000
 55.417   -6.250  -99.0000  -99.0000  -99.0000  -99.0000  -99.0000  -99.0000  -99.0000  -99.0000
 55.417   -6.083  -99.0000  -99.0000  -99.0000  -99.0000  -99.0000  -99.0000  -99.0000  -99.0000
 55.417   -5.917  -99.0000  -99.0000  -99.0000  -99.0000  -99.0000  -99.0000  -99.0000  -99.0000
 55.417   -5.750  -99.0000  -99.0000  -99.0000  -99.0000  -99.0000  -99.0000  -99.0000  -99.0000
 55.417   -5.583  -99.0000  -99.0000  -99.0000  -99.0000  -99.0000  -99.0000  -99.0000  -99.0000
 55.417   -5.417  -99.0000  -99.0000  -99.0000  -99.0000  -99.0000  -99.0000  -99.0000  -99.0000
 55.417   -5.250   37.2760   45.3550    0.7460  -99.0000  -99.0000  -99.0000  -99.0000  -99.0000
 55.417   -5.083  -99.0000  -99.0000  -99.0000  -99.0000  -99.0000  -99.0000  -99.0000  -99.0000
 55.417   -4.917  -99.0000  -99.0000  -99.0000  -99.0000  -99.0000  -99.0000  -99.0000  -99.0000
 55.417   -4.750  -99.0000  -99.0000  -99.0000  -99.0000  -99.0000  -99.0000  -99.0000  -99.0000
 55.417   -4.583   35.5570   44.6420    0.8960  -99.0000  -99.0000  -99.0000  -99.0000  -99.0000
 55.417   -4.417   26.3020   46.5010    1.2060  -99.0000  -99.0000  -99.0000  -99.0000  -99.0000
 55.417   -4.250   28.7660   44.7020    1.1560  -99.0000  -99.0000  -99.0000  -99.0000  -99.0000
 55.417   -4.083   29.1860   47.3840    1.2310  -99.0000  -99.0000  -99.0000  -99.0000  -99.0000
 55.417   -3.917   25.8970   52.8420    1.2870  -99.0000  -99.0000  -99.0000  -99.0000  -99.0000
 55.417   -3.750   27.5070   50.7900    1.3220  -99.0000  -99.0000  -99.0000  -99.0000  -99.0000
 55.417   -3.583   22.1300   55.1170    1.3650  -99.0000  -99.0000  -99.0000  -99.0000  -99.0000
 55.417   -3.417   20.6740   54.5050    1.3540  -99.0000  -99.0000  -99.0000  -99.0000  -99.0000
 55.417   -3.250   38.2840   36.3740    1.3880  -99.0000  -99.0000  -99.0000  -99.0000  -99.0000
 55.417   -3.083   20.8070   39.0760    1.3770  -99.0000  -99.0000  -99.0000  -99.0000  -99.0000
 55.417   -2.917   24.8370   38.9770    1.3940  -99.0000  -99.0000  -99.0000  -99.0000  -99.0000
 55.417   -2.750   21.2530   38.6140    1.3860  -99.0000  -99.0000  -99.0000  -99.0000  -99.0000
 55.417   -2.583   32.0790   35.5340    1.3980  -99.0000  -99.0000  -99.0000  -99.0000  -99.0000
 55.417   -2.417   19.4260   36.2100    1.3650  -99.0000  -99.0000  -99.0000  -99.0000  -99.0000
 55.417   -2.250   15.9780   36.0370    1.3130  -99.0000  -99.0000  -99.0000  -99.0000  -99.0000
 55.417   -2.083   27.0460   33.9020    1.3360  -99.0000  -99.0000  -99.0000  -99.0000  -99.0000
 55.417   -1.917   32.7310   32.5520    1.3100  -99.0000  -99.0000  -99.0000  -99.0000  -99.0000
 55.417   -1.750   28.9630   33.5330    1.3170  -99.0000  -99.0000  -99.0000  -99.0000  -99.0000
 55.417   -1.583   23.4800   36.0270    1.2920  -99.0000  -99.0000  -99.0000  -99.0000  -99.0000
 55.417   -1.417  -99.0000  -99.0000  -99.0000  -99.0000  -99.0000  -99.0000  -99.0000  -99.0000
 55.417   -1.250  -99.0000  -99.0000  -99.0000  -99.0000  -99.0000  -99.0000  -99.0000  -99.0000
 55.417   -1.083  -99.0000  -99.0000  -99.0000  -99.0000  -99.0000  -99.0000  -99.0000  -99.0000
 55.417   -0.917  -99.0000  -99.0000  -99.0000  -99.0000  -99.0000  -99.0000  -99.0000  -99.0000
 55.417   -0.750  -99.0000  -99.0000  -99.0000  -99.0000  -99.0000  -99.0000  -99.0000  -99.0000
 55.250   -6.750  -99.0000  -99.0000  -99.0000  -99.0000  -99.0000  -99.0000  -99.0000  -99.0000
 55.250   -6.583  -99.0000  -99.0000  -99.0000  -99.0000  -99.0000  -99.0000  -99.0000  -99.0000
 55.250   -6.417  -99.0000  -99.0000  -99.0000  -99.0000  -99.0000  -99.0000  -99.0000  -99.0000
 55.250   -6.250  -99.0000  -99.0000  -99.0000  -99.0000  -99.0000  -99.0000  -99.0000  -99.0000
 55.250   -6.083  -99.0000  -99.0000  -99.0000  -99.0000  -99.0000  -99.0000  -99.0000  -99.0000
 55.250   -5.917  -99.0000  -99.0000  -99.0000  -99.0000  -99.0000  -99.0000  -99.0000  -99.0000
 55.250   -5.750  -99.0000  -99.0000  -99.0000  -99.0000  -99.0000  -99.0000  -99.0000  -99.0000
 55.250   -5.583  -99.0000  -99.0000  -99.0000  -99.0000  -99.0000  -99.0000  -99.0000  -99.0000
 55.250   -5.417  -99.0000  -99.0000  -99.0000  -99.0000  -99.0000  -99.0000  -99.0000  -99.0000
 55.250   -5.250  -99.0000  -99.0000  -99.0000  -99.0000  -99.0000  -99.0000  -99.0000  -99.0000
 55.250   -5.083  -99.0000  -99.0000  -99.0000  -99.0000  -99.0000  -99.0000  -99.0000  -99.0000
 55.250   -4.917  -99.0000  -99.0000  -99.0000  -99.0000  -99.0000  -99.0000  -99.0000  -99.0000
 55.250   -4.750  -99.0000  -99.0000  -99.0000  -99.0000  -99.0000  -99.0000  -99.0000  -99.0000
 55.250   -4.583   34.4240   31.6890    1.3870  -99.0000  -99.0000  -99.0000  -99.0000  -99.0000
 55.250   -4.417   24.7720   34.6770    1.3590  -99.0000  -99.0000  -99.0000  -99.0000  -99.0000
 55.250   -4.250   21.2400   35.9570    1.3260  -99.0000  -99.0000  -99.0000  -99.0000  -99.0000
 55.250   -4.083   33.3450   32.3980    1.3290  -99.0000  -99.0000  -99.0000  -99.0000  -99.0000
 55.250   -3.917   24.3740   35.1830    1.2890  -99.0000  -99.0000  -99.0000  -99.0000  -99.0000
 55.250   -3.750   21.2440   35.9890    1.3220  -99.0000  -99.0000  -99.0000  -99.0000  -99.0000
 55.250   -3.583   19.8310   34.2970    1.1880  -99.0000  -99.0000  -99.0000  -99.0000  -99.0000
 55.250   -3.417   19.1110   40.4970    1.1910  -99.0000  -99.0000  -99.0000  -99.0000  -99.0000
 55.250   -3.250   22.5900   37.4940    0.9700  -99.0000  -99.0000  -99.0000  -99.0000  -99.0000
 55.250   -3.083   18.8380   39.5510    0.9750  -99.0000  -99.0000  -99.0000  -99.0000  -99.0000
 55.250   -2.917   32.7980   37.1150    0.8540  -99.0000  -99.0000  -99.0000  -99.0000  -99.0000
 55.250   -2.750   77.6300   13.4880    1.1560  -99.0000  -99.0000  -99.0000  -99.0000  -99.0000
 55.250   -2.583   81.7150   10.9650    1.3010  -99.0000  -99.0000  -99.0000  -99.0000  -99.0000
 55.250   -2.417   69.0680   17.6920    1.3230  -99.0000  -99.0000  -99.0000  -99.0000  -99.0000
 55.250   -2.250   43.1870   28.7220    1.3880  -99.0000  -99.0000  -99.0000  -99.0000  -99.0000
 55.250   -2.083   34.2960   31.4690    1.4190  -99.0000  -99.0000  -99.0000  -99.0000  -99.0000
 55.250   -1.917   34.6310   31.1100    1.3760  -99.0000  -99.0000  -99.0000  -99.0000  -99.0000
 55.250   -1.750   40.6630   29.6290    1.3340  -99.0000  -99.0000  -99.0000  -99.0000  -99.0000
 55.250   -1.583   31.3190   45.6240    1.0280  -99.0000  -99.0000  -99.0000  -99.0000  -99.0000
 55.250   -1.417  -99.0000  -99.0000  -99.0000  -99.0000  -99.0000  -99.0000  -99.0000  -99.0000
 55.250   -1.250  -99.0000  -99.0000  -99.0000  -99.0000  -99.0000  -99.0000  -99.0000  -99.0000
 55.250   -1.083  -99.0000  -99.0000  -99.0000  -99.0000  -99.0000  -99.0000  -99.0000  -99.0000
 55.250   -0.917  -99.0000  -99.0000  -99.0000  -99.0000  -99.0000  -99.0000  -99.0000  -99.0000
 55.250   -0.750  -99.0000  -99.0000  -99.0000  -99.0000  -99.0000  -99.0000  -99.0000  -99.0000
 55.083   -6.750  -99.0000  -99.0000  -99.0000  -99.0000  -99.0000  -99.0000  -99.0000  -99.0000
 55.083   -6.583  -99.0000  -99.0000  -99.0000  -99.0000  -99.0000  -99.0000  -99.0000  -99.0000
 55.083   -6.417  -99.0000  -99.0000  -99.0000  -99.0000  -99.0000  -99.0000  -99.0000  -99.0000
 55.083   -6.250  -99.0000  -99.0000  -99.0000  -99.0000  -99.0000  -99.0000  -99.0000  -99.0000
 55.083   -6.083  -99.0000  -99.0000  -99.0000  -99.0000  -99.0000  -99.0000  -99.0000  -99.0000
 55.083   -5.917  -99.0000  -99.0000  -99.0000  -99.0000  -99.0000  -99.0000  -99.0000  -99.0000
 55.083   -5.750  -99.0000  -99.0000  -99.0000  -99.0000  -99.0000  -99.0000  -99.0000  -99.0000
 55.083   -5.583  -99.0000  -99.0000  -99.0000  -99.0000  -99.0000  -99.0000  -99.0000  -99.0000
 55.083   -5.417  -99.0000  -99.0000  -99.0000  -99.0000  -99.0000  -99.0000  -99.0000  -99.0000
 55.083   -5.250  -99.0000  -99.0000  -99.0000  -99.0000  -99.0000  -99.0000  -99.0000  -99.0000
 55.083   -5.083  -99.0000  -99.0000  -99.0000  -99.0000  -99.0000  -99.0000  -99.0000  -99.0000
 55.083   -4.917  -99.0000  -99.0000  -99.0000  -99.0000  -99.0000  -99.0000  -99.0000  -99.0000
 55.083   -4.750  -99.0000  -99.0000  -99.0000  -99.0000  -99.0000  -99.0000  -99.0000  -99.0000
 55.083   -4.583   53.8550   26.7720    1.3800  -99.0000  -99.0000  -99.0000  -99.0000  -99.0000
 55.083   -4.417   48.3290   29.9040    1.3240  -99.0000  -99.0000  -99.0000  -99.0000  -99.0000
 55.083   -4.250   33.4980   35.1740    1.2880  -99.0000  -99.0000  -99.0000  -99.0000  -99.0000
 55.083   -4.083   32.4640   44.2270    1.0470  -99.0000  -99.0000  -99.0000  -99.0000  -99.0000
 55.083   -3.917   37.2070   45.2400    0.8480  -99.0000  -99.0000  -99.0000  -99.0000  -99.0000
 55.083   -3.750   34.9210   42.8420    1.0300  -99.0000  -99.0000  -99.0000  -99.0000  -99.0000
 55.083   -3.583   33.3240   43.6190    1.0880  -99.0000  -99.0000  -99.0000  -99.0000  -99.0000
 55.083   -3.417   31.5360   45.0700    1.0550  -99.0000  -99.0000  -99.0000  -99.0000  -99.0000
 55.083   -3.250   26.3240   50.3840    1.1440  -99.0000  -99.0000  -99.0000  -99.0000  -99.0000
 55.083   -3.083   17.7540   60.1420    1.2050  -99.0000  -99.0000  -99.0000  -99.0000  -99.0000
 55.083   -2.917   17.9020   59.9370    1.2860  -99.0000  -99.0000  -99.0000  -99.0000  -99.0000
 55.083   -2.750   29.0710   48.3780    1.3240  -99.0000  -99.0000  -99.0000  -99.0000  -99.0000
 55.083   -2.583   36.0860   44.0630    1.3110  -99.0000  -99.0000  -99.0000  -99.0000  -99.0000
 55.083   -2.417   63.1640   24.4080    1.3600  -99.0000  -99.0000  -99.0000  -99.0000  -99.0000
 55.083   -2.250   44.1390   33.5550    1.3830  -99.0000  -99.0000  -99.0000  -99.0000  -99.0000
 55.083   -2.083   36.7140   33.5270    1.3880  -99.0000  -99.0000  -99.0000  -99.0000  -99.0000
 55.083   -1.917   33.9380   34.4070    1.3890  -99.0000  -99.0000  -99.0000  -99.0000  -99.0000
 55.083   -1.750   38.0390   35.6590    1.4170  -99.0000  -99.0000  -99.0000  -99.0000  -99.0000
 55.083   -1.583   42.1590   30.9840    1.3940  -99.0000  -99.0000  -99.0000  -99.0000  -99.0000
 55.083   -1.417  -99.0000  -99.0000  -99.0000  -99.0000  -99.0000  -99.0000  -99.0000  -99.0000
 55.083   -1.250  -99.0000  -99.0000  -99.0000  -99.0000  -99.0000  -99.0000  -99.0000  -99.0000
 55.083   -1.083  -99.0000  -99.0000  -99.0000  -99.0000  -99.0000  -99.0000  -99.0000  -99.0000
 55.083   -0.917  -99.0000  -99.0000  -99.0000  -99.0000  -99.0000  -99.0000  -99.0000  -99.0000
 55.083   -0.750  -99.0000  -99.0000  -99.0000  -99.0000  -99.0000  -99.0000  -99.0000  -99.0000
 54.917   -6.750  -99.0000  -99.0000  -99.0000  -99.0000  -99.0000  -99.0000  -99.0000  -99.0000
 54.917   -6.583  -99.0000  -99.0000  -99.0000  -99.0000  -99.0000  -99.0000  -99.0000  -99.0000
 54.917   -6.417  -99.0000  -99.0000  -99.0000  -99.0000  -99.0000  -99.0000  -99.0000  -99.0000
 54.917   -6.250  -99.0000  -99.0000  -99.0000  -99.0000  -99.0000  -99.0000  -99.0000  -99.0000
 54.917   -6.083  -99.0000  -99.0000  -99.0000  -99.0000  -99.0000  -99.0000  -99.0000  -99.0000
 54.917   -5.917  -99.0000  -99.0000  -99.0000  -99.0000  -99.0000  -99.0000  -99.0000  -99.0000
 54.917   -5.750  -99.0000  -99.0000  -99.0000  -99.0000  -99.0000  -99.0000  -99.0000  -99.0000
 54.917   -5.583  -99.0000  -99.0000  -99.0000  -99.0000  -99.0000  -99.0000  -99.0000  -99.0000
 54.917   -5.417  -99.0000  -99.0000  -99.0000  -99.0000  -99.0000  -99.0000  -99.0000  -99.0000
 54.917   -5.250  -99.0000  -99.0000  -99.0000  -99.0000  -99.0000  -99.0000  -99.0000  -99.0000
 54.917   -5.083  -99.0000  -99.0000  -99.0000  -99.0000  -99.0000  -99.0000  -99.0000  -99.0000
 54.917   -4.917  -99.0000  -99.0000  -99.0000  -99.0000  -99.0000  -99.0000  -99.0000  -99.0000
 54.917   -4.750   60.8690   22.9940    1.4170  -99.0000  -99.0000  -99.0000  -99.0000  -99.0000
 54.917   -4.583   41.8220   33.6210    1.4060  -99.0000  -99.0000  -99.0000  -99.0000  -99.0000
 54.917   -4.417   54.3320   25.4720    1.3570  -99.0000  -99.0000  -99.0000  -99.0000  -99.0000
 54.917   -4.250   51.4020   26.6780    1.3290  -99.0000  -99.0000  -99.0000  -99.0000  -99.0000
 54.917   -4.083   36.3160   37.2270    1.4140  -99.0000  -99.0000  -99.0000  -99.0000  -99.0000
 54.917   -3.917   30.4570   36.1720    1.4390  -99.0000  -99.0000  -99.0000  -99.0000  -99.0000
 54.917   -3.750   34.1700   33.8810    1.4210  -99.0000  -99.0000  -99.0000  -99.0000  -99.0000
 54.917   -3.583   27.6970   33.9660    1.3760  -99.0000  -99.0000  -99.0000  -99.0000  -99.0000
 54.917   -3.417   21.7990   34.9080    1.3440  -99.0000  -99.0000  -99.0000  -99.0000  -99.0000
 54.917   -3.250   22.1380   34.9530    1.3230  -99.0000  -99.0000  -99.0000  -99.0000  -99.0000
 54.917   -3.083   28.9980   33.2270    1.2690  -99.0000  -99.0000  -99.0000  -99.0000  -99.0000
 54.917   -2.917   28.1120   33.4930    1.2320  -99.0000  -99.0000  -99.0000  -99.0000  -99.0000
 54.917   -2.750   26.3610   33.1850    1.1550  -99.0000  -99.0000  -99.0000  -99.0000  -99.0000
 54.917   -2.583   17.3340   44.4870    1.0080  -99.0000  -99.0000  -99.0000  -99.0000  -99.0000
 54.917   -2.417   15.5360   47.7130    0.9930  -99.0000  -99.0000  -99.0000  -99.0000  -99.0000
 54.917   -2.250   21.8220   50.3190    1.1090  -99.0000  -99.0000  -99.0000  -99.0000  -99.0000
 54.917   -2.083   39.5520   35.0220    1.0210  -99.0000  -99.0000  -99.0000  -99.0000  -99.0000
 54.917   -1.917   70.2740   16.6970    1.1510  -99.0000  -99.0000  -99.0000  -99.0000  -99.0000
 54.917   -1.750   75.4340   14.2890    1.3180  -99.0000  -99.0000  -99.0000  -99.0000  -99.0000
 54.917   -1.583   53.4040   23.8690    1.3940  -99.0000  -99.0000  -99.0000  -99.0000  -99.0000
 54.917   -1.417   45.2420   30.0300    1.4220  -99.0000  -99.0000  -99.0000  -99.0000  -99.0000
 54.917   -1.250  -99.0000  -99.0000  -99.0000  -99.0000  -99.0000  -99.0000  -99.0000  -99.0000
 54.917   -1.083  -99.0000  -99.0000  -99.0000  -99.0000  -99.0000  -99.0000  -99.0000  -99.0000
 54.917   -0.917  -99.0000  -99.0000  -99.0000  -99.0000  -99.0000  -99.0000  -99.0000  -99.0000
 54.917   -0.750  -99.0000  -99.0000  -99.0000  -99.0000  -99.0000  -99.0000  -99.0000  -99.0000
 54.750   -6.750  -99.0000  -99.0000  -99.0000  -99.0000  -99.0000  -99.0000  -99.0000  -99.0000
 54.750   -6.583  -99.0000  -99.0000  -99.0000  -99.0000  -99.0000  -99.0000  -99.0000  -99.0000
 54.750   -6.417  -99.0000  -99.0000  -99.0000  -99.0000  -99.0000  -99.0000  -99.0000  -99.0000
 54.750   -6.250  -99.0000  -99.0000  -99.0000  -99.0000  -99.0000  -99.0000  -99.0000  -99.0000
 54.750   -6.083  -99.0000  -99.0000  -99.0000  -99.0000  -99.0000  -99.0000  -99.0000  -99.0000
 54.750   -5.917  -99.0000  -99.0000  -99.0000  -99.0000  -99.0000  -99.0000  -99.0000  -99.0000
 54.750   -5.750  -99.0000  -99.0000  -99.0000  -99.0000  -99.0000  -99.0000  -99.0000  -99.0000
 54.750   -5.583  -99.0000  -99.0000  -99.0000  -99.0000  -99.0000  -99.0000  -99.0000  -99.0000
 54.750   -5.417  -99.0000  -99.0000  -99.0000  -99.0000  -99.0000  -99.0000  -99.0000  -99.0000
 54.750   -5.250  -99.0000  -99.0000  -99.0000  -99.0000  -99.0000  -99.0000  -99.0000  -99.0000
 54.750   -5.083  -99.0000  -99.0000  -99.0000  -99.0000  -99.0000  -99.0000  -99.0000  -99.0000
 54.750   -4.917   19.0740   48.5210    1.2470  -99.0000  -99.0000  -99.0000  -99.0000  -99.0000
 54.750   -4.750  -99.0000  -99.0000  -99.0000  -99.0000  -99.0000  -99.0000  -99.0000  -99.0000
 54.750   -4.583   24.7950   50.9480    1.3020  -99.0000  -99.0000  -99.0000  -99.0000  -99.0000
 54.750   -4.417   62.6270   20.9160    1.3870  -99.0000  -99.0000  -99.0000  -99.0000  -99.0000
 54.750   -4.250  -99.0000  -99.0000  -99.0000  -99.0000  -99.0000  -99.0000  -99.0000  -99.0000
 54.750   -4.083   49.6750   29.0390    1.4110  -99.0000  -99.0000  -99.0000  -99.0000  -99.0000
 54.750   -3.917  -99.0000  -99.0000  -99.0000  -99.0000  -99.0000  -99.0000  -99.0000  -99.0000
 54.750   -3.750  -99.0000  -99.0000  -99.0000  -99.0000  -99.0000  -99.0000  -99.0000  -99.0000
 54.750   -3.583  -99.0000  -99.0000  -99.0000  -99.0000  -99.0000  -99.0000  -99.0000  -99.0000
 54.750   -3.417   49.8800   28.9330    1.4070  -99.0000  -99.0000  -99.0000  -99.0000  -99.0000
 54.750   -3.250   68.5820   21.6540    1.2970  -99.0000  -99.0000  -99.0000  -99.0000  -99.0000
 54.750   -3.083   58.1670   29.2730    1.3190  -99.0000  -99.0000  -99.0000  -99.0000  -99.0000
 54.750   -2.917   40.3050   36.3600    1.1040  -99.0000  -99.0000  -99.0000  -99.0000  -99.0000
 54.750   -2.750   33.8990   45.0360    0.9400  -99.0000  -99.0000  -99.0000  -99.0000  -99.0000
 54.750   -2.583   35.0780   43.7990    0.9550  -99.0000  -99.0000  -99.0000  -99.0000  -99.0000
 54.750   -2.417   32.8860   44.5850    0.9890  -99.0000  -99.0000  -99.0000  -99.0000  -99.0000
 54.750   -2.250   28.0090   46.7670    1.1370  -99.0000  -99.0000  -99.0000  -99.0000  -99.0000
 54.750   -2.083   24.6810   47.3690    1.2440  -99.0000  -99.0000  -99.0000  -99.0000  -99.0000
 54.750   -1.917   22.5300   51.2580    1.2260  -99.0000  -99.0000  -99.0000  -99.0000  -99.0000
 54.750   -1.750   39.3610   40.0380    1.2420  -99.0000  -99.0000  -99.0000  -99.0000  -99.0000
 54.750   -1.583   45.6000   34.0730    1.3470  -99.0000  -99.0000  -99.0000  -99.0000  -99.0000
 54.750   -1.417   28.8150   48.2930    1.3710  -99.0000  -99.0000  -99.0000  -99.0000  -99.0000
 54.750   -1.250   50.6330   31.8370    1.3880  -99.0000  -99.0000  -99.0000  -99.0000  -99.0000
 54.750   -1.083  -99.0000  -99.0000  -99.0000  -99.0000  -99.0000  -99.0000  -99.0000  -99.0000
 54.750   -0.917  -99.0000  -99.0000  -99.0000  -99.0000  -99.0000  -99.0000  -99.0000  -99.0000
 54.750   -0.750  -99.0000  -99.0000  -99.0000  -99.0000  -99.0000  -99.0000  -99.0000  -99.0000
 54.583   -6.750  -99.0000  -99.0000  -99.0000  -99.0000  -99.0000  -99.0000  -99.0000  -99.0000
 54.583   -6.583  -99.0000  -99.0000  -99.0000  -99.0000  -99.0000  -99.0000  -99.0000  -99.0000
 54.583   -6.417  -99.0000  -99.0000  -99.0000  -99.0000  -99.0000  -99.0000  -99.0000  -99.0000
 54.583   -6.250  -99.0000  -99.0000  -99.0000  -99.0000  -99.0000  -99.0000  -99.0000  -99.0000
 54.583   -6.083  -99.0000  -99.0000  -99.0000  -99.0000  -99.0000  -99.0000  -99.0000  -99.0000
 54.583   -5.917  -99.0000  -99.0000  -99.0000  -99.0000  -99.0000  -99.0000  -99.0000  -99.0000
 54.583   -5.750  -99.0000  -99.0000  -99.0000  -99.0000  -99.0000  -99.0000  -99.0000  -99.0000
 54.583   -5.583  -99.0000  -99.0000  -99.0000  -99.0000  -99.0000  -99.0000  -99.0000  -99.0000
 54.583   -5.417  -99.0000  -99.0000  -99.0000  -99.0000  -99.0000  -99.0000  -99.0000  -99.0000
 54.583   -5.250  -99.0000  -99.0000  -99.0000  -99.0000  -99.0000  -99.0000  -99.0000  -99.0000
 54.583   -5.083  -99.0000  -99.0000  -99.0000  -99.0000  -99.0000  -99.0000  -99.0000  -99.0000
 54.583   -4.917  -99.0000  -99.0000  -99.0000  -99.0000  -99.0000  -99.0000  -99.0000  -99.0000
 54.583   -4.750  -99.0000  -99.0000  -99.0000  -99.0000  -99.0000  -99.0000  -99.0000  -99.0000
 54.583   -4.583  -99.0000  -99.0000  -99.0000  -99.0000  -99.0000  -99.0000  -99.0000  -99.0000
 54.583   -4.417  -99.0000  -99.0000  -99.0000  -99.0000  -99.0000  -99.0000  -99.0000  -99.0000
 54.583   -4.250  -99.0000  -99.0000  -99.0000  -99.0000  -99.0000  -99.0000  -99.0000  -99.0000
 54.583   -4.083  -99.0000  -99.0000  -99.0000  -99.0000  -99.0000  -99.0000  -99.0000  -99.0000
 54.583   -3.917  -99.0000  -99.0000  -99.0000  -99.0000  -99.0000  -99.0000  -99.0000  -99.0000
 54.583   -3.750  -99.0000  -99.0000  -99.0000  -99.0000  -99.0000  -99.0000  -99.0000  -99.0000
 54.583   -3.583  -99.0000  -99.0000  -99.0000  -99.0000  -99.0000  -99.0000  -99.0000  -99.0000
 54.583   -3.417  -99.0000  -99.0000  -99.0000  -99.0000  -99.0000  -99.0000  -99.0000  -99.0000
 54.583   -3.250   49.8150   27.6780    1.4250  -99.0000  -99.0000  -99.0000  -99.0000  -99.0000
 54.583   -3.083   49.3250   28.3410    1.3540  -99.0000  -99.0000  -99.0000  -99.0000  -99.0000
 54.583   -2.917   51.1860   28.4440    1.3290  -99.0000  -99.0000  -99.0000  -99.0000  -99.0000
 54.583   -2.750   41.2280   31.0910    1.3820  -99.0000  -99.0000  -99.0000  -99.0000  -99.0000
 54.583   -2.583   38.3920   36.6940    1.4170  -99.0000  -99.0000  -99.0000  -99.0000  -99.0000
 54.583   -2.417   38.4920   36.4050    1.4100  -99.0000  -99.0000  -99.0000  -99.0000  -99.0000
 54.583   -2.250   31.6350   37.2850    1.4030  -99.0000  -99.0000  -99.0000  -99.0000  -99.0000
 54.583   -2.083   30.1960   33.5200    1.3720  -99.0000  -99.0000  -99.0000  -99.0000  -99.0000
 54.583   -1.917   25.5440   34.4930    1.3570  -99.0000  -99.0000  -99.0000  -99.0000  -99.0000
 54.583   -1.750   24.3740   34.1890    1.3390  -99.0000  -99.0000  -99.0000  -99.0000  -99.0000
 54.583   -1.583   31.9200   34.4560    1.2620  -99.0000  -99.0000  -99.0000  -99.0000  -99.0000
 54.583   -1.417   31.0410   33.4120    1.2570  -99.0000  -99.0000  -99.0000  -99.0000  -99.0000
 54.583   -1.250   25.0940   40.7980    1.1340  -99.0000  -99.0000  -99.0000  -99.0000  -99.0000
 54.583   -1.083   22.0640   48.5180    1.2720  -99.0000  -99.0000  -99.0000  -99.0000  -99.0000
 54.583   -0.917  -99.0000  -99.0000  -99.0000  -99.0000  -99.0000  -99.0000  -99.0000  -99.0000
 54.583   -0.750  -99.0000  -99.0000  -99.0000  -99.0000  -99.0000  -99.0000  -99.0000  -99.0000
 54.417   -6.750  -99.0000  -99.0000  -99.0000  -99.0000  -99.0000  -99.0000  -99.0000  -99.0000
 54.417   -6.583  -99.0000  -99.0000  -99.0000  -99.0000  -99.0000  -99.0000  -99.0000  -99.0000
 54.417   -6.417  -99.0000  -99.0000  -99.0000  -99.0000  -99.0000  -99.0000  -99.0000  -99.0000
 54.417   -6.250  -99.0000  -99.0000  -99.0000  -99.0000  -99.0000  -99.0000  -99.0000  -99.0000
 54.417   -6.083  -99.0000  -99.0000  -99.0000  -99.0000  -99.0000  -99.0000  -99.0000  -99.0000
 54.417   -5.917  -99.0000  -99.0000  -99.0000  -99.0000  -99.0000  -99.0000  -99.0000  -99.0000
 54.417   -5.750  -99.0000  -99.0000  -99.0000  -99.0000  -99.0000  -99.0000  -99.0000  -99.0000
 54.417   -5.583  -99.0000  -99.0000  -99.0000  -99.0000  -99.0000  -99.0000  -99.0000  -99.0000
 54.417   -5.417  -99.0000  -99.0000  -99.0000  -99.0000  -99.0000  -99.0000  -99.0000  -99.0000
 54.417   -5.250  -99.0000  -99.0000  -99.0000  -99.0000  -99.0000  -99.0000  -99.0000  -99.0000
 54.417   -5.083  -99.0000  -99.0000  -99.0000  -99.0000  -99.0000  -99.0000  -99.0000  -99.0000
 54.417   -4.917  -99.0000  -99.0000  -99.0000  -99.0000  -99.0000  -99.0000  -99.0000  -99.0000
 54.417   -4.750  -99.0000  -99.0000  -99.0000  -99.0000  -99.0000  -99.0000  -99.0000  -99.0000
 54.417   -4.583  -99.0000  -99.0000  -99.0000  -99.0000  -99.0000  -99.0000  -99.0000  -99.0000
 54.417   -4.417  -99.0000  -99.0000  -99.0000  -99.0000  -99.0000  -99.0000  -99.0000  -99.0000
 54.417   -4.250  -99.0000  -99.0000  -99.0000  -99.0000  -99.0000  -99.0000  -99.0000  -99.0000
 54.417   -4.083  -99.0000  -99.0000  -99.0000  -99.0000  -99.0000  -99.0000  -99.0000  -99.0000
 54.417   -3.917  -99.0000  -99.0000  -99.0000  -99.0000  -99.0000  -99.0000  -99.0000  -99.0000
 54.417   -3.750  -99.0000  -99.0000  -99.0000  -99.0000  -99.0000  -99.0000  -99.0000  -99.0000
 54.417   -3.583  -99.0000  -99.0000  -99.0000  -99.0000  -99.0000  -99.0000  -99.0000  -99.0000
 54.417   -3.417   25.2520   33.0450    1.2930  -99.0000  -99.0000  -99.0000  -99.0000  -99.0000
 54.417   -3.250   36.4560   32.0190    1.2790  -99.0000  -99.0000  -99.0000  -99.0000  -99.0000
 54.417   -3.083   31.0160   32.1170    1.3260  -99.0000  -99.0000  -99.0000  -99.0000  -99.0000
 54.417   -2.917   22.6700   42.7110    1.3120  -99.0000  -99.0000  -99.0000  -99.0000  -99.0000
 54.417   -2.750   24.7340   52.4580    1.3200  -99.0000  -99.0000  -99.0000  -99.0000  -99.0000
 54.417   -2.583   28.7530   53.0200    1.3410  -99.0000  -99.0000  -99.0000  -99.0000  -99.0000
 54.417   -2.417   45.4870   36.6620    1.0350  -99.0000  -99.0000  -99.0000  -99.0000  -99.0000
 54.417   -2.250   40.7400   41.5580    0.8050  -99.0000  -99.0000  -99.0000  -99.0000  -99.0000
 54.417   -2.083   39.5680   41.9470    0.8540  -99.0000  -99.0000  -99.0000  -99.0000  -99.0000
 54.417   -1.917   35.3870   44.1050    0.6640  -99.0000  -99.0000  -99.0000  -99.0000  -99.0000
 54.417   -1.750   30.6910   44.7450    1.0250  -99.0000  -99.0000  -99.0000  -99.0000  -99.0000
 54.417   -1.583   26.6700   46.6970    1.1630  -99.0000  -99.0000  -99.0000  -99.0000  -99.0000
 54.417   -1.417   26.2280   47.8290    1.2700  -99.0000  -99.0000  -99.0000  -99.0000  -99.0000
 54.417   -1.250   48.0820   32.7100    1.3220  -99.0000  -99.0000  -99.0000  -99.0000  -99.0000
 54.417   -1.083   46.1090   30.7300    1.3720  -99.0000  -99.0000  -99.0000  -99.0000  -99.0000
 54.417   -0.917   55.7930   25.0030    1.3890  -99.0000  -99.0000  -99.0000  -99.0000  -99.0000
 54.417   -0.750   56.8610   24.9790    1.3450  -99.0000  -99.0000  -99.0000  -99.0000  -99.0000
