255
255
255
255
255
255
255
255
255
255
255
255
255
255
255
255
255
255
255
255
255
255
255
255
255
255
255
255
255
255
255
255
255
255
255
255
255
255
255
  3
  8
  5
255
255
255
255
255
255
255
255
255
255
255
255
255
255
255
255
255
255
255
255
255
255
255
255
255
255
255
255
255
255
255
255
255
255
255
255
255
255
255
255
255
255
255
255
255
255
255
255
255
255
255
255
255
  2
  3
  1
  5
 10
255
255
255
255
255
255
255
255
255
255
255
255
255
255
255
255
255
255
255
255
255
255
255
255
255
255
255
255
255
255
255
255
255
255
255
255
255
255
255
255
255
255
255
255
255
255
255
255
255
255
255
255
 19
  4
  9
  8
  9
 31
255
255
255
255
255
255
255
255
255
255
255
255
255
255
255
255
255
255
255
255
255
255
255
255
255
255
255
255
255
255
255
255
255
255
255
255
255
255
255
255
255
255
255
255
255
255
255
255
255
255
255
255
 10
  3
  8
  7
 20
255
255
255
255
255
255
255
255
255
255
255
255
255
255
255
255
255
255
255
255
255
255
255
255
255
255
255
255
255
255
255
255
255
255
255
255
255
255
255
255
255
255
255
255
255
255
255
255
255
255
 21
 65
255
255
  2
 26
 21
 18
255
255
255
255
255
255
255
255
255
255
255
255
255
255
255
255
255
255
255
255
255
255
255
255
255
255
255
255
255
255
255
255
255
255
255
255
255
255
255
255
255
255
255
255
255
255
255
255
255
255
255
255
255
255
255
 30
 28
255
255
255
255
255
255
255
255
255
255
255
255
255
255
255
255
255
255
255
255
255
255
255
255
255
255
255
255
255
255
255
255
255
255
255
255
255
255
255
255
255
255
255
255
255
255
255
255
255
255
255
255
255
255
255
255
255
255
255
255
255
255
255
255
255
255
255
255
255
255
255
255
255
255
255
255
255
255
255
255
255
255
255
255
255
255
255
255
255
255
255
255
255
255
255
255
255
255
255
255
255
255
255
255
255
255
255
255
255
255
255
255
 19
255
255
255
255
255
255
255
255
255
255
255
255
255
255
255
255
255
255
255
255
255
255
255
255
255
255
255
255
255
255
255
255
255
255
255
255
255
255
255
255
255
255
255
255
255
255
255
255
255
255
  3
255
  6
  9
255
255
255
 13
255
255
255
255
255
255
255
255
255
255
255
255
255
255
255
255
255
255
255
255
255
255
255
255
255
255
255
255
255
255
255
255
255
255
255
255
255
255
255
255
255
255
255
255
255
255
255
255
 47
  4
 13
  3
  2
  0
255
255
255
255
255
255
255
255
255
255
255
255
255
255
255
255
255
255
255
255
255
255
255
255
255
255
255
255
255
255
255
255
255
255
255
255
255
255
255
255
255
255
255
255
255
255
255
255
255
255
255
  1
 17
 18
 15
  5
  1
255
255
255
255
255
255
255
255
255
255
255
255
255
255
255
255
255
255
255
255
255
255
255
255
255
255
255
255
255
255
255
255
255
255
255
255
255
255
255
255
255
255
255
255
255
255
255
255
255
255
255
 36
 43
 12
  7
  2
  4
255
255
255
255
255
255
255
255
255
255
255
255
255
255
255
255
255
255
255
255
255
255
255
255
255
255
255
255
255
255
255
255
255
255
255
255
255
255
255
255
255
255
255
255
255
255
255
255
255
255
255
255
255
 53
 12
  5
  1
255
255
255
255
255
255
255
255
255
255
255
255
255
255
255
255
255
255
255
255
255
255
255
255
255
255
255
255
255
255
255
255
255
255
255
255
255
255
255
255
255
255
255
 37
 65
 56
 48
 82
 31
 42
 33
 26
 10
  4
 13
 16
  7
255
255
255
255
255
255
255
255
255
255
255
255
255
255
255
255
255
255
255
255
255
255
255
255
255
255
255
255
255
255
255
255
255
255
255
255
 22
 39
 27
255
255
255
255
255
 53
 47
 54
 61
 69
 48
 52
 22
 25
 19
 15
  8
 11
  1
255
255
255
255
255
255
255
255
255
255
255
255
255
255
255
255
255
255
255
255
255
255
255
255
255
255
255
255
255
255
255
255
255
 49
 41
 19
 14
 25
 39
255
255
255
255
 29
 67
 69
 39
 61
 51
 31
 27
 45
 33
 26
 21
 17
 15
255
255
255
255
255
255
255
255
255
255
255
255
255
255
255
255
255
255
255
255
255
255
255
255
255
255
255
255
255
255
255
255
255
 31
 42
 49
 56
 45
 37
255
255
255
255
 53
 45
 41
 51
 47
 61
 33
 23
 41
 27
 52
 25
 28
255
255
255
255
255
255
255
255
255
255
255
255
255
255
255
255
255
255
255
255
255
255
255
255
255
255
255
255
255
255
255
255
255
255
255
 68
 66
 78
 78
 80
  7
255
255
 88
 72
 51
 55
 54
 63
 38
 35
 19
 29
 29
 22
 11
255
255
255
255
255
255
255
255
255
255
255
255
255
255
255
255
255
255
255
255
255
255
255
255
255
255
255
255
255
255
255
255
255
255
255
255
  5
 22
 67
 66
 71
255
 41
255
255
 79
 72
 71
 63
 66
 54
 54
 47
 29
 18
  7
  3
  1
255
  1
  2
  0
  0
  0
255
255
255
  1
  0
255
255
255
255
255
255
255
255
255
255
255
255
255
255
255
255
255
255
255
255
255
255
255
  0
 16
 37
 39
 34
255
 46
 31
 46
 25
 36
 85
 73
 67
 63
 64
 57
 58
 31
  7
  3
  3
  2
  2
  2
  5
  8
  2
  1
  3
  2
  0
  2
  3
  2
  1
255
255
255
255
255
255
255
255
255
255
255
255
255
255
255
255
255
255
255
255
255
255
  0
255
 23
 41
255
 53
 54
 35
 28
 43
 61
 70
 68
 53
 66
 47
 46
 46
 46
 16
 12
 10
 17
 26
 40
 29
 14
  7
  9
  6
  3
  1
  1
  1
  6
  6
255
255
255
255
255
255
255
255
255
255
255
255
255
255
255
255
255
255
255
255
255
255
255
  0
 49
 73
255
255
 74
 57
 54
 58
 61
 34
 37
 40
 41
 20
 31
 49
 53
 18
 18
 19
 25
 20
 14
 17
  9
 22
 16
  7
  3
  2
  1
  1
  0
255
255
255
255
255
255
255
255
255
255
255
255
255
255
255
255
255
255
255
255
255
255
255
255
  3
 44
 69
255
255
 78
 75
 95
 82
 58
 43
 40
 42
 40
 49
 53
 45
 32
 15
  8
 20
 35
 21
 12
 36
 27
  9
 12
  6
  5
  3
  3
  2
  0
255
255
255
255
255
255
255
255
255
255
255
255
255
255
255
255
255
255
255
255
255
255
255
255
 52
 58
255
255
255
255
 69
 80
 68
255
 47
 51
 53
 40
 52
 29
 28
 38
 41
 40
 33
 27
  6
 21
 10
  6
  8
  8
 18
 14
  4
  3
  2
255
255
255
255
255
255
255
255
255
255
255
255
255
255
255
255
255
255
255
255
255
255
255
255
 44
 61
255
255
255
255
255
 59
 79
 67
 42
 56
 44
 49
 58
 30
 25
 46
 40
 25
 28
 46
 28
 13
 12
 14
 11
 20
 17
 14
  3
  1
  2
255
255
255
255
255
255
255
255
255
255
255
255
255
255
255
255
255
255
255
255
255
255
255
255
255
255
255
255
255
  0
 24
 11
 53
 54
 39
 34
 23
 49
 56
 28
 34
 20
 39
 38
 16
 12
  7
 10
  9
  4
  9
  5
  2
  4
  1
  1
  1
255
255
255
255
255
255
255
255
255
255
255
255
255
255
255
255
255
255
255
255
255
255
255
255
255
255
255
255
255
255
  5
 14
255
255
 26
 36
 40
 39
 45
 25
 31
 33
 28
 19
 28
 20
 23
 29
 19
  8
  4
  1
  1
  1
  0
  1
  2
255
255
255
255
255
255
255
255
255
255
255
255
255
255
255
255
255
255
255
255
255
255
255
255
255
255
255
255
255
255
255
255
255
255
 58
 31
 48
 38
 45
 41
 22
 16
 22
 19
 30
 32
 23
 19
 19
 11
  3
  2
  2
  3
  1
  0
  0
  0
255
255
255
255
255
255
255
255
255
255
255
255
255
255
255
255
255
255
255
255
255
255
255
255
255
255
255
255
255
255
255
255
255
255
255
 10
 18
 19
 43
 47
 28
 28
 22
 22
 17
 17
  8
  5
  8
  6
  1
  1
  0
  1
  1
  4
  0
  1
255
255
255
255
255
255
255
255
255
255
255
255
255
255
255
255
255
255
255
255
255
255
255
255
255
255
255
255
255
255
255
255
255
255
255
 12
 18
 38
 33
 51
 37
 25
 19
 17
 19
  6
  5
  4
  4
  3
  3
  1
  1
  5
  2
  0
  0
 10
 13
  1
  1
  3
255
255
255
255
255
255
255
255
255
255
255
255
255
255
255
255
255
255
255
255
255
255
255
255
255
255
255
255
255
255
 35
 30
 17
 23
255
 29
 26
 40
 21
  1
 16
  9
  3
  2
  2
  0
  2
  1
 34
 17
  9
 18
 10
 25
 12
  1
  0
  0
  0
255
255
255
255
255
255
255
255
255
255
255
255
255
255
255
255
255
255
255
255
255
255
255
255
255
255
255
255
255
 68
 65
 29
 15
255
 27
 21
 40
 35
 58
  0
  1
  1
  1
  6
  7
  2
  6
 17
 23
 26
 25
  7
  1
  0
  0
  1
  1
  3
  0
255
255
255
255
255
255
255
255
255
255
255
255
255
255
255
255
255
255
255
255
255
255
255
255
255
255
255
255
255
255
255
255
 43
 16
 22
 24
 15
 32
  2
  4
  2
  3
 14
 11
  7
 10
 24
 28
 17
 17
  4
  2
  2
  7
 19
  7
  7
  1
  0
255
255
255
255
255
255
255
255
255
255
255
255
255
255
255
255
255
255
255
255
255
255
255
255
255
255
255
255
255
255
255
 56
 31
 15
255
255
255
  4
  8
  8
  7
 11
  5
  4
  7
  4
  6
  5
  5
  8
  7
 30
 10
 11
 12
  6
  0
  0
255
255
255
255
255
255
255
255
255
255
255
255
255
255
255
255
255
255
255
255
255
255
255
255
255
255
255
255
255
255
255
255
255
255
255
255
 10
  4
  4
  7
  6
  5
  5
  4
  2
  1
  1
  2
  5
  3
 12
  7
  4
  2
  4
  0
  1
  0
  0
255
255
255
255
255
255
255
255
255
255
255
255
255
255
255
255
255
255
255
255
255
255
255
255
255
255
255
255
255
255
255
255
255
255
  1
  2
  2
  1
  1
  9
  4
  2
  2
  7
  0
  1
  4
  1
  2
  2
  7
  3
  7
  4
  2
  1
  1
  0
255
255
255
255
255
255
255
255
255
255
255
255
255
255
255
255
255
255
255
255
255
255
255
255
255
255
255
255
255
255
255
255
255
255
  1
  1
  0
  3
  0
  0
  0
  1
  0
255
  0
  0
  1
  1
  1
  3
 12
  8
  9
 14
  5
  1
  0
  0
  0
255
255
255
255
255
255
255
255
255
255
255
255
255
255
255
255
255
255
255
255
255
255
255
255
255
255
255
255
255
255
255
255
255
255
  5
  0
255
255
  0
255
255
255
  0
  0
  6
  8
  4
  1
  1
  1
  6
  8
 10
  3
  0
  0
  0
  0
  1
  0
  0
255
255
255
255
255
255
255
255
255
255
255
255
255
255
255
255
255
255
255
255
255
255
255
255
255
255
255
255
255
255
255
255
255
255
  0
  0
255
255
255
  0
  1
  5
  4
  4
  3
  3
  3
  4
  7
 10
  3
  0
  0
  1
  3
 11
 17
 17
 10
255
255
255
255
255
255
255
255
255
255
255
255
255
255
255
255
255
255
255
255
255
255
255
255
255
255
255
255
255
255
255
255
  6
 15
 11
255
255
255
255
  0
  0
  2
  1
  0
  0
  2
  8
  3
  5
  6
  0
  0
  0
  3
  3
  2
  5
  1
  1
255
255
255
255
255
255
255
255
255
255
255
255
255
255
255
255
255
255
255
255
255
255
255
255
255
255
255
255
255
255
  4
  9
  0
  1
255
255
255
255
255
  0
  0
  0
  0
  0
  2
  1
  3
  5
 10
  4
  0
  0
  0
  1
  0
  0
  0
  0
  0
  0
255
255
255
255
255
255
255
255
255
255
255
255
255
255
255
255
255
255
255
255
255
255
255
255
255
255
255
255
255
255
255
255
255
255
255
255
255
255
255
  0
  0
  1
  3
  1
  0
  3
 11
  1
  0
  0
  0
  0
  0
  0
  0
  0
  0
255
255
255
255
255
255
255
255
255
255
255
255
255
255
255
255
255
255
255
255
255
255
255
255
255
255
255
255
255
255
255
255
255
255
255
255
255
255
255
255
  0
  0
  0
  0
  1
  6
  7
  1
  0
  0
  0
  0
  0
  0
  0
  0
  0
  0
  0
  0
255
255
255
255
255
255
255
255
255
255
255
255
255
255
255
255
255
255
255
255
255
255
255
255
255
255
255
255
255
255
255
255
255
255
255
255
255
  0
  0
  0
  0
  2
  1
  1
  5
  3
  0
  0
  0
  0
  1
  1
  0
  0
  0
  0
  0
  0
255
255
255
255
255
255
255
255
255
255
255
255
255
255
255
255
255
255
255
255
255
255
255
255
255
255
255
255
255
  0
  0
  0
255
255
255
255
  0
  0
  0
  0
  0
  0
  0
  0
  2
  8
  5
  0
  0
  0
  0
  0
  0
  0
  0
  0
  0
  0
  0
255
255
255
255
255
255
255
255
255
255
255
255
255
255
255
255
255
255
255
255
255
255
255
255
255
255
255
  0
  0
  0
  0
  3
  1
  1
  0
  0
  0
  0
  0
  0
  0
  0
  0
  4
  1
  1
  2
  0
  1
  2
  0
  0
  0
  1
  0
  0
  0
  0
255
255
255
255
255
255
255
255
255
255
255
255
255
255
255
255
255
255
255
255
255
255
255
255
255
255
255
255
  0
  0
  4
  9
  4
  4
  2
  0
  2
  1
  0
  0
  0
  0
  0
  2
  1
  0
  0
  0
  2
  1
  0
  0
  0
  0
  0
  0
  0
  0
255
255
255
255
255
255
255
255
255
255
255
255
255
255
255
255
255
255
255
255
255
255
255
255
255
255
255
  0
  1
  1
  5
  4
  7
  5
  2
  3
  2
  0
  0
  0
  0
  0
  0
  0
  0
  0
  0
  0
  0
  0
  0
  0
  0
  0
  0
  0
  0
  0
  0
  0
  0
  0
  0
  0
  0
255
255
255
255
255
255
255
255
255
255
255
255
255
255
255
255
255
255
255
  1
  1
  1
255
  0
  4
  3
  3
  3
  1
  0
  0
  0
  0
  0
  0
  0
  2
  0
  0
  0
  0
  0
  0
  0
  0
  0
  0
  0
  0
  0
  0
  0
  0
  0
  0
  0
  0
  0
  0
255
255
255
255
255
255
255
255
255
255
255
255
255
255
255
255
255
255
255
255
255
255
  0
  1
  1
  2
  2
  0
  0
  1
  3
  0
  0
  0
  0
  0
  0
  0
  0
  0
  0
  0
  0
  0
  0
  0
  0
  0
  0
  0
  0
  0
  0
  0
  0
  0
  0
  0
  0
255
255
255
255
255
255
255
255
255
255
255
255
255
255
255
255
255
255
255
255
255
  0
  0
  2
  3
  2
  2
  1
  1
  1
  0
  1
  0
  0
  0
  0
  0
  0
  0
  0
  0
  0
  0
  0
  0
  0
  0
  0
  0
  0
  0
  0
  0
  0
  0
  0
  0
  0
255
255
255
255
255
255
255
255
255
255
255
255
255
255
255
255
255
255
255
255
  0
  0
  1
  3
  3
 10
  4
  3
  0
  0
  0
  0
  0
  0
  0
  0
  0
  0
  0
  0
  0
  0
  0
  0
  0
  0
  0
  0
  0
  0
  0
  0
  0
  0
  0
  0
  0
255
255
255
255
255
255
255
255
255
255
255
255
255
255
255
255
255
  2
  0
  0
  0
  0
  1
  1
  2
  6
 10
  3
  3
  1
  0
  0
  0
  0
  0
  0
  0
  0
  0
  0
  0
  0
  0
  0
  0
  0
  0
  0
  0
  0
  0
  0
  0
  0
  0
  0
  0
  0
255
255
255
255
255
255
255
255
255
255
255
255
255
255
255
  1
  0
  0
  1
  1
  0
  0
  1
  0
  1
  7
  8
  4
  6
  4
  0
  0
  0
  0
  0
  0
  0
  0
  0
  0
  0
  0
  0
  0
  0
  0
  0
  0
  0
  0
  0
  0
  0
  0
  0
  0
  0
255
255
255
255
255
255
255
255
255
255
255
255
255
255
255
255
  0
  0
  0
  0
  0
  0
  0
  1
  1
  6
  7
 13
 20
 23
  5
  0
  0
  0
  0
  0
  0
  0
  0
  0
  0
  0
  0
  0
  0
  0
  0
  0
  0
  0
  0
  0
  0
  0
  0
  0
  0
255
255
255
255
255
255
255
255
255
255
255
255
255
255
255
255
255
255
  0
  0
  0
  0
255
  0
  0
  1
  1
  3
  3
  2
  1
  2
  0
  0
  0
  0
  0
  0
  0
  0
  0
  0
  0
  0
  0
  0
  0
  0
  0
  0
  0
  0
  0
  0
  0
  0
  0
255
255
255
255
255
255
255
255
255
255
255
255
255
255
255
255
255
255
255
255
255
255
255
255
255
255
255
255
  0
  0
  0
  0
  0
  0
  0
  0
  0
  0
  0
  0
  0
  0
  0
  0
  0
  1
  1
  0
  0
  0
  0
  0
  0
  0
  0
  0
  0
  0
  0
  0
255
255
255
255
255
255
255
255
255
255
255
255
255
255
255
255
255
255
255
255
255
255
255
  0
  0
  3
  4
  0
  0
  0
  0
  0
  0
  0
  0
  0
  0
  0
  0
  0
  0
  0
  0
  2
  2
  0
  0
  0
  0
  0
  0
  0
  0
  0
  0
  0
  0
  0
255
255
255
255
255
255
255
255
255
255
255
255
255
255
255
255
255
255
255
255
  0
255
  0
  0
  0
  2
  7
  1
  0
  0
  0
  0
  0
  1
  0
  0
  0
  0
  0
  0
  0
  0
  0
  1
  1
  0
  0
  0
  1
  0
  0
  0
  0
  0
  0
  0
  0
255
255
255
255
255
255
255
255
255
255
255
255
255
255
255
255
255
255
255
255
255
255
  0
  0
  0
  0
  0
  0
  0
  0
  0
  0
  0
  0
  1
  1
  1
  0
  1
  5
  3
  0
  0
  0
  0
  0
  0
  0
  0
  0
  0
  0
  0
  0
  0
  0
255
255
255
255
255
255
255
255
255
255
255
255
255
255
255
255
255
255
255
255
255
255
255
  0
  0
  0
  0
  3
  1
  0
  0
  0
  0
  0
  0
  0
  0
  0
  2
  1
  1
  5
  2
  2
  0
  0
  0
  0
  0
  0
  0
  0
  0
  0
  0
255
255
255
255
255
255
255
255
255
255
255
255
255
255
255
255
255
255
255
255
255
255
255
255
  0
  0
  0
  2
  0
  0
 14
  9
  0
  0
  0
  0
255
255
  0
  0
  0
  3
  2
  3
255
  0
  0
  0
  0
255
255
255
255
255
255
255
255
255
255
255
255
255
255
255
255
255
255
255
255
255
255
255
255
255
255
255
255
255
255
255
255
  0
  0
  0
  0
  0
  0
  0
  8
  4
  0
  0
255
255
255
255
255
255
255
255
255
255
255
255
255
255
255
255
255
255
255
255
255
255
255
255
255
255
255
255
255
255
255
255
255
255
255
255
255
255
255
255
255
255
255
255
255
  0
  0
  0
  0
  0
  0
  0
255
  0
  0
  0
  0
  0
255
255
255
255
255
255
255
255
255
255
255
255
255
255
255
255
255
255
255
255
255
255
255
255
255
255
255
255
255
255
255
255
255
255
255
255
255
255
255
255
255
255
255
255
  1
  1
  0
  3
  0
255
255
255
255
255
255
255
255
255
255
255
255
255
255
255
255
255
255
255
255
255
255
255
255
255
255
255
255
255
255
255
255
255
255
255
255
255
255
255
255
255
255
255
255
255
255
255
255
255
255
255
255
255
255
255
255
 11
255
255
255
255
255
255
255
255
255
255
255
255
255
255
255
255
255
255
255
255
255
255
255
255
255
255
255
255
255
255
255
255
255
255
255
255
255
255
255
255
255
255
