255
255
255
255
255
255
255
255
255
255
255
255
255
255
255
255
255
255
255
255
255
255
255
255
255
255
255
255
255
255
255
255
255
255
255
255
255
255
255
  0
  0
  0
255
255
255
255
255
255
255
255
255
255
255
255
255
255
255
255
255
255
255
255
255
255
255
255
255
255
255
255
255
255
255
255
255
255
255
255
255
255
255
255
255
255
255
255
255
255
255
255
255
255
255
255
255
  0
  0
  0
  0
  0
255
255
255
255
255
255
255
255
255
255
255
255
255
255
255
255
255
255
255
255
255
255
255
255
255
255
255
255
255
255
255
255
255
255
255
255
255
255
255
255
255
255
255
255
255
255
255
255
255
255
255
255
  0
  0
  0
  0
  0
  0
255
255
255
255
255
255
255
255
255
255
255
255
255
255
255
255
255
255
255
255
255
255
255
255
255
255
255
255
255
255
255
255
255
255
255
255
255
255
255
255
255
255
255
255
255
255
255
255
255
255
255
255
  0
  0
  0
  0
  0
255
255
255
255
255
255
255
255
255
255
255
255
255
255
255
255
255
255
255
255
255
255
255
255
255
255
255
255
255
255
255
255
255
255
255
255
255
255
255
255
255
255
255
255
255
255
255
255
255
255
  0
  0
255
255
  0
  0
  0
  0
255
255
255
255
255
255
255
255
255
255
255
255
255
255
255
255
255
255
255
255
255
255
255
255
255
255
255
255
255
255
255
255
255
255
255
255
255
255
255
255
255
255
255
255
255
255
255
255
255
255
255
255
255
255
255
  2
  0
255
255
255
255
255
255
255
255
255
255
255
255
255
255
255
255
255
255
255
255
255
255
255
255
255
255
255
255
255
255
255
255
255
255
255
255
255
255
255
255
255
255
255
255
255
255
255
255
255
255
255
255
255
255
255
255
255
255
255
255
255
255
255
255
255
255
255
255
255
255
255
255
255
255
255
255
255
255
255
255
255
255
255
255
255
255
255
255
255
255
255
255
255
255
255
255
255
255
255
255
255
255
255
255
255
255
255
255
255
255
255
255
  0
255
255
255
255
255
255
255
255
255
255
255
255
255
255
255
255
255
255
255
255
255
255
255
255
255
255
255
255
255
255
255
255
255
255
255
255
255
255
255
255
255
255
255
255
255
255
255
255
255
255
  4
255
  1
  1
255
255
255
  0
255
255
255
255
255
255
255
255
255
255
255
255
255
255
255
255
255
255
255
255
255
255
255
255
255
255
255
255
255
255
255
255
255
255
255
255
255
255
255
255
255
255
255
255
255
255
255
255
  7
  4
  3
  9
  5
  0
255
255
255
255
255
255
255
255
255
255
255
255
255
255
255
255
255
255
255
255
255
255
255
255
255
255
255
255
255
255
255
255
255
255
255
255
255
255
255
255
255
255
255
255
255
255
255
255
255
255
255
 13
  5
  6
  7
 13
  9
255
255
255
255
255
255
255
255
255
255
255
255
255
255
255
255
255
255
255
255
255
255
255
255
255
255
255
255
255
255
255
255
255
255
255
255
255
255
255
255
255
255
255
255
255
255
255
255
255
255
255
  2
  4
  6
  6
  9
 14
255
255
255
255
255
255
255
255
255
255
255
255
255
255
255
255
255
255
255
255
255
255
255
255
255
255
255
255
255
255
255
255
255
255
255
255
255
255
255
255
255
255
255
255
255
255
255
255
255
255
255
255
255
  0
  2
  6
  8
255
255
255
255
255
255
255
255
255
255
255
255
255
255
255
255
255
255
255
255
255
255
255
255
255
255
255
255
255
255
255
255
255
255
255
255
255
255
255
255
255
255
255
  0
  0
  0
  0
  0
  0
  0
  0
  1
 10
 11
 11
  6
  2
255
255
255
255
255
255
255
255
255
255
255
255
255
255
255
255
255
255
255
255
255
255
255
255
255
255
255
255
255
255
255
255
255
255
255
255
  0
  0
  0
255
255
255
255
255
  0
  0
  0
  0
  0
  0
  0
  0
  0
  0
  4
  4
  8
 27
255
255
255
255
255
255
255
255
255
255
255
255
255
255
255
255
255
255
255
255
255
255
255
255
255
255
255
255
255
255
255
255
255
  0
  0
  0
  0
  0
  0
255
255
255
255
  0
  0
  0
  0
  0
  0
  0
  0
  0
  0
  0
  0
  1
  3
255
255
255
255
255
255
255
255
255
255
255
255
255
255
255
255
255
255
255
255
255
255
255
255
255
255
255
255
255
255
255
255
255
  0
  0
  0
  0
  0
  0
255
255
255
255
  0
  0
  0
  0
  0
  0
  0
  0
  0
  0
  0
  0
  1
255
255
255
255
255
255
255
255
255
255
255
255
255
255
255
255
255
255
255
255
255
255
255
255
255
255
255
255
255
255
255
255
255
255
255
  0
  0
  0
  0
  0
  0
255
255
  0
  0
  0
  0
  0
  0
  0
  0
  0
  0
  1
  3
  3
255
255
255
255
255
255
255
255
255
255
255
255
255
255
255
255
255
255
255
255
255
255
255
255
255
255
255
255
255
255
255
255
255
255
255
255
  0
  0
  0
  0
  0
255
  0
255
255
  0
  0
  0
  0
  0
  0
  0
  0
  0
  0
  4
 11
 20
255
 15
  9
  9
  5
 34
255
255
255
 46
 26
255
255
255
255
255
255
255
255
255
255
255
255
255
255
255
255
255
255
255
255
255
255
255
  0
  0
  0
  0
  0
255
  0
  0
  0
  0
  0
  0
  0
  0
  0
  0
  0
  0
  0
  8
  8
  7
 10
 10
  6
  8
  6
  6
  6
 24
 47
 62
 52
 40
 40
 50
255
255
255
255
255
255
255
255
255
255
255
255
255
255
255
255
255
255
255
255
255
255
  0
255
  0
  0
255
  0
  0
  0
  0
  0
  0
  0
  0
  0
  0
  0
  0
  0
  0
  5
  4
  3
  1
  1
  0
  0
  2
  2
  1
 20
 39
 61
 49
 49
 48
 54
255
255
255
255
255
255
255
255
255
255
255
255
255
255
255
255
255
255
255
255
255
255
255
  0
  0
  0
255
255
  0
  0
  0
  0
  0
  0
  0
  0
  0
  0
  0
  0
  0
  1
  1
  0
  0
  1
  1
  0
  0
  0
  3
 18
 41
 35
 45
 50
 50
255
255
255
255
255
255
255
255
255
255
255
255
255
255
255
255
255
255
255
255
255
255
255
255
  0
  0
  0
255
255
  0
  0
  0
  0
  0
  0
  0
  0
  0
  0
  0
  0
  0
  0
  0
  0
  0
  0
  0
  0
  0
  0
  4
 13
 18
 22
 32
 24
 12
255
255
255
255
255
255
255
255
255
255
255
255
255
255
255
255
255
255
255
255
255
255
255
255
  0
  0
255
255
255
255
  0
  0
  0
255
  0
  0
  0
  0
  0
  0
  1
  0
  0
  0
  0
  0
  0
  0
  0
  0
  0
  0
  0
  4
 22
 44
 62
255
255
255
255
255
255
255
255
255
255
255
255
255
255
255
255
255
255
255
255
255
255
255
255
  0
  0
255
255
255
255
255
  0
  0
  0
  0
  0
  0
  0
  0
  0
  0
  0
  0
  0
  0
  0
  0
  0
  0
  0
  0
  1
 10
 27
 55
 62
 63
255
255
255
255
255
255
255
255
255
255
255
255
255
255
255
255
255
255
255
255
255
255
255
255
255
255
255
255
255
  0
  0
  0
  0
  0
  0
  0
  0
  0
  0
  0
  0
  0
  0
  0
  0
  0
  0
  1
  0
  1
  3
 23
 49
 45
 56
 62
 75
255
255
255
255
255
255
255
255
255
255
255
255
255
255
255
255
255
255
255
255
255
255
255
255
255
255
255
255
255
255
  0
  0
255
255
  0
  0
  0
  0
  0
  0
  0
  0
  0
  0
  0
  0
  0
  0
  2
  6
 14
 18
 31
 26
 22
 23
 37
255
255
255
255
255
255
255
255
255
255
255
255
255
255
255
255
255
255
255
255
255
255
255
255
255
255
255
255
255
255
255
255
255
255
  0
  0
  0
  0
  0
  0
  0
  0
  0
  0
  0
  0
  0
  0
  0
  3
 14
 18
 19
 19
 23
 33
 36
 52
255
255
255
255
255
255
255
255
255
255
255
255
255
255
255
255
255
255
255
255
255
255
255
255
255
255
255
255
255
255
255
255
255
255
255
  0
  0
  0
  0
  0
  0
  0
  0
  0
  0
  0
  0
  1
  6
 11
 16
 10
 13
 15
 19
  6
 26
 24
255
255
255
255
255
255
255
255
255
255
255
255
255
255
255
255
255
255
255
255
255
255
255
255
255
255
255
255
255
255
255
255
255
255
255
  0
  0
  0
  0
  0
  0
  0
  0
  0
  0
  2
  2
  2
  3
  3
  9
 12
 17
 13
  8
 21
 27
 20
 11
 18
 23
 23
255
255
255
255
255
255
255
255
255
255
255
255
255
255
255
255
255
255
255
255
255
255
255
255
255
255
255
255
255
255
  0
  0
  0
  0
255
  0
  0
  0
  1
  2
  0
  0
  1
  1
  2
  8
 11
  7
  3
  6
  8
  6
  5
  6
  7
 26
 33
 31
 17
255
255
255
255
255
255
255
255
255
255
255
255
255
255
255
255
255
255
255
255
255
255
255
255
255
255
255
255
255
  0
  0
  0
  0
255
  0
  0
  0
  2
  0
  2
  7
 12
  8
  3
  5
  8
 11
  6
  4
  2
  2
  8
 23
 35
 30
 28
 26
 22
 33
255
255
255
255
255
255
255
255
255
255
255
255
255
255
255
255
255
255
255
255
255
255
255
255
255
255
255
255
255
255
255
255
  0
  0
  0
  1
  3
  0
  0
  1
  9
 10
  0
  2
  1
  1
  1
  0
  1
  3
 10
 20
 19
  9
  1
  7
 11
 27
 23
255
255
255
255
255
255
255
255
255
255
255
255
255
255
255
255
255
255
255
255
255
255
255
255
255
255
255
255
255
255
255
  0
  0
  0
255
255
255
  9
  3
  1
  0
  0
  1
  7
  2
  3
  2
  0
  1
  2
  2
  1
  1
  1
  6
 10
 34
 24
255
255
255
255
255
255
255
255
255
255
255
255
255
255
255
255
255
255
255
255
255
255
255
255
255
255
255
255
255
255
255
255
255
255
255
255
  5
  1
  1
  0
  0
  1
  1
  3
 10
  7
  5
  3
  2
  3
  4
  4
  4
  7
 10
 20
 26
 20
 20
255
255
255
255
255
255
255
255
255
255
255
255
255
255
255
255
255
255
255
255
255
255
255
255
255
255
255
255
255
255
255
255
255
255
 12
 11
  3
  1
  4
  2
  2
  7
  9
  4
  4
  5
  5
 11
 14
  6
  1
  1
  4
 11
 14
  9
  8
 13
255
255
255
255
255
255
255
255
255
255
255
255
255
255
255
255
255
255
255
255
255
255
255
255
255
255
255
255
255
255
255
255
255
255
  8
 17
 13
  4
 12
 23
  7
  9
 12
255
  9
  9
  4
  4
  9
  6
  0
  0
  0
  0
  6
 15
 20
 24
 20
255
255
255
255
255
255
255
255
255
255
255
255
255
255
255
255
255
255
255
255
255
255
255
255
255
255
255
255
255
255
255
255
255
255
  4
 20
255
255
  1
255
255
255
 11
 12
  3
  1
  0
  1
  2
  2
  1
  0
  1
 11
 21
 22
 17
 10
 46
 46
 44
255
255
255
255
255
255
255
255
255
255
255
255
255
255
255
255
255
255
255
255
255
255
255
255
255
255
255
255
255
255
255
255
255
255
 25
 24
255
255
255
 23
 15
  4
  0
  3
  4
  1
  0
  1
  0
  0
  6
 21
 24
 21
 14
  4
 11
 22
 27
255
255
255
255
255
255
255
255
255
255
255
255
255
255
255
255
255
255
255
255
255
255
255
255
255
255
255
255
255
255
255
255
  9
  7
  6
255
255
255
255
  1
 14
  7
  6
 14
  4
  1
  0
  0
  0
  3
 18
 27
 28
 13
 21
 18
 38
 50
 56
255
255
255
255
255
255
255
255
255
255
255
255
255
255
255
255
255
255
255
255
255
255
255
255
255
255
255
255
255
255
  3
  9
 12
 20
255
255
255
255
255
  0
 17
  3
  4
  4
  1
  1
  0
  0
  1
  4
 26
 39
 36
 34
 38
 59
 72
 81
 70
 63
255
255
255
255
255
255
255
255
255
255
255
255
255
255
255
255
255
255
255
255
255
255
255
255
255
255
255
255
255
255
255
255
255
255
255
255
255
255
255
  7
 17
  4
  1
  2
  2
  1
  2
  3
 11
 33
 33
 39
 46
 59
 69
 68
 66
255
255
255
255
255
255
255
255
255
255
255
255
255
255
255
255
255
255
255
255
255
255
255
255
255
255
255
255
255
255
255
255
255
255
255
255
255
255
255
255
  8
 20
  9
  4
  2
  1
  1
  3
  4
  9
 25
 47
 52
 57
 53
 49
 36
 69
 63
 16
255
255
255
255
255
255
255
255
255
255
255
255
255
255
255
255
255
255
255
255
255
255
255
255
255
255
255
255
255
255
255
255
255
255
255
255
255
  0
 27
 45
 10
  4
  2
  3
  1
  2
 10
 19
 36
 44
 48
 67
 51
 56
 67
 54
 42
 22
255
255
255
255
255
255
255
255
255
255
255
255
255
255
255
255
255
255
255
255
255
255
255
255
255
255
255
255
255
 10
  5
 10
255
255
255
255
  0
  5
  5
 12
 10
  5
  4
  2
  2
  0
  2
  8
 20
 40
 52
 67
 66
 77
 57
 65
 29
 21
  6
255
255
255
255
255
255
255
255
255
255
255
255
255
255
255
255
255
255
255
255
255
255
255
255
255
255
255
  1
  4
  6
  5
  2
  4
  4
  7
  7
  4
  9
  8
 11
  8
  7
  5
  0
  1
  5
 15
 35
 43
 50
 69
 63
 63
 62
 48
 34
 28
 28
255
255
255
255
255
255
255
255
255
255
255
255
255
255
255
255
255
255
255
255
255
255
255
255
255
255
255
255
  0
  4
  2
  0
  1
  1
  1
  3
  3
  8
 17
 13
 11
  9
  4
  1
  4
  8
 18
 28
 34
 64
 55
 61
 69
 68
 42
 46
 46
 23
255
255
255
255
255
255
255
255
255
255
255
255
255
255
255
255
255
255
255
255
255
255
255
255
255
255
255
  7
  3
  2
  1
  1
  0
  0
  0
  0
  0
  9
 14
 14
 14
 13
  9
  6
 10
 24
 25
 26
 23
 52
 60
 58
 48
 50
 52
 51
 20
  0
 31
 39
 34
 32
 34
 32
 35
255
255
255
255
255
255
255
255
255
255
255
255
255
255
255
255
255
255
255
  3
  4
  7
255
  1
  0
  0
  0
  0
  1
  5
 14
 18
 19
 27
 24
 16
  8
 19
 25
 32
 35
 38
 41
 46
 46
 32
 37
 49
 48
 42
 32
 37
 38
 38
 35
 32
 36
 35
 26
255
255
255
255
255
255
255
255
255
255
255
255
255
255
255
255
255
255
255
255
255
255
  3
  1
  1
  1
  0
  2
  7
  4
  5
 14
 11
 34
 14
  4
 12
 30
 28
 33
 17
 29
 28
 26
 35
 26
 30
 40
 40
 39
 39
 36
 31
 31
 27
 23
 31
 21
 34
255
255
255
255
255
255
255
255
255
255
255
255
255
255
255
255
255
255
255
255
255
  2
  2
  1
  0
  1
  1
  1
  7
 12
 12
  8
 14
 19
  7
  7
 27
 17
 31
 25
 30
 28
 22
 26
 31
 38
 44
 43
 51
 45
 17
 26
 34
 25
 25
 28
 23
  6
255
255
255
255
255
255
255
255
255
255
255
255
255
255
255
255
255
255
255
255
 11
  5
  2
  1
  0
  1
  1
  2
  8
 22
 23
 12
 21
 26
 20
 23
 28
 26
 28
 26
 31
 27
 32
 27
 27
 28
 28
 33
 37
 33
 27
 32
 24
 28
 29
 29
 20
255
255
255
255
255
255
255
255
255
255
255
255
255
255
255
255
255
  9
 22
 17
 14
  6
  4
  1
  1
  1
  1
  1
  4
 11
 31
 25
 27
 19
 27
 28
 29
 30
 30
 29
 32
 27
 24
 34
 26
 34
 40
 33
 34
 44
 31
 23
 26
 22
 22
 30
 31
 14
255
255
255
255
255
255
255
255
255
255
255
255
255
255
255
 15
 25
 15
  8
  8
  7
  4
  4
  4
  3
  0
  1
  3
  2
  3
 19
 27
 23
 24
 21
 17
 25
 26
 32
 30
 29
 29
 26
 22
 24
 26
 22
 34
 40
 41
 32
 27
 24
 25
 25
 16
 44
255
255
255
255
255
255
255
255
255
255
255
255
255
255
255
255
  4
 21
 12
 13
  9
  9
  6
  3
  3
  3
  2
  2
  1
  2
  6
 12
 11
 10
 18
 13
 22
 30
 35
 30
 22
 24
 21
 20
 22
 18
 22
 18
 21
 38
 48
 36
 27
 20
 19
 22
  1
255
255
255
255
255
255
255
255
255
255
255
255
255
255
255
255
255
255
 14
 15
 14
  7
255
  4
  7
  2
  2
  3
  4
  3
  4
  8
  8
 10
 20
 20
 30
 24
 17
 27
 26
 29
 20
 15
 16
 12
 10
  5
  5
  5
 20
 29
 17
 15
 21
  8
  0
255
255
255
255
255
255
255
255
255
255
255
255
255
255
255
255
255
255
255
255
255
255
255
255
255
255
255
255
  9
 12
  9
  6
  3
  8
  9
 10
 12
 17
 20
 25
 20
 20
 19
 21
 15
 11
  6
  5
  3
  1
  2
 11
 11
  9
  7
 10
 20
 23
 28
 10
255
255
255
255
255
255
255
255
255
255
255
255
255
255
255
255
255
255
255
255
255
255
255
  7
  9
  3
  4
  7
  0
  8
  8
  7
 10
 14
 14
 14
 10
 12
 12
 14
 25
 25
 18
  6
  7
 11
 10
 12
 13
 13
  9
  8
 17
 22
 20
 24
 30
  4
255
255
255
255
255
255
255
255
255
255
255
255
255
255
255
255
255
255
255
255
  0
255
  9
 11
 11
  5
  2
  7
 14
 17
 14
  9
 21
 29
 16
 19
 19
 18
 16
 21
 25
 28
 26
 14
 10
 15
 16
 11
 12
  7
  5
 11
 23
 25
 29
 19
 22
255
255
255
255
255
255
255
255
255
255
255
255
255
255
255
255
255
255
255
255
255
255
 17
 14
 14
 13
 12
  7
  9
 14
 13
 12
 16
 18
 40
 42
 29
 23
 12
  4
 10
  8
 19
 18
 23
 17
 18
 18
 15
 15
  7
  7
 15
 28
 25
 26
255
255
255
255
255
255
255
255
255
255
255
255
255
255
255
255
255
255
255
255
255
255
255
 14
 10
 10
  7
  7
 11
 12
 16
 13
 14
 10
 11
 17
 20
 20
 16
  8
  3
  7
  9
 14
 10
  4
 16
 20
 15
  8
  5
 11
  8
  5
  4
255
255
255
255
255
255
255
255
255
255
255
255
255
255
255
255
255
255
255
255
255
255
255
255
 18
 15
 12
  8
 13
  8
  2
  2
  9
 13
 16
  8
255
255
 10
 13
 15
  8
  8
 31
255
 15
 24
 20
 10
255
255
255
255
255
255
255
255
255
255
255
255
255
255
255
255
255
255
255
255
255
255
255
255
255
255
255
255
255
255
255
255
 14
 22
 13
  9
 12
 17
 10
  5
  5
 13
 11
255
255
255
255
255
255
255
255
255
255
255
255
255
255
255
255
255
255
255
255
255
255
255
255
255
255
255
255
255
255
255
255
255
255
255
255
255
255
255
255
255
255
255
255
255
 16
 27
 21
 19
 16
 12
 11
255
 16
 12
 14
 16
 18
255
255
255
255
255
255
255
255
255
255
255
255
255
255
255
255
255
255
255
255
255
255
255
255
255
255
255
255
255
255
255
255
255
255
255
255
255
255
255
255
255
255
255
255
 26
 27
 28
 20
 18
255
255
255
255
255
255
255
255
255
255
255
255
255
255
255
255
255
255
255
255
255
255
255
255
255
255
255
255
255
255
255
255
255
255
255
255
255
255
255
255
255
255
255
255
255
255
255
255
255
255
255
255
255
255
255
255
 18
255
255
255
255
255
255
255
255
255
255
255
255
255
255
255
255
255
255
255
255
255
255
255
255
255
255
255
255
255
255
255
255
255
255
255
255
255
255
255
255
255
255
