255
255
255
255
255
255
255
255
255
255
255
255
255
255
255
255
255
255
255
255
255
255
255
255
255
255
255
255
255
255
255
255
255
255
255
255
255
255
255
255
255
255
255
255
255
255
255
255
255
255
255
255
255
255
255
255
255
255
255
255
255
255
255
255
255
255
255
255
255
255
255
255
255
255
255
255
255
255
255
255
255
255
255
255
255
255
255
255
255
255
255
255
255
255
255
255
255
255
255
255
255
255
255
255
255
255
255
255
255
255
255
255
  0
  0
  0
  0
  0
  0
  0
  0
 23
 16
 26
 12
 12
  5
 10
  7
  4
  8
  0
255
255
255
255
255
255
255
255
255
255
255
255
255
255
255
255
255
255
255
255
255
255
255
255
255
255
255
255
255
255
255
255
255
255
255
255
255
255
255
255
255
255
255
255
255
255
255
255
255
255
255
255
255
255
255
255
255
255
255
255
255
255
255
255
255
  0
  0
  0
  0
  0
  0
  0
  0
  0
  0
  0
  0
  1
  2
  1
  2
  3
  1
  0
  0
  1
  1
  3
  8
  7
  2
  0
255
255
255
255
 30
 40
 37
 31
 12
 41
 25
 53
255
 34
 35
 36
 26
 24
 22
255
255
 47
 54
255
 37
 28
 28
 44
 48
255
255
255
255
255
255
255
255
255
255
255
255
255
255
255
255
255
255
255
255
255
255
255
255
255
255
255
255
255
255
255
  0
  0
  0
  0
  0
  0
  0
  0
  0
  0
  0
  0
  0
  0
  0
  0
  0
  0
  0
  0
  0
  0
  0
  0
  0
  0
  0
  0
255
255
255
255
255
255
255
 33
 39
 48
 40
255
255
255
255
255
255
 31
 28
 31
 37
 76
255
 43
 38
 16
 19
 33
 23
 23
 40
 33
 18
255
255
255
255
 16
 33
 57
 17
 20
 31
 76
255
255
255
255
255
 31
  0
255
255
  0
  0
  0
  0
  0
  0
255
255
  0
  0
  0
  0
  0
  0
  0
  0
  0
  0
  0
  0
  0
  0
  0
  0
  0
255
  0
  0
  0
  0
  0
  0
  0
  0
  0
  0
255
255
  0
  0
255
255
255
255
255
 11
 17
 15
 18
255
255
255
255
 19
 44
 34
  0
 28
  6
  9
  8
  5
  2
  3
  5
  2
  2
  8
  5
  4
  6
 11
 13
 15
  3
  5
  5
  7
  9
  5
  5
 32
255
 24
255
 39
 29
 15
 17
  0
  0
  0
  0
  0
  0
  0
  0
  0
  0
  0
  0
  0
  0
  0
  0
  0
  0
  0
  0
  0
  0
  0
  0
  0
  0
  0
255
  0
  0
  0
  0
  0
  0
  0
  0
  3
 12
  7
255
255
255
255
255
255
 14
 18
  4
  1
  1
  2
  2
  3
  4
  3
  4
  4
  2
  6
  1
  4
  2
  1
  2
 10
 26
 12
  6
  7
  2
  2
  4
  3
 14
 23
  1
 11
  8
 16
 11
  7
  4
  7
  8
 12
 12
 30
 30
 45
  6
  0
  0
  0
  0
  0
  0
  0
  0
  0
  0
  0
  0
  0
  0
  0
  0
  0
  0
  0
  0
  0
  0
  0
  0
  0
  0
  0
255
  0
  0
  0
  0
  0
  0
255
 12
  5
 21
  9
255
  0
255
255
 13
  5
  4
  0
  0
  0
  0
  1
  1
  0
  0
  0
  0
  1
  2
  1
  0
  1
  1
  0
  0
  1
  1
  3
  2
  2
  1
  1
  0
  2
  1
 10
  7
 15
 26
 15
  5
  2
  7
  5
  5
  2
  1
  6
255
  0
255
  0
  0
  0
  0
  0
  0
  0
  0
  0
  0
  0
  0
  0
  0
  0
  0
  0
  0
  0
255
255
  0
  0
  0
  0
  0
  0
255
255
  0
  0
  0
255
255
255
255
255
255
255
255
  0
  0
255
 15
  2
  0
  0
  0
  0
  0
  0
  0
  0
  0
  0
  0
  0
  0
  0
  0
  0
  0
  0
  0
  0
  1
  1
  1
  1
  0
  1
  1
  1
  1
  1
  1
  4
 14
  6
  9
 11
  6
  6
  3
  7
 14
255
255
255
  0
  0
  0
  0
  0
255
255
255
  0
  0
  0
  0
  0
  0
  0
  0
  0
  0
  0
  0
  0
  0
  0
  0
  0
  0
  0
  0
  0
255
255
255
255
255
255
255
255
255
255
255
  0
  0
  0
255
 11
  0
  0
  0
  0
  0
  0
  0
  0
  0
  0
  0
  0
  0
  0
  0
  0
  0
  1
  0
  0
  0
  0
  0
  1
  0
  8
  8
  7
  1
  1
  2
  2
  5
  7
255
255
  1
  1
  7
 18
  0
255
255
  0
  0
  0
  0
255
255
255
255
255
255
255
  0
  0
  0
  0
  0
  0
  0
  0
  0
  0
  0
  0
  0
  0
  0
  0
  0
  0
  0
  0
  0
255
255
255
255
255
255
255
255
255
255
  0
  0
  0
  0
  0
  0
  0
  0
  0
  0
  0
  0
  0
  0
  0
  1
  1
  0
  1
  1
  1
  6
 12
  1
  1
  7
  6
  6
  3
  1
  1
  1
  0
  0
  0
  0
  2
  1
  2
255
255
 17
  2
  0
255
255
  6
  5
255
255
255
255
255
255
255
255
255
255
255
255
255
  0
  0
  0
  0
  0
  0
  0
  0
  0
  0
  0
  0
  0
  0
  0
  0
  0
  0
  0
255
255
255
255
255
255
255
255
255
255
255
  0
  0
  0
  0
  0
  0
  0
  0
  0
  0
  1
  1
  1
 39
 39
 65
 55
 66
 67
 52
 43
 50
 13
 36
 52
 74
 20
  3
  9
  6
  3
  1
  0
  0
  0
  0
  0
  0
  0
 17
  9
255
255
255
255
255
255
255
255
255
255
255
255
255
255
255
255
255
255
255
  0
  0
  0
  0
  0
  0
  0
  0
  0
  0
  0
  0
  0
  0
  0
  0
  0
  0
255
255
255
255
255
255
255
255
255
255
255
  0
  0
  0
  0
  0
  1
  4
  0
  0
  0
  0
 12
  1
  3
 18
 70
 97
 82
 93
 70
 50
 44
 35
 21
 41
 79
 83
 97
 94
 98
 76
 13
  2
  1
  0
  0
  0
  2
  5
 12
 17
255
255
255
255
255
255
255
255
255
255
255
255
255
255
255
255
255
255
255
255
  0
  0
  0
  0
  0
  0
  0
  0
  0
  0
  0
  0
  0
  0
  0
255
255
255
255
255
255
255
255
255
  0
  0
255
255
255
  0
  0
  0
  0
  0
  2
  2
  2
  0
  0
  1
  1
  1
  0
  1
  7
 79
 87
 88
 48
 24
 41
 63
 83
 88
 85
 91
 70
 80
 56
  6
  0
  1
  2
  1
  4
255
 12
  4
255
255
255
255
255
255
255
255
255
255
255
255
255
255
255
255
255
255
255
255
255
255
255
  0
  0
  0
  0
  0
  0
  0
  0
  0
  0
  0
  0
  0
255
255
255
255
255
255
255
255
255
255
255
  0
255
255
255
  0
  0
  5
 11
  7
  3
  5
  0
  0
  6
  3
  3
 30
 32
  6
 10
 56
 66
 36
 18
  8
  5
 25
 40
 23
 12
 39
 23
  4
  7
  0
  0
  1
  5
 10
  4
  5
  3
 11
255
255
255
255
255
255
255
255
255
255
255
255
255
255
255
255
255
255
255
255
255
255
255
  0
  0
  0
  0
  0
  0
  0
  0
  0
  0
  0
  0
255
255
  0
255
255
255
255
255
255
255
255
255
255
255
 37
  0
  1
 23
 90
 94
 92
 82
 69
 53
 66
 76
 44
 48
 78
 84
 37
 27
 83
 90
 70
 34
 15
  1
  3
  6
  7
 13
  4
  2
  0
  0
  0
  0
  0
  5
 10
  9
  8
  9
 18
255
255
255
255
255
255
255
255
255
255
255
255
255
255
255
255
255
255
255
255
255
255
255
255
  0
  0
  0
  0
  0
  0
  0
  0
  0
  0
  0
255
255
255
255
255
255
255
255
255
255
255
255
255
255
 24
 68
 78
 98
100
100
100
100
100
100
 99
 99
 94
 89
 92
 92
 94
 59
 70
 81
 87
 49
  7
  0
  0
  0
  3
  3
  0
  0
  0
  0
  0
  0
  0
  3
 17
 18
255
255
  9
255
255
255
255
255
255
255
255
255
255
255
255
255
  0
  0
255
255
255
255
255
255
255
255
255
255
  0
  0
  0
  0
  0
255
255
  0
  0
  0
  0
255
255
255
255
255
255
255
255
255
255
255
255
255
100
100
100
100
100
100
100
100
100
100
100
100
 99
 98
 73
 91
 96
 94
 80
 70
 73
 29
  2
  1
  1
  1
  4
  0
  0
  0
  0
  0
  0
  0
  0
  4
 16
 11
255
255
 14
255
255
255
255
255
255
255
255
255
255
255
255
255
  0
  5
 15
255
255
255
255
255
255
255
255
255
  0
  0
  0
  0
  0
  0
  0
  0
  0
  0
  0
  0
  0
  0
255
255
255
255
255
255
255
255
255
255
100
 99
100
100
100
 99
100
100
100
100
100
100
 99
100
 85
 69
 98
100
100
 85
255
255
  7
  2
  1
  1
  4
  1
  0
  0
  0
  0
  0
  0
255
  0
255
255
255
255
255
 25
255
255
255
255
255
255
255
255
255
255
255
255
255
255
255
255
255
255
255
255
255
255
255
255
255
255
255
  0
  0
  0
  0
  0
  0
  0
255
  0
  0
  0
255
255
255
255
255
255
255
255
 17
 21
 11
 16
 20
 29
 33
 47
 44
 67
 82
 83
 70
 93
 91
 73
 44
 46
 83
 93
 72
 15
255
255
255
  2
  7
  4
255
255
  0
  0
  0
  1
  0
255
  0
  0
  0
255
255
255
255
 36
255
255
255
255
255
255
255
255
255
255
255
255
255
255
255
255
255
255
255
255
255
255
255
255
255
255
255
255
255
255
  0
  0
  0
255
  4
  2
 10
  4
  0
255
255
255
255
255
255
255
255
255
  0
  0
  0
  0
  0
  0
  0
  0
  0
  0
  0
  4
  2
  0
  0
 62
 51
 54
 26
255
255
255
255
  0
  1
 13
255
255
  0
  0
  0
  0
  0
255
  0
  0
  0
255
255
255
255
  8
255
255
255
255
255
255
255
255
255
255
255
255
255
255
255
255
255
255
255
255
255
255
255
255
255
255
255
255
255
255
255
  0
  0
  1
  0
  0
  0
  0
  1
255
255
255
255
255
255
255
255
255
255
  0
  0
  0
  0
  0
  0
  0
  0
  0
  0
  0
  0
  0
  0
  2
 16
 41
255
255
255
255
255
255
  6
  0
255
255
  0
  0
  0
  0
255
  0
  0
  0
  0
255
  0
  0
255
255
  0
255
  0
255
255
255
255
255
255
255
255
255
255
  0
255
255
255
255
255
255
255
255
255
255
255
255
255
255
255
255
255
255
255
  3
  0
  0
  0
  0
  0
  0
  0
255
255
255
255
255
255
255
255
255
  0
  0
  0
  0
  0
  0
  0
  0
  0
  0
  0
  0
  0
  0
 11
 28
255
255
255
255
255
255
255
  0
255
255
  0
  0
  0
  0
  0
  0
  0
  0
  0
  0
255
255
255
255
255
255
255
  0
255
255
255
255
255
255
255
255
255
  0
255
255
255
255
255
255
255
255
255
255
255
255
255
255
255
255
 38
255
  4
  1
  0
  0
  0
  0
  0
  0
  1
  1
255
255
255
255
255
255
255
255
255
255
255
255
  0
  0
  0
  0
  0
  0
  0
  0
  0
  1
 10
255
255
255
255
255
255
255
255
255
255
255
255
  0
  0
  0
  0
  0
  0
  0
  0
  0
  0
  0
  0
  0
  0
255
255
255
255
255
255
255
255
255
255
255
255
255
  0
255
255
255
255
255
255
255
255
255
255
255
255
255
255
255
255
255
 20
  1
  0
  0
  0
  1
  1
  1
  0
  0
  3
  7
 15
255
255
255
255
255
255
255
255
255
255
  0
  0
  0
  0
  0
  0
  0
  0
  0
255
255
  0
255
255
255
255
255
255
255
255
255
255
  0
  0
  0
  0
  0
  0
  0
  0
  0
  0
  0
  0
  0
  0
  1
255
255
255
255
255
255
255
255
255
255
255
255
255
255
255
  0
  0
255
255
255
255
255
255
255
255
255
255
255
255
255
 38
  6
  0
  0
  0
  0
  0
  0
  0
  1
  3
 11
  2
255
255
255
255
  0
255
255
255
255
255
255
  1
  0
  0
  0
  0
  0
  0
255
255
255
255
255
255
255
255
  0
255
255
255
255
255
255
255
  0
  0
  0
  0
  0
  0
  0
  0
  0
  0
  0
  0
  1
  0
  0
255
255
255
255
  0
  0
  0
255
255
255
255
255
255
255
  0
255
255
255
255
255
255
255
255
255
255
255
255
255
255
 18
  2
  0
  0
  0
  0
  0
  0
  0
  2
  4
255
255
255
255
255
255
255
255
255
255
255
255
  6
  0
  0
  0
  0
  0
  0
  4
  0
  0
255
255
255
255
255
255
255
255
255
255
255
255
255
  0
255
255
  0
  0
  0
  0
  0
  1
  0
  0
  0
  0
255
  0
  0
255
255
  0
  0
  0
  0
255
255
255
255
  0
  0
255
255
255
255
255
255
255
255
255
255
255
255
255
255
255
255
 73
 39
 18
  3
  0
  0
  0
  0
  0
  0
  0
255
255
255
255
255
255
255
  0
255
255
255
100
 19
  0
  0
  0
  0
  0
  0
  3
  0
  0
255
255
255
255
255
255
255
255
255
255
255
255
255
255
255
255
255
  0
  0
  0
  0
  0
  0
  0
255
255
255
255
  0
  2
255
  0
  0
  0
  0
255
255
  0
255
255
255
255
  0
255
255
255
255
255
255
255
255
255
255
255
255
255
255
255
255
 65
 33
  0
  0
  0
  0
  0
  0
  0
255
255
255
255
255
255
255
255
255
255
255
100
 44
  3
  0
  4
  0
  0
  0
  0
  0
  0
  6
  0
  0
255
255
255
255
255
255
255
255
255
255
255
255
  0
  0
  1
  3
  1
  1
  1
  0
  0
  0
255
255
  0
  0
  0
255
  0
255
255
255
255
255
255
255
  0
255
255
255
255
  0
255
255
255
255
255
255
255
255
255
255
255
255
255
255
 57
 37
  0
  0
  0
  0
  1
  1
255
255
255
255
255
255
255
255
255
255
255
255
255
 77
  2
  0
  0
  0
  0
255
  0
  0
  0
255
255
255
255
255
255
255
255
255
255
255
255
255
255
255
  1
  0
  1
  1
  0
  9
 39
  8
  0
  0
  0
255
255
  0
255
255
255
  0
255
255
255
255
255
255
255
  0
255
255
255
255
255
255
255
255
  0
255
255
255
255
255
255
255
255
255
 33
 16
  0
  0
  0
  1
255
255
255
255
255
255
255
255
255
255
255
255
255
255
255
 65
 11
  0
  0
  0
  1
255
255
255
255
255
255
255
255
255
255
255
255
255
255
255
255
255
255
255
  1
  0
  0
  0
  0
 12
 84
 34
  0
  0
  0
255
255
255
  0
255
255
255
255
255
255
255
255
255
255
255
255
255
255
255
255
255
255
255
255
255
255
255
255
255
255
  0
  0
255
  9
  3
  0
  0
  0
  3
255
255
255
255
255
255
255
255
255
255
255
255
255
255
255
255
  1
  0
  0
  0
255
255
255
255
255
255
255
255
255
255
255
255
255
255
255
255
255
255
255
255
  0
  0
  0
  0
  1
  1
 14
 16
  0
  0
  0
255
255
255
255
255
255
255
255
255
255
255
255
255
255
255
255
255
255
255
255
255
255
255
255
255
255
255
255
255
255
255
255
  1
  6
  0
  0
  0
  0
255
255
255
255
255
255
255
255
255
  0
255
255
255
255
255
255
255
  0
  1
  0
255
255
255
255
255
255
255
255
255
255
255
255
  0
255
255
255
255
255
255
255
255
  0
  0
  0
255
255
  6
  0
  0
  0
  0
255
255
255
255
255
 10
 25
255
255
255
255
255
255
255
255
255
255
255
255
255
255
255
255
255
255
255
255
255
255
255
255
255
255
  0
  1
  0
  0
  1
255
255
255
255
255
255
255
255
255
255
255
  0
255
255
255
255
255
255
255
255
255
255
255
255
255
255
255
255
255
255
255
255
255
255
255
255
255
255
255
255
255
255
255
255
255
255
255
255
255
  0
  0
  0
255
255
255
255
 23
  4
  1
  0
255
255
255
255
255
255
255
255
255
255
255
255
255
255
255
255
255
255
255
255
255
255
255
255
255
  1
  1
  1
  2
255
255
255
255
255
255
255
255
255
255
255
255
255
255
255
255
255
255
255
255
255
255
255
255
255
255
255
255
255
255
255
255
255
255
255
255
255
255
255
255
255
255
255
255
255
255
255
255
255
255
255
  0
  0
255
255
255
 19
 10
  2
255
255
255
255
255
255
255
255
255
255
255
255
255
255
255
255
255
255
255
255
255
255
255
255
255
255
255
  1
  1
  3
255
255
255
255
255
255
255
255
255
255
255
255
255
255
255
255
255
255
255
255
255
255
255
255
255
  0
255
255
  0
  0
255
255
255
 68
255
255
255
255
255
255
255
255
255
255
255
255
255
255
255
255
255
255
255
255
255
255
255
 16
  5
255
255
255
255
255
255
255
255
255
255
255
255
255
255
255
255
255
255
255
255
255
255
255
255
255
255
255
255
  2
  0
  0
  3
  8
255
255
255
255
 33
255
255
255
255
255
255
255
255
255
255
255
255
255
255
255
255
255
255
255
255
255
255
255
255
255
255
255
  0
255
255
255
255
255
255
255
255
255
255
255
255
255
255
255
255
255
255
255
255
255
255
  0
  0
255
255
255
255
255
255
255
255
255
255
255
255
255
255
255
255
255
255
255
255
255
255
255
255
255
255
255
255
  5
  1
  1
  0
255
255
255
255
255
 33
 33
255
255
255
255
255
255
255
255
255
255
255
255
255
255
255
255
255
255
255
255
255
255
255
255
255
255
255
255
255
255
255
255
255
255
255
255
255
255
255
255
255
255
255
255
255
255
255
  0
255
255
255
255
255
255
255
255
255
255
255
255
255
255
255
255
255
255
255
255
255
255
255
255
255
255
255
255
255
255
255
255
255
255
255
255
255
255
255
255
255
255
255
255
255
255
255
255
255
255
255
255
255
255
255
255
255
255
255
255
255
255
255
255
255
255
255
255
255
255
255
255
255
255
255
255
255
255
255
255
255
255
255
255
255
255
255
255
255
255
255
255
255
255
255
255
255
255
255
255
255
255
255
255
255
255
255
255
255
255
255
255
255
255
255
255
255
255
255
255
255
255
255
255
255
255
255
255
255
255
255
255
255
255
255
255
255
255
255
255
255
255
255
255
255
255
255
255
255
255
255
255
255
255
255
255
255
255
255
255
255
255
255
255
255
255
255
255
255
255
255
255
255
255
255
255
255
255
255
255
255
255
255
255
255
255
255
255
255
255
255
255
255
255
255
255
255
255
255
255
255
255
255
255
255
255
255
255
255
255
255
255
255
255
255
255
255
255
255
255
255
255
255
255
255
255
255
255
255
255
255
255
255
255
255
255
255
255
255
255
255
255
255
255
255
255
255
255
255
255
255
255
255
255
255
255
255
255
255
255
255
255
255
255
255
255
255
255
255
255
255
255
255
255
255
255
255
255
255
255
255
255
255
255
255
255
255
255
255
255
255
255
255
255
255
255
255
255
255
255
255
255
255
255
255
255
255
255
255
255
255
255
255
255
255
255
255
255
255
255
255
255
255
255
255
255
255
255
255
255
255
255
255
255
255
255
255
255
255
255
255
255
255
255
255
255
255
255
255
255
255
255
255
255
255
255
255
255
255
255
255
255
255
255
255
255
255
255
255
255
255
255
255
255
255
255
255
255
255
255
255
255
255
255
255
255
255
255
255
255
255
255
255
255
255
255
255
255
255
255
255
255
255
255
255
255
255
255
255
255
255
255
255
255
255
255
255
255
255
255
255
255
255
255
255
255
255
255
255
255
255
255
255
255
255
255
255
255
255
255
255
255
255
255
255
255
255
255
255
255
255
255
255
255
255
255
255
255
255
255
255
255
255
255
255
255
255
255
255
255
255
255
255
255
255
255
255
255
255
255
255
255
255
255
255
255
255
255
255
255
255
255
255
255
255
255
255
255
255
255
255
255
255
255
255
255
255
255
255
255
255
255
255
255
255
255
255
255
255
255
255
255
255
255
255
255
255
255
255
255
255
255
255
255
255
255
255
255
255
255
255
255
255
255
255
255
255
255
255
255
255
255
255
255
255
255
255
255
255
255
255
255
255
255
255
255
255
255
255
255
255
255
255
255
255
255
255
255
255
255
255
255
255
255
255
255
255
255
255
255
255
255
255
255
255
255
255
255
255
255
255
255
255
255
255
255
255
255
255
255
255
255
255
255
255
255
255
255
255
255
255
255
255
255
255
255
255
255
255
255
255
255
255
255
255
255
255
255
255
255
255
255
255
255
255
255
255
255
255
255
255
255
255
255
255
255
255
255
255
255
255
255
255
255
255
255
255
255
255
255
255
255
255
255
255
255
255
255
255
255
255
255
255
255
255
255
255
255
255
255
255
255
255
255
255
255
255
255
255
255
255
255
255
255
255
255
255
255
255
255
255
255
255
255
255
255
255
255
255
255
255
255
255
255
255
