255
255
255
255
255
255
255
255
255
255
255
255
255
255
255
255
255
255
255
255
255
255
255
255
255
255
255
255
255
255
255
255
255
255
255
255
255
255
255
255
255
255
255
255
255
255
255
255
255
255
255
255
255
255
255
255
255
255
255
255
255
255
255
255
255
255
255
255
255
255
255
255
255
255
255
255
255
255
255
255
255
255
255
255
255
255
255
255
255
255
255
255
255
255
255
255
255
255
255
255
255
255
255
255
255
255
255
255
255
255
255
255
  0
  0
  0
  0
  0
  0
  0
  0
 36
 46
 30
 29
 36
 30
 52
 57
 67
 60
  0
255
255
255
255
255
255
255
255
255
255
255
255
255
255
255
255
255
255
255
255
255
255
255
255
255
255
255
255
255
255
255
255
255
255
255
255
255
255
255
255
255
255
255
255
255
255
255
255
255
255
255
255
255
255
255
255
255
255
255
255
255
255
255
255
255
  0
 27
  4
 37
 37
 25
 27
 33
 20
  2
 10
 24
 34
 29
 17
 17
 15
  9
  0
  1
  8
  9
 30
 48
 27
  9
  0
255
255
255
255
  7
  7
  9
  7
  1
  3
  0
 47
255
  2
  4
  9
  3
  0
  5
255
255
  7
  0
255
 23
 16
  6
  3
  6
255
255
255
255
255
255
255
255
255
255
255
255
255
255
255
255
255
255
255
255
255
255
255
255
255
255
255
255
255
255
255
100
 71
 66
 53
 45
 44
 44
 36
 22
 20
 17
 16
  7
 50
 38
 20
  5
 10
  0
  0
  0
  0
  0
  0
  0
  7
 56
 91
255
255
255
255
255
255
255
 10
  4
  9
 11
255
255
255
255
255
255
 19
  4
  2
  0
  0
255
 42
 29
 33
 59
 50
 54
 60
 42
 41
 45
255
255
255
255
 27
 31
 17
 28
 34
 23
  0
255
255
255
255
255
 66
100
255
255
 92
 80
 74
 86
 93
 87
255
255
 50
 93
 98
 99
100
 94
 55
 55
 63
 63
 27
 53
 62
 67
 53
 64
 98
255
 76
 36
  5
  0
  0
  0
  0
  7
 53
 89
255
255
  0
  0
255
255
255
255
255
  7
 25
 32
 23
255
255
255
255
 24
 27
 25
  0
 35
 60
 42
 41
 44
 52
 51
 43
 45
 47
 58
 49
 47
 45
 42
 46
 28
 21
 15
 32
 21
 12
 19
 28
 51
255
 16
255
 46
 22
 31
 27
 70
 52
 33
 35
 45
 41
 35
 23
 17
 19
 38
 73
 85
 86
 86
 89
 88
 91
 94
 92
 95
 88
 93
 86
 84
 73
 74
255
 40
 12
  0
  0
  1
  2
  6
 21
 39
 30
 39
255
255
255
255
255
255
 14
 17
 14
  7
  1
  1
  2
  2
  0
  2
  2
  3
  5
 11
 10
  9
  9
  7
  6
 14
 20
 42
 11
  7
  5
  1
  0
  0
  1
  8
  2
 13
 10
  1
  6
  1
  1
  4
 14
 19
 32
 31
 37
 23
 59
 44
 18
  6
 12
 19
 19
 16
 27
 31
 63
 45
 11
 17
 37
 62
 89
 88
 88
 87
 90
 96
 74
 67
 78
 92
 63
 48
255
 45
 22
  0
  8
 27
 51
255
 12
 22
 34
 33
255
  0
255
255
  9
 14
 11
  0
  1
  0
  0
  0
  0
  0
  0
  0
  0
  1
  3
  1
  0
  1
  1
  0
  0
  0
  0
  1
  1
  0
  0
  0
  0
  1
  1
  2
  1
  1
  2
  5
  2
  1
  8
  8
  8
  8
 11
 15
255
100
255
 31
 23
 13
 29
 21
 27
 24
 27
 29
 37
 23
  1
  2
  6
 13
 27
 37
 51
 43
255
255
 42
 65
 80
 81
 63
 70
255
255
 46
 23
 20
255
255
255
255
255
255
255
255
  0
  0
255
 14
  8
  1
  0
  3
  1
  1
  0
  0
  0
  0
  0
  0
  0
  0
  0
  0
  0
  0
  0
  0
  0
  0
  0
  0
  0
  0
  0
  1
  0
  0
  0
  0
  1
  2
  3
  2
  4
  4
  4
  3
  7
 20
255
255
255
 58
 38
 42
 19
  8
255
255
255
 18
 18
 38
 28
  5
  0
  1
  7
  9
  6
 10
  9
  6
  6
 16
 27
 34
 30
 39
 47
 15
255
255
255
255
255
255
255
255
255
255
255
  0
  0
  0
255
  0
  5
  3
  4
  3
  1
  0
  0
  0
  0
  0
  0
  0
  0
  0
  0
  1
  4
  3
  0
  0
  2
  0
  0
  0
  0
  4
  5
  4
  1
  0
  1
  1
  2
  0
255
255
  6
  2
  2
 15
  0
255
255
 39
 37
 54
 30
255
255
255
255
255
255
255
 28
 16
 21
 13
 25
  3
  4
  2
  1
  5
  1
  2
  0
  0
  8
  9
  6
  5
  5
  5
  9
255
255
255
255
255
255
255
255
255
255
  1
  1
  0
  0
  0
  1
  1
  2
  3
  3
  2
  1
  1
  2
 14
 27
 29
 11
 21
 30
 25
 59
 49
 10
  1
 14
 13
  8
  4
  5
  3
  6
  3
  0
  0
  0
  0
  0
  1
255
255
  1
  1
  0
255
255
  0
 15
255
255
255
255
255
255
255
255
255
255
255
255
255
  6
  5
  3
  1
  6
 16
  4
  1
  0
  1
  0
  1
  0
  0
  0
  0
  0
  1
  0
255
255
255
255
255
255
255
255
255
255
255
  0
  0
  0
  1
  6
  2
  0
  0
  0
  0
  4
  2
 24
 42
 49
 30
 41
 32
 31
 45
 39
 44
 46
 16
 28
 19
 57
 31
 48
 33
 45
 42
  2
  1
  0
  0
  0
  0
  0
 12
  1
255
255
255
255
255
255
255
255
255
255
255
255
255
255
255
255
255
255
255
  5
  1
  1
  1
  2
  1
  3
  1
  0
  0
  1
  1
  0
  0
  0
  0
  0
 25
255
255
255
255
255
255
255
255
255
255
255
  4
  2
  1
  2
  6
  0
  0
  0
  0
  0
  0
 20
  2
 12
 26
  6
  1
  3
  1
 14
 15
 17
 15
 12
 10
  7
  7
  2
  5
  2
 17
 47
 15
  8
  1
  0
  0
  1
  4
  7
 11
255
255
255
255
255
255
255
255
255
255
255
255
255
255
255
255
255
255
255
255
  9
  1
  3
 11
  4
  0
  0
  0
  0
  0
  0
  0
  1
  1
  0
255
255
255
255
255
255
255
255
255
  0
  0
255
255
255
  6
  1
  1
  5
  0
  0
  0
  0
  0
  4
  7
  5
  9
  6
 17
 14
 12
  5
  1
 16
  9
  6
  8
  4
  4
  6
  3
  8
  4
 17
 20
  1
  3
  6
  1
  4
255
  8
  3
255
255
255
255
255
255
255
255
255
255
255
255
255
255
255
255
255
255
255
255
255
255
255
  3
  9
  8
 13
  0
  1
  1
  0
  0
  0
  0
  0
  5
255
255
255
255
255
255
255
255
255
255
255
  0
255
255
255
  3
  4
 28
 44
 49
 44
  0
  0
  0
  6
  7
 19
 36
 38
 45
 52
 16
 14
  5
  1
  4
  2
 21
 28
 40
 19
  6
  6
  1
  6
  1
  0
  1
  8
  6
  9
  4
  2
  5
255
255
255
255
255
255
255
255
255
255
255
255
255
255
255
255
255
255
255
255
255
255
255
  0
 32
 31
  4
 14
 22
  2
  0
  1
  2
  2
  3
255
255
 52
255
255
255
255
255
255
255
255
255
255
255
 23
100
 31
 39
 10
  6
  8
 17
 20
 38
 23
 22
 14
 18
 16
 13
 24
 28
 10
  8
  9
 12
 12
  0
  4
 12
  6
  4
  1
  0
  0
  0
  0
  0
  0
  5
 13
  8
  4
  9
 18
255
255
255
255
255
255
255
255
255
255
255
255
255
255
255
255
255
255
255
255
255
255
255
255
 17
 17
 13
  2
 11
  4
  6
  6
  7
  6
 31
255
255
255
255
255
255
255
255
255
255
255
255
255
255
 21
 18
 21
  2
  0
  0
  0
  0
  0
  0
  0
  1
  0
  7
  5
  5
  5
 13
 14
 15
 11
 26
  6
 11
  0
  0
  6
  5
  1
  0
  0
  0
  0
  0
  0
  4
  9
 10
255
255
 25
255
255
255
255
255
255
255
255
255
255
255
255
255
  0
 10
255
255
255
255
255
255
255
255
255
255
 27
 19
  5
 10
  6
255
255
  1
  7
 18
 29
255
255
255
255
255
255
255
255
255
255
255
255
255
  0
  0
  0
  0
  0
  0
  0
  0
  0
  0
  0
  0
  0
  1
 16
  7
  3
  2
  9
 17
 16
 19
  4
  1
  0
  0
  0
  0
  0
  0
  0
  0
  0
  0
  0
  2
 14
 14
255
255
  0
255
255
255
255
255
255
255
255
255
255
255
255
255
 49
  8
 11
255
255
255
255
255
255
255
255
255
  0
  0
  6
  2
  3
  2
  2
  4
 15
  3
  7
  6
 18
 11
255
255
255
255
255
255
255
255
255
255
  0
  0
  0
  0
  0
  1
  0
  0
  0
  0
  0
  0
  0
  0
  7
 22
  2
  0
  0
  3
255
255
  1
  0
  0
  0
  0
  0
  0
  0
  0
  0
  0
  0
255
  0
255
255
255
255
255
  0
255
255
255
255
255
255
255
255
255
255
255
255
255
255
255
255
255
255
255
255
255
255
255
255
255
255
255
  6
  1
  2
  1
  9
 18
 11
255
  3
 15
 14
255
255
255
255
255
255
255
255
 14
 20
  9
 17
 11
 19
 24
 33
 25
 20
 15
  9
 12
  5
  7
 11
 19
 20
 12
  2
  7
 58
255
255
255
  0
  0
  0
255
255
  0
  0
  0
  0
  0
255
  0
  0
  0
255
255
255
255
  0
255
255
255
255
255
255
255
255
255
255
255
255
255
255
255
255
255
255
255
255
255
255
255
255
255
255
255
255
255
255
  7
  3
  5
255
 13
 19
  3
  1
  0
255
255
255
255
255
255
255
255
255
  0
  0
  0
  0
  0
  2
  1
  3
  2
  1
  0
 14
 10
  3
  1
 18
 32
 31
 25
255
255
255
255
  0
  0
  0
255
255
  0
  0
  0
  0
  0
255
 16
  3
  1
255
255
255
255
  0
255
255
255
255
255
255
255
255
255
255
255
255
255
255
255
255
255
255
255
255
255
255
255
255
255
255
255
255
255
255
255
  9
  7
  3
  5
  2
  5
  2
  0
255
255
255
255
255
255
255
255
255
255
  0
  0
  0
  0
  0
  0
  0
  0
  0
  0
  0
  0
  0
  0
 34
 77
 59
255
255
255
255
255
255
  0
  0
255
255
  0
  5
  3
  0
255
  0
  5
  7
  5
255
  0
  0
255
255
  0
255
  0
255
255
255
255
255
255
255
255
255
255
  0
255
255
255
255
255
255
255
255
255
255
255
255
255
255
255
255
255
255
255
  6
  6
  0
  0
  5
  1
  0
  1
255
255
255
255
255
255
255
255
255
  0
  0
  0
 16
  0
  0
  0
  0
  0
  0
  0
 16
 30
 29
 46
 63
255
255
255
255
255
255
255
  0
255
255
  5
  2
  2
  0
  4
  1
  1
  0
  1
  0
255
255
255
255
255
255
255
  0
255
255
255
255
255
255
255
255
255
  0
255
255
255
255
255
255
255
255
255
255
255
255
255
255
255
255
 23
255
 14
  6
  1
  0
  0
  0
  0
  1
  1
  1
255
255
255
255
255
255
255
255
255
255
255
255
  0
  0
  0
  0
  0
  0
  0
  0
 13
  0
  0
255
255
255
255
255
255
255
255
255
255
255
255
  1
  1
  4
  0
  0
  3
  2
  3
  1
  0
  2
  0
  0
  0
255
255
255
255
255
255
255
255
255
255
255
255
255
  0
255
255
255
255
255
255
255
255
255
255
255
255
255
255
255
255
255
 21
  5
  0
  0
  0
  0
  0
  0
  0
  1
 11
 15
  1
255
255
255
255
255
255
255
255
255
255
  0
  0
  0
  0
  0
  0
  1
  2
  0
255
255
  0
255
255
255
255
255
255
255
255
255
255
  0
  1
  2
  5
  4
  6
  5
  3
  1
  0
  0
  1
  1
  0
  1
255
255
255
255
255
255
255
255
255
255
255
255
255
255
255
  0
  0
255
255
255
255
255
255
255
255
255
255
255
255
255
 19
 12
  0
  0
  0
  0
  0
  0
  1
  2
 14
 27
  1
255
255
255
255
  0
255
255
255
255
255
255
  0
  0
  0
  0
  0
  0
  0
255
255
255
255
255
255
255
255
  0
255
255
255
255
255
255
255
  7
 13
 15
 19
 22
 24
  7
  1
  5
  3
  3
  1
  0
  0
  0
255
255
255
255
  0
  0
  0
255
255
255
255
255
255
255
  0
255
255
255
255
255
255
255
255
255
255
255
255
255
255
 23
  7
  1
  0
  0
  1
  1
  3
  3
  4
  1
255
255
255
255
255
255
255
255
255
255
255
255
  0
  0
  0
  0
  0
  0
  0
  0
  0
  0
255
255
255
255
255
255
255
255
255
255
255
255
255
  0
255
255
  0
 25
 14
  0
  0
  3
  2
 22
  2
  0
255
  0
  0
255
255
  0
  0
  0
  0
255
255
255
255
  0
  0
255
255
255
255
255
255
255
255
255
255
255
255
255
255
255
255
  0
 17
 20
  5
  1
  2
  2
  2
  3
  4
  1
255
255
255
255
255
255
255
  0
255
255
255
  0
  0
  0
  0
  0
  0
  0
  0
  0
  0
  0
255
255
255
255
255
255
255
255
255
255
255
255
255
255
255
255
255
 11
  9
 15
 12
 10
  1
  1
255
255
255
255
  0
  0
255
  0
  0
  0
  0
255
255
  0
255
255
255
255
  0
255
255
255
255
255
255
255
255
255
255
255
255
255
255
255
255
 23
 24
  5
  1
  2
  1
  2
  3
  3
255
255
255
255
255
255
255
255
255
255
255
  0
 11
  0
  0
  0
  0
  0
  0
  0
  0
  0
  0
  0
  0
255
255
255
255
255
255
255
255
255
255
255
255
 42
 36
 70
 69
 67
 79
 74
 49
  4
  0
255
255
  0
  0
  0
255
  0
255
255
255
255
255
255
255
  0
255
255
255
255
  0
255
255
255
255
255
255
255
255
255
255
255
255
255
255
 27
 20
  3
  1
  1
  2
  3
  4
255
255
255
255
255
255
255
255
255
255
255
255
255
 22
 22
  7
  0
  0
  0
255
  0
  0
  0
255
255
255
255
255
255
255
255
255
255
255
255
255
255
255
 57
 29
 56
 54
 83
 46
 50
 60
 12
  0
  4
255
255
  0
255
255
255
  0
255
255
255
255
255
255
255
  0
255
255
255
255
255
255
255
255
  0
255
255
255
255
255
255
255
255
255
 34
 26
  6
  2
  1
  2
255
255
255
255
255
255
255
255
255
255
255
255
255
255
255
 35
 72
 25
  0
  0
  0
255
255
255
255
255
255
255
255
255
255
255
255
255
255
255
255
255
255
255
 19
 39
 37
 50
 54
 63
 11
 46
 12
  1
  0
255
255
255
  0
255
255
255
255
255
255
255
255
255
255
255
255
255
255
255
255
255
255
255
255
255
255
255
255
255
255
  0
  0
255
 35
 35
  4
  2
  1
  4
255
255
255
255
255
255
255
255
255
255
255
255
255
255
255
255
 35
 38
  0
  0
255
255
255
255
255
255
255
255
255
255
255
255
255
255
255
255
255
255
255
255
  2
  8
  5
 39
 63
 48
 37
 29
  3
  0
  0
255
255
255
255
255
255
255
255
255
255
255
255
255
255
255
255
255
255
255
255
255
255
255
255
255
255
255
255
255
255
255
255
  9
 37
 35
 14
 16
  2
255
255
255
255
255
255
255
255
255
  0
255
255
255
255
255
255
255
  2
  1
  0
255
255
255
255
255
255
255
255
255
255
255
255
  0
255
255
255
255
255
255
255
255
  0
  6
  0
255
255
  0
  2
  1
  0
  0
255
255
255
255
255
  0
  0
255
255
255
255
255
255
255
255
255
255
255
255
255
255
255
255
255
255
255
255
255
255
255
255
255
255
  3
 56
 36
 48
 20
255
255
255
255
255
255
255
255
255
255
255
  0
255
255
255
255
255
255
255
255
255
255
255
255
255
255
255
255
255
255
255
255
255
255
255
255
255
255
255
255
255
255
255
255
255
255
255
255
255
  0
  1
  0
255
255
255
255
  0
  0
  0
  0
255
255
255
255
255
255
255
255
255
255
255
255
255
255
255
255
255
255
255
255
255
255
255
255
255
  3
 66
 66
 32
255
255
255
255
255
255
255
255
255
255
255
255
255
255
255
255
255
255
255
255
255
255
255
255
255
255
255
255
255
255
255
255
255
255
255
255
255
255
255
255
255
255
255
255
255
255
255
255
255
255
255
  0
  0
255
255
255
  0
  0
  0
255
255
255
255
255
255
255
255
255
255
255
255
255
255
255
255
255
255
255
255
255
255
255
255
255
255
255
 13
 84
 64
255
255
255
255
255
255
255
255
255
255
255
255
255
255
255
255
255
255
255
255
255
255
255
255
255
  0
255
255
  0
  0
255
255
255
 16
255
255
255
255
255
255
255
255
255
255
255
255
255
255
255
255
255
255
255
255
255
255
255
  0
  0
255
255
255
255
255
255
255
255
255
255
255
255
255
255
255
255
255
255
255
255
255
255
255
255
255
255
255
255
 12
 53
 16
 13
 21
255
255
255
255
  0
255
255
255
255
255
255
255
255
255
255
255
255
255
255
255
255
255
255
255
255
255
255
255
255
255
255
255
  0
255
255
255
255
255
255
255
255
255
255
255
255
255
255
255
255
255
255
255
255
255
255
  0
  0
255
255
255
255
255
255
255
255
255
255
255
255
255
255
255
255
255
255
255
255
255
255
255
255
255
255
255
255
  9
  6
  3
  0
255
255
255
255
255
  0
  0
255
255
255
255
255
255
255
255
255
255
255
255
255
255
255
255
255
255
255
255
255
255
255
255
255
255
255
255
255
255
255
255
255
255
255
255
255
255
255
255
255
255
255
255
255
255
255
  0
255
255
255
255
255
255
255
255
255
255
255
255
255
255
255
255
255
255
255
255
255
255
255
255
255
255
255
255
255
255
255
255
255
255
255
255
255
255
255
255
255
255
255
255
255
255
255
255
255
255
255
255
255
255
255
255
255
255
255
255
255
255
255
255
255
255
255
255
255
255
255
255
255
255
255
255
255
255
255
255
255
255
255
255
255
255
255
255
255
255
255
255
255
255
255
255
255
255
255
255
255
255
255
255
255
255
255
255
255
255
255
255
255
255
255
255
255
255
255
255
255
255
255
255
255
255
255
255
255
255
255
255
255
255
255
255
255
255
255
255
255
255
255
255
255
255
255
255
255
255
255
255
255
255
255
255
255
255
255
255
255
255
255
255
255
255
255
255
255
255
255
255
255
255
255
255
255
255
255
255
255
255
255
255
255
255
255
255
255
255
255
255
255
255
255
255
255
255
255
255
255
255
255
255
255
255
255
255
255
255
255
255
255
255
255
255
255
255
255
255
255
255
255
255
255
255
255
255
255
255
255
255
255
255
255
255
255
255
255
255
255
255
255
255
255
255
255
255
255
255
255
255
255
255
255
255
255
255
255
255
255
255
255
255
255
255
255
255
255
255
255
255
255
255
255
255
255
255
255
255
255
255
255
255
255
255
255
255
255
255
255
255
255
255
255
255
255
255
255
255
255
255
255
255
255
255
255
255
255
255
255
255
255
255
255
255
255
255
255
255
255
255
255
255
255
255
255
255
255
255
255
255
255
255
255
255
255
255
255
255
255
255
255
255
255
255
255
255
255
255
255
255
255
255
255
255
255
255
255
255
255
255
255
255
255
255
255
255
255
255
255
255
255
255
255
255
255
255
255
255
255
255
255
255
255
255
255
255
255
255
255
255
255
255
255
255
255
255
255
255
255
255
255
255
255
255
255
255
255
255
255
255
255
255
255
255
255
255
255
255
255
255
255
255
255
255
255
255
255
255
255
255
255
255
255
255
255
255
255
255
255
255
255
255
255
255
255
255
255
255
255
255
255
255
255
255
255
255
255
255
255
255
255
255
255
255
255
255
255
255
255
255
255
255
255
255
255
255
255
255
255
255
255
255
255
255
255
255
255
255
255
255
255
255
255
255
255
255
255
255
255
255
255
255
255
255
255
255
255
255
255
255
255
255
255
255
255
255
255
255
255
255
255
255
255
255
255
255
255
255
255
255
255
255
255
255
255
255
255
255
255
255
255
255
255
255
255
255
255
255
255
255
255
255
255
255
255
255
255
255
255
255
255
255
255
255
255
255
255
255
255
255
255
255
255
255
255
255
255
255
255
255
255
255
255
255
255
255
255
255
255
255
255
255
255
255
255
255
255
255
255
255
255
255
255
255
255
255
255
255
255
255
255
255
255
255
255
255
255
255
255
255
255
255
255
255
255
255
255
255
255
255
255
255
255
255
255
255
255
255
255
255
255
255
255
255
255
255
255
255
255
255
255
255
255
255
255
255
255
255
255
255
255
255
255
255
255
255
255
255
255
255
255
255
255
255
255
255
255
255
255
255
255
255
255
255
255
255
255
255
255
255
255
255
255
255
255
255
255
255
255
255
255
255
255
255
255
255
255
255
255
255
255
255
255
255
255
255
255
255
255
255
255
255
255
