255
255
255
255
255
255
255
255
255
255
255
255
255
255
255
255
255
255
255
255
255
255
255
255
255
255
255
255
255
255
255
255
255
255
255
255
255
255
255
255
255
255
255
255
255
255
255
255
255
255
255
255
255
255
255
255
255
255
255
255
255
255
255
255
255
255
255
255
255
255
255
255
255
255
255
255
255
255
255
255
255
255
255
255
255
255
255
255
255
255
255
255
255
255
255
255
255
255
255
255
255
255
255
255
255
255
255
255
255
255
255
255
  0
  0
  0
  0
  0
  0
  0
  0
  0
  0
  0
  0
  0
  0
  0
  0
  0
  0
  0
255
255
255
255
255
255
255
255
255
255
255
255
255
255
255
255
255
255
255
255
255
255
255
255
255
255
255
255
255
255
255
255
255
255
255
255
255
255
255
255
255
255
255
255
255
255
255
255
255
255
255
255
255
255
255
255
255
255
255
255
255
255
255
255
255
  0
  0
  0
  0
  0
  0
  0
  0
  0
  0
  0
  0
  0
  0
  0
  0
  0
  0
  0
  0
  0
  0
  0
  0
  0
  0
  0
255
255
255
255
  0
  0
  0
  0
  0
  0
  0
  0
255
  0
  0
  0
  0
  0
  0
255
255
  0
  0
255
  0
  0
  0
  0
  0
255
255
255
255
255
255
255
255
255
255
255
255
255
255
255
255
255
255
255
255
255
255
255
255
255
255
255
255
255
255
255
  0
  0
  0
  0
  0
  0
  0
  0
  0
  0
  0
  0
  0
  0
  0
  0
  0
  0
  0
  0
  0
  0
  0
  0
  0
  0
  0
  0
255
255
255
255
255
255
255
  0
  0
  0
  0
255
255
255
255
255
255
  0
  0
  0
  0
  0
255
  0
  0
  0
  0
  0
  0
  0
  0
  0
  0
255
255
255
255
  0
  0
  0
  0
  0
  0
  0
255
255
255
255
255
  0
  0
255
255
  0
  0
  0
  0
  0
  0
255
255
  0
  0
  0
  0
  0
  0
  0
  0
  0
  0
  0
  0
  0
  0
  0
  0
  0
255
  0
  0
  0
  0
  0
  0
  0
  0
  0
  0
255
255
  0
  0
255
255
255
255
255
  5
  3
  2
  2
255
255
255
255
  0
  0
  0
  0
  0
  0
  0
  0
  0
  0
  0
  0
  0
  0
  0
  0
  0
  0
  0
  0
  0
  0
  0
  0
  0
  0
  0
  0
  0
255
  0
255
  0
  0
  0
  0
  0
  0
  0
  0
  0
  0
  0
  0
  0
  0
  0
  0
  0
  0
  0
  0
  0
  0
  0
  0
  0
  0
  0
  1
  0
  0
  0
255
  0
  0
  0
  0
  0
  0
  0
  0
  0
  0
  0
255
255
255
255
255
255
  4
  2
  1
  1
  1
  0
  0
  0
  0
  0
  0
  0
  0
  0
  0
  0
  0
  0
  0
  0
  0
  0
  0
  0
  0
  0
  0
  0
  0
  0
  0
  0
  0
  0
  0
  0
  0
  0
  0
  0
  0
  0
  0
  0
  0
  0
  0
  0
  0
  0
  0
  0
  0
  0
  0
  0
  0
  0
  0
  0
  0
  0
  0
  0
  0
  0
  0
  0
  1
  0
  0
  0
255
  0
  0
  0
  0
  0
  0
255
  0
  0
  0
  0
255
  0
255
255
  8
  7
  1
  1
  7
  4
  2
  1
  1
  1
  0
  0
  0
  0
  0
  0
  0
  0
  0
  0
  0
  0
  0
  0
  0
  0
  0
  0
  0
  0
  0
  0
  0
  0
  0
  0
  0
  0
  0
  0
  0
  0
  0
  0
255
  0
255
  0
  0
  0
  0
  0
  0
  0
  0
  0
  0
  0
  0
  1
  0
  0
  0
  0
  0
  0
255
255
  0
  0
  0
  0
  0
  0
255
255
  0
  0
  0
255
255
255
255
255
255
255
255
  1
  4
255
  5
  7
  9
  8
  9
 16
  3
  2
  2
  1
  1
  2
  2
  1
  1
  1
  0
  0
  1
  0
  0
  0
  0
  0
  0
  0
  0
  0
  0
  0
  0
  0
  0
  0
  0
  0
  0
  0
  0
  0
  0
  0
  0
255
255
255
  0
  0
  0
  0
  0
255
255
255
  0
  0
  0
  0
  4
 11
  5
  4
  0
  0
  0
  0
  0
  0
  0
  0
  0
  0
  0
  0
  0
255
255
255
255
255
255
255
255
255
255
255
  6
  5
 25
255
  8
 50
 24
 28
 51
 41
 12
  7
 13
 14
 22
 27
 24
  8
 12
 18
 23
 31
 23
 16
 10
  9
  4
  1
  2
  1
  1
  2
  1
  0
  0
  0
  0
  0
  0
255
255
  0
  0
  0
  0
  0
255
255
 13
  6
  0
  0
255
255
255
255
255
255
255
  0
  0
  0
  1
  1
 35
 40
 67
 28
 11
  0
  0
  0
  0
  0
  0
  0
  0
  0
  0
  0
255
255
255
255
255
255
255
255
255
255
  3
 13
 49
 69
 53
 63
 53
 61
 55
 57
 37
 34
 55
 53
 45
 39
 41
 38
 50
 53
 51
 22
 22
 40
 10
  6
  6
  4
  7
  7
  4
 13
 10
  1
  2
  5
  0
  1
  1
255
255
  0
  0
  0
255
255
  0
  0
255
255
255
255
255
255
255
255
255
255
255
255
255
  2
  6
  5
  4
  4
 16
 56
 72
  9
  3
  5
  1
  1
  3
  4
  2
  5
  1
  0
255
255
255
255
255
255
255
255
255
255
255
 24
 24
 62
 35
 30
 29
 65
 58
 62
 80
 70
 60
 48
 10
  2
  1
  2
  1
  1
  1
  8
  3
 21
 14
  4
  2
 10
 30
 10
 19
 37
 33
 26
 45
 17
 13
  1
  1
  0
  4
  0
255
255
255
255
255
255
255
255
255
255
255
255
255
255
255
255
255
255
255
 10
  4
  3
  6
  4
  1
  5
 61
 85
 49
 37
 53
 25
 14
  2
  3
  2
  0
255
255
255
255
255
255
255
255
255
255
255
 11
 27
 38
 32
 32
 38
 41
 57
 61
 68
 66
 22
 28
 30
 15
  2
  0
  5
  2
  3
  5
  4
  7
  9
 10
  1
  1
  0
  0
  0
  0
 13
 36
 46
 56
 14
  5
  4
 17
 18
 19
255
255
255
255
255
255
255
255
255
255
255
255
255
255
255
255
255
255
255
255
 10
  5
  1
  1
  2
  2
  7
 42
 83
 83
 71
 33
 14
 12
  9
255
255
255
255
255
255
255
255
255
  0
  0
255
255
255
 28
 48
 65
 36
 22
 20
 28
 43
 42
 32
 34
 40
 25
 24
 30
 29
  0
  1
  4
  9
 15
  4
  7
  5
  1
  0
  0
  0
  0
  6
 14
 39
 42
 39
 16
 13
255
 14
 25
255
255
255
255
255
255
255
255
255
255
255
255
255
255
255
255
255
255
255
255
255
255
255
  9
  3
  0
  0
  1
  7
 13
 39
 54
 38
 18
 30
 16
255
255
255
255
255
255
255
255
255
255
255
  0
255
255
255
 36
 47
 31
  8
  6
 17
 46
 22
 14
 20
 21
 24
 15
 10
 23
 14
  6
  1
 17
 20
 21
  9
  2
  1
  0
  0
  0
  0
  3
 37
 52
 79
 76
 38
 38
 27
 27
 28
 34
255
255
255
255
255
255
255
255
255
255
255
255
255
255
255
255
255
255
255
255
255
255
255
  0
  0
  1
  0
  0
  0
  1
 17
 25
 18
 25
 23
255
255
  0
255
255
255
255
255
255
255
255
255
255
255
  0
  0
 47
 24
  0
  0
  0
  0
  2
  0
  2
  0
 39
 10
  0
  1
  8
  5
  1
  0
  8
 19
 38
 83
 21
  1
  0
  0
  0
  0
  5
 47
 18
 74
 69
 60
 15
 26
 25
 14
 17
255
255
255
255
255
255
255
255
255
255
255
255
255
255
255
255
255
255
255
255
255
255
255
255
  0
  0
  0
  1
  0
  1
 16
 20
  2
 32
  5
255
255
255
255
255
255
255
255
255
255
255
255
255
255
  0
  0
  0
  0
  0
  0
  0
  0
  0
  0
  0
  0
  6
  1
  0
  0
  0
  1
  2
  0
  1
 12
 36
 68
 88
 62
 34
 19
 21
  2
 10
 43
 19
 20
 17
 23
 18
 11
255
255
 15
255
255
255
255
255
255
255
255
255
255
255
255
255
  0
 20
255
255
255
255
255
255
255
255
255
255
  0
  0
  5
  1
 13
255
255
 36
 33
 30
 14
255
255
255
255
255
255
255
255
255
255
255
255
255
  0
  0
  0
  0
  0
  0
  0
  0
  0
  0
  0
  0
  0
  1
  0
  0
  0
  0
  0
  0
  3
 12
 45
 71
 53
 64
 74
 75
 16
  6
 14
 16
 15
 17
 19
 15
 24
 14
255
255
 19
255
255
255
255
255
255
255
255
255
255
255
255
255
  0
 11
  0
255
255
255
255
255
255
255
255
255
  0
  0
 38
 34
 37
 47
 15
 15
 13
 52
 28
 33
 27
  0
255
255
255
255
255
255
255
255
255
255
  0
  0
  0
  0
  0
  0
  0
  0
  0
  0
  0
  0
  0
  0
  1
  0
  0
  0
  0
  1
255
255
 40
 60
 53
 42
 53
 44
 40
 15
  9
 32
 24
 20
255
 16
255
255
255
255
255
 38
255
255
255
255
255
255
255
255
255
255
255
255
255
255
255
255
255
255
255
255
255
255
255
255
255
255
255
 20
 26
 56
 39
 20
  8
 24
255
  7
 25
 15
255
255
255
255
255
255
255
255
  0
  0
 44
 26
 26
 22
  4
  0
  1
  0
  0
  0
  2
  0
  0
 10
 20
  0
  0
  0
  3
  0
255
255
255
 52
 58
 51
255
255
 44
 33
 67
 28
 29
255
 35
 21
 24
255
255
255
255
 32
255
255
255
255
255
255
255
255
255
255
255
255
255
255
255
255
255
255
255
255
255
255
255
255
255
255
255
255
255
255
 40
 42
 14
255
 19
  8
  3
  6
 34
255
255
255
255
255
255
255
255
255
 21
  6
  1
 28
 35
 23
 34
 33
 35
 26
 31
 31
 21
 35
 61
  8
  0
  1
  0
255
255
255
255
 28
 55
 52
255
255
 11
 12
 36
 36
 24
255
 14
 29
 14
255
255
255
255
 42
255
255
255
255
255
255
255
255
255
255
255
255
255
255
255
255
255
255
255
255
255
255
255
255
255
255
255
255
255
255
255
 24
 33
 19
 26
  4
  0
  1
  2
255
255
255
255
255
255
255
255
255
255
  1
  0
  0
  0
  1
  1
  6
  4
  0
  0
  0
  2
 18
 66
 23
  0
  0
255
255
255
255
255
255
 52
 41
255
255
 19
 27
 34
 76
255
 49
 20
 20
 20
255
 17
  0
255
255
  0
255
  0
255
255
255
255
255
255
255
255
255
255
  0
255
255
255
255
255
255
255
255
255
255
255
255
255
255
255
255
255
255
255
  8
  9
  0
  0
  1
  0
  0
  1
255
255
255
255
255
255
255
255
255
  0
  0
  0
  5
  0
  1
  0
  0
  0
  0
  2
 20
 15
  1
  1
  0
255
255
255
255
255
255
255
 35
255
255
 10
 15
 13
 17
 20
  4
  9
 23
 14
  6
255
255
255
255
255
255
255
  0
255
255
255
255
255
255
255
255
255
  0
255
255
255
255
255
255
255
255
255
255
255
255
255
255
255
255
  0
255
  9
 10
  4
  0
  0
  0
  0
  1
  3
 16
255
255
255
255
255
255
255
255
255
255
255
255
 39
  1
  0
  0
  0
  0
 21
 33
  6
  7
 16
255
255
255
255
255
255
255
255
255
255
255
255
 12
 13
 14
  9
  2
 11
 10
  7
  6
  4
 12
  0
  5
  0
255
255
255
255
255
255
255
255
255
255
255
255
255
  0
255
255
255
255
255
255
255
255
255
255
255
255
255
255
255
255
255
  1
  2
  0
  0
  0
  0
  1
  2
  9
  7
  7
  3
  4
255
255
255
255
255
255
255
255
255
255
  0
  1
  0
  0
  0
 13
 48
 16
  0
255
255
  0
255
255
255
255
255
255
255
255
255
255
 15
  9
 21
 11
  9
 16
 11
 16
  9
  9
  1
  3
  5
  7
 10
255
255
255
255
255
255
255
255
255
255
255
255
255
255
255
  0
  0
255
255
255
255
255
255
255
255
255
255
255
255
255
  0
  2
  1
  1
  1
  1
  2
  2
 21
 16
  9
  4
  7
255
255
255
255
  0
255
255
255
255
255
255
  1
  1
  0
  0
  5
 34
 13
255
255
255
255
255
255
255
255
  0
255
255
255
255
255
255
255
 21
 26
 23
 14
 16
 15
 23
  2
  5
  6
  4
 11
  1
  1
  1
255
255
255
255
  0
  0
  0
255
255
255
255
255
255
255
  0
255
255
255
255
255
255
255
255
255
255
255
255
255
255
  0
  1
  0
  1
 12
 12
 16
 20
 27
 25
 12
255
255
255
255
255
255
255
255
255
255
255
255
  3
  1
  0
  1
  4
 19
  6
 10
 10
  0
255
255
255
255
255
255
255
255
255
255
255
255
255
  0
255
255
 51
 36
 12
  0
  0
  0
  0
 21
  7
  4
255
  0
  0
255
255
  0
  0
  0
  0
255
255
255
255
  0
  0
255
255
255
255
255
255
255
255
255
255
255
255
255
255
255
255
  0
  0
  1
  1
  8
 19
 50
 58
 42
 33
  6
255
255
255
255
255
255
255
  0
255
255
255
  0
 20
  6
  1
 14
 32
 23
  7
  5
  0
  0
255
255
255
255
255
255
255
255
255
255
255
255
255
255
255
255
255
  0
  0
  0
  1
  0
  0
  0
255
255
255
255
 33
 16
255
 25
  0
  0
  0
255
255
  0
255
255
255
255
  0
255
255
255
255
255
255
255
255
255
255
255
255
255
255
255
255
  0
  0
  2
  4
 56
 72
 56
 35
 12
255
255
255
255
255
255
255
255
255
255
255
  0
  2
  1
  0
 16
 23
  9
  0
  0
  0
  0
 15
 36
  0
255
255
255
255
255
255
255
255
255
255
255
255
  0
  1
  0
  0
  0
  5
  1
  1
  2
  0
255
255
  0
  0
  0
255
 20
255
255
255
255
255
255
255
  0
255
255
255
255
  0
255
255
255
255
255
255
255
255
255
255
255
255
255
255
  0
  3
  3
  3
 38
 42
 25
 16
255
255
255
255
255
255
255
255
255
255
255
255
255
  0
  1
  1
 27
 32
 10
255
  0
  0
  0
255
255
255
255
255
255
255
255
255
255
255
255
255
255
255
  5
  0
  0
  0
  1
  8
  1
  1
  3
  2
  1
255
255
  0
255
255
255
  0
255
255
255
255
255
255
255
  0
255
255
255
255
255
255
255
255
  0
255
255
255
255
255
255
255
255
255
  0
  4
 14
  6
 15
  6
255
255
255
255
255
255
255
255
255
255
255
255
255
255
255
  0
  0
  2
 50
 37
 13
255
255
255
255
255
255
255
255
255
255
255
255
255
255
255
255
255
255
255
 24
  2
  0
  0
  0
  0
  0
  1
  5
  1
  0
255
255
255
  0
255
255
255
255
255
255
255
255
255
255
255
255
255
255
255
255
255
255
255
255
255
255
255
255
255
255
  0
  0
255
  0
 13
 59
 15
 15
  5
255
255
255
255
255
255
255
255
255
255
255
255
255
255
255
255
  5
  0
  4
 20
255
255
255
255
255
255
255
255
255
255
255
255
255
255
255
255
255
255
255
255
 30
 58
  6
  0
  1
 14
 16
 16
 25
 20
  2
255
255
255
255
255
255
255
255
255
255
255
255
255
255
255
255
255
255
255
255
255
255
255
255
255
255
255
255
255
255
255
255
  5
  1
  5
 31
 27
 24
255
255
255
255
255
255
255
255
255
  0
255
255
255
255
255
255
255
 12
 23
 21
255
255
255
255
255
255
255
255
255
255
255
255
  0
255
255
255
255
255
255
255
255
  3
 18
  0
255
255
 40
 48
 65
 49
 20
255
255
255
255
255
 30
  7
255
255
255
255
255
255
255
255
255
255
255
255
255
255
255
255
255
255
255
255
255
255
255
255
255
255
 22
  1
  0
 11
 28
255
255
255
255
255
255
255
255
255
255
255
  0
255
255
255
255
255
255
255
255
255
255
255
255
255
255
255
255
255
255
255
255
255
255
255
255
255
255
255
255
255
255
255
255
255
255
255
255
255
 51
 20
 17
255
255
255
255
  6
 25
 32
  0
255
255
255
255
255
255
255
255
255
255
255
255
255
255
255
255
255
255
255
255
255
255
255
255
255
  1
  1
  0
  3
255
255
255
255
255
255
255
255
255
255
255
255
255
255
255
255
255
255
255
255
255
255
255
255
255
255
255
255
255
255
255
255
255
255
255
255
255
255
255
255
255
255
255
255
255
255
255
255
255
255
255
  4
  9
255
255
255
  5
 19
 20
255
255
255
255
255
255
255
255
255
255
255
255
255
255
255
255
255
255
255
255
255
255
255
255
255
255
255
  1
  0
  0
255
255
255
255
255
255
255
255
255
255
255
255
255
255
255
255
255
255
255
255
255
255
255
255
255
  0
255
255
  0
  0
255
255
255
  0
255
255
255
255
255
255
255
255
255
255
255
255
255
255
255
255
255
255
255
255
255
255
255
  5
 43
255
255
255
255
255
255
255
255
255
255
255
255
255
255
255
255
255
255
255
255
255
255
255
255
255
255
255
255
  1
  0
  1
  3
  3
255
255
255
255
  0
255
255
255
255
255
255
255
255
255
255
255
255
255
255
255
255
255
255
255
255
255
255
255
255
255
255
255
  0
255
255
255
255
255
255
255
255
255
255
255
255
255
255
255
255
255
255
255
255
255
255
  0
  0
255
255
255
255
255
255
255
255
255
255
255
255
255
255
255
255
255
255
255
255
255
255
255
255
255
255
255
255
  3
  2
  3
  0
255
255
255
255
255
  0
  0
255
255
255
255
255
255
255
255
255
255
255
255
255
255
255
255
255
255
255
255
255
255
255
255
255
255
255
255
255
255
255
255
255
255
255
255
255
255
255
255
255
255
255
255
255
255
255
  0
255
255
255
255
255
255
255
255
255
255
255
255
255
255
255
255
255
255
255
255
255
255
255
255
255
255
255
255
255
255
255
255
255
255
255
255
255
255
255
255
255
255
255
255
255
255
255
255
255
255
255
255
255
255
255
255
255
255
255
255
255
255
255
255
255
255
255
255
255
255
255
255
255
255
255
255
255
255
255
255
255
255
255
255
255
255
255
255
255
255
255
255
255
255
255
255
255
255
255
255
255
255
255
255
255
255
255
255
255
255
255
255
255
255
255
255
255
255
255
255
255
255
255
255
255
255
255
255
255
255
255
255
255
255
255
255
255
255
255
255
255
255
255
255
255
255
255
255
255
255
255
255
255
255
255
255
255
255
255
255
255
255
255
255
255
255
255
255
255
255
255
255
255
255
255
255
255
255
255
255
255
255
255
255
255
255
255
255
255
255
255
255
255
255
255
255
255
255
255
255
255
255
255
255
255
255
255
255
255
255
255
255
255
255
255
255
255
255
255
255
255
255
255
255
255
255
255
255
255
255
255
255
255
255
255
255
255
255
255
255
255
255
255
255
255
255
255
255
255
255
255
255
255
255
255
255
255
255
255
255
255
255
255
255
255
255
255
255
255
255
255
255
255
255
255
255
255
255
255
255
255
255
255
255
255
255
255
255
255
255
255
255
255
255
255
255
255
255
255
255
255
255
255
255
255
255
255
255
255
255
255
255
255
255
255
255
255
255
255
255
255
255
255
255
255
255
255
255
255
255
255
255
255
255
255
255
255
255
255
255
255
255
255
255
255
255
255
255
255
255
255
255
255
255
255
255
255
255
255
255
255
255
255
255
255
255
255
255
255
255
255
255
255
255
255
255
255
255
255
255
255
255
255
255
255
255
255
255
255
255
255
255
255
255
255
255
255
255
255
255
255
255
255
255
255
255
255
255
255
255
255
255
255
255
255
255
255
255
255
255
255
255
255
255
255
255
255
255
255
255
255
255
255
255
255
255
255
255
255
255
255
255
255
255
255
255
255
255
255
255
255
255
255
255
255
255
255
255
255
255
255
255
255
255
255
255
255
255
255
255
255
255
255
255
255
255
255
255
255
255
255
255
255
255
255
255
255
255
255
255
255
255
255
255
255
255
255
255
255
255
255
255
255
255
255
255
255
255
255
255
255
255
255
255
255
255
255
255
255
255
255
255
255
255
255
255
255
255
255
255
255
255
255
255
255
255
255
255
255
255
255
255
255
255
255
255
255
255
255
255
255
255
255
255
255
255
255
255
255
255
255
255
255
255
255
255
255
255
255
255
255
255
255
255
255
255
255
255
255
255
255
255
255
255
255
255
255
255
255
255
255
255
255
255
255
255
255
255
255
255
255
255
255
255
255
255
255
255
255
255
255
255
255
255
255
255
255
255
255
255
255
255
255
255
255
255
255
255
255
255
255
255
255
255
255
255
255
255
255
255
255
255
255
255
255
255
255
255
255
255
255
255
255
255
255
255
255
255
255
255
255
255
255
255
255
255
255
255
255
255
255
255
255
255
255
255
255
255
255
255
255
255
255
255
255
255
255
255
255
255
255
255
255
255
255
255
255
255
255
255
255
255
255
255
255
255
255
255
255
255
255
255
255
255
255
255
255
255
255
255
255
255
255
255
255
