 59.750   -9.750
 59.750   -9.583
 59.750   -9.417
 59.750   -9.250
 59.750   -9.083
 59.750   -8.917
 59.750   -8.750
 59.750   -8.583
 59.750   -8.417
 59.750   -8.250
 59.750   -8.083
 59.750   -7.917
 59.750   -7.750
 59.750   -7.583
 59.750   -7.417
 59.750   -7.250
 59.750   -7.083
 59.750   -6.917
 59.750   -6.750
 59.750   -6.583
 59.750   -6.417
 59.750   -6.250
 59.750   -6.083
 59.750   -5.917
 59.750   -5.750
 59.750   -5.583
 59.750   -5.417
 59.750   -5.250
 59.750   -5.083
 59.750   -4.917
 59.750   -4.750
 59.750   -4.583
 59.750   -4.417
 59.750   -4.250
 59.750   -4.083
 59.750   -3.917
 59.750   -3.750
 59.750   -3.583
 59.750   -3.417
 59.750   -3.250
 59.750   -3.083
 59.750   -2.917
 59.750   -2.750
 59.750   -2.583
 59.750   -2.417
 59.750   -2.250
 59.750   -2.083
 59.750   -1.917
 59.750   -1.750
 59.750   -1.583
 59.750   -1.417
 59.750   -1.250
 59.750   -1.083
 59.750   -0.917
 59.750   -0.750
 59.750   -0.583
 59.750   -0.417
 59.750   -0.250
 59.750   -0.083
 59.750    0.083
 59.750    0.250
 59.750    0.417
 59.750    0.583
 59.750    0.750
 59.750    0.917
 59.750    1.083
 59.750    1.250
 59.750    1.417
 59.750    1.583
 59.750    1.750
 59.750    1.917
 59.750    2.083
 59.583   -9.750
 59.583   -9.583
 59.583   -9.417
 59.583   -9.250
 59.583   -9.083
 59.583   -8.917
 59.583   -8.750
 59.583   -8.583
 59.583   -8.417
 59.583   -8.250
 59.583   -8.083
 59.583   -7.917
 59.583   -7.750
 59.583   -7.583
 59.583   -7.417
 59.583   -7.250
 59.583   -7.083
 59.583   -6.917
 59.583   -6.750
 59.583   -6.583
 59.583   -6.417
 59.583   -6.250
 59.583   -6.083
 59.583   -5.917
 59.583   -5.750
 59.583   -5.583
 59.583   -5.417
 59.583   -5.250
 59.583   -5.083
 59.583   -4.917
 59.583   -4.750
 59.583   -4.583
 59.583   -4.417
 59.583   -4.250
 59.583   -4.083
 59.583   -3.917
 59.583   -3.750
 59.583   -3.583
 59.583   -3.417
 59.583   -3.250
 59.583   -3.083
 59.583   -2.917
 59.583   -2.750
 59.583   -2.583
 59.583   -2.417
 59.583   -2.250
 59.583   -2.083
 59.583   -1.917
 59.583   -1.750
 59.583   -1.583
 59.583   -1.417
 59.583   -1.250
 59.583   -1.083
 59.583   -0.917
 59.583   -0.750
 59.583   -0.583
 59.583   -0.417
 59.583   -0.250
 59.583   -0.083
 59.583    0.083
 59.583    0.250
 59.583    0.417
 59.583    0.583
 59.583    0.750
 59.583    0.917
 59.583    1.083
 59.583    1.250
 59.583    1.417
 59.583    1.583
 59.583    1.750
 59.583    1.917
 59.583    2.083
 59.417   -9.750
 59.417   -9.583
 59.417   -9.417
 59.417   -9.250
 59.417   -9.083
 59.417   -8.917
 59.417   -8.750
 59.417   -8.583
 59.417   -8.417
 59.417   -8.250
 59.417   -8.083
 59.417   -7.917
 59.417   -7.750
 59.417   -7.583
 59.417   -7.417
 59.417   -7.250
 59.417   -7.083
 59.417   -6.917
 59.417   -6.750
 59.417   -6.583
 59.417   -6.417
 59.417   -6.250
 59.417   -6.083
 59.417   -5.917
 59.417   -5.750
 59.417   -5.583
 59.417   -5.417
 59.417   -5.250
 59.417   -5.083
 59.417   -4.917
 59.417   -4.750
 59.417   -4.583
 59.417   -4.417
 59.417   -4.250
 59.417   -4.083
 59.417   -3.917
 59.417   -3.750
 59.417   -3.583
 59.417   -3.417
 59.417   -3.250
 59.417   -3.083
 59.417   -2.917
 59.417   -2.750
 59.417   -2.583
 59.417   -2.417
 59.417   -2.250
 59.417   -2.083
 59.417   -1.917
 59.417   -1.750
 59.417   -1.583
 59.417   -1.417
 59.417   -1.250
 59.417   -1.083
 59.417   -0.917
 59.417   -0.750
 59.417   -0.583
 59.417   -0.417
 59.417   -0.250
 59.417   -0.083
 59.417    0.083
 59.417    0.250
 59.417    0.417
 59.417    0.583
 59.417    0.750
 59.417    0.917
 59.417    1.083
 59.417    1.250
 59.417    1.417
 59.417    1.583
 59.417    1.750
 59.417    1.917
 59.417    2.083
 59.250   -9.750
 59.250   -9.583
 59.250   -9.417
 59.250   -9.250
 59.250   -9.083
 59.250   -8.917
 59.250   -8.750
 59.250   -8.583
 59.250   -8.417
 59.250   -8.250
 59.250   -8.083
 59.250   -7.917
 59.250   -7.750
 59.250   -7.583
 59.250   -7.417
 59.250   -7.250
 59.250   -7.083
 59.250   -6.917
 59.250   -6.750
 59.250   -6.583
 59.250   -6.417
 59.250   -6.250
 59.250   -6.083
 59.250   -5.917
 59.250   -5.750
 59.250   -5.583
 59.250   -5.417
 59.250   -5.250
 59.250   -5.083
 59.250   -4.917
 59.250   -4.750
 59.250   -4.583
 59.250   -4.417
 59.250   -4.250
 59.250   -4.083
 59.250   -3.917
 59.250   -3.750
 59.250   -3.583
 59.250   -3.417
 59.250   -3.250
 59.250   -3.083
 59.250   -2.917
 59.250   -2.750
 59.250   -2.583
 59.250   -2.417
 59.250   -2.250
 59.250   -2.083
 59.250   -1.917
 59.250   -1.750
 59.250   -1.583
 59.250   -1.417
 59.250   -1.250
 59.250   -1.083
 59.250   -0.917
 59.250   -0.750
 59.250   -0.583
 59.250   -0.417
 59.250   -0.250
 59.250   -0.083
 59.250    0.083
 59.250    0.250
 59.250    0.417
 59.250    0.583
 59.250    0.750
 59.250    0.917
 59.250    1.083
 59.250    1.250
 59.250    1.417
 59.250    1.583
 59.250    1.750
 59.250    1.917
 59.250    2.083
 59.083   -9.750
 59.083   -9.583
 59.083   -9.417
 59.083   -9.250
 59.083   -9.083
 59.083   -8.917
 59.083   -8.750
 59.083   -8.583
 59.083   -8.417
 59.083   -8.250
 59.083   -8.083
 59.083   -7.917
 59.083   -7.750
 59.083   -7.583
 59.083   -7.417
 59.083   -7.250
 59.083   -7.083
 59.083   -6.917
 59.083   -6.750
 59.083   -6.583
 59.083   -6.417
 59.083   -6.250
 59.083   -6.083
 59.083   -5.917
 59.083   -5.750
 59.083   -5.583
 59.083   -5.417
 59.083   -5.250
 59.083   -5.083
 59.083   -4.917
 59.083   -4.750
 59.083   -4.583
 59.083   -4.417
 59.083   -4.250
 59.083   -4.083
 59.083   -3.917
 59.083   -3.750
 59.083   -3.583
 59.083   -3.417
 59.083   -3.250
 59.083   -3.083
 59.083   -2.917
 59.083   -2.750
 59.083   -2.583
 59.083   -2.417
 59.083   -2.250
 59.083   -2.083
 59.083   -1.917
 59.083   -1.750
 59.083   -1.583
 59.083   -1.417
 59.083   -1.250
 59.083   -1.083
 59.083   -0.917
 59.083   -0.750
 59.083   -0.583
 59.083   -0.417
 59.083   -0.250
 59.083   -0.083
 59.083    0.083
 59.083    0.250
 59.083    0.417
 59.083    0.583
 59.083    0.750
 59.083    0.917
 59.083    1.083
 59.083    1.250
 59.083    1.417
 59.083    1.583
 59.083    1.750
 59.083    1.917
 59.083    2.083
 58.917   -9.750
 58.917   -9.583
 58.917   -9.417
 58.917   -9.250
 58.917   -9.083
 58.917   -8.917
 58.917   -8.750
 58.917   -8.583
 58.917   -8.417
 58.917   -8.250
 58.917   -8.083
 58.917   -7.917
 58.917   -7.750
 58.917   -7.583
 58.917   -7.417
 58.917   -7.250
 58.917   -7.083
 58.917   -6.917
 58.917   -6.750
 58.917   -6.583
 58.917   -6.417
 58.917   -6.250
 58.917   -6.083
 58.917   -5.917
 58.917   -5.750
 58.917   -5.583
 58.917   -5.417
 58.917   -5.250
 58.917   -5.083
 58.917   -4.917
 58.917   -4.750
 58.917   -4.583
 58.917   -4.417
 58.917   -4.250
 58.917   -4.083
 58.917   -3.917
 58.917   -3.750
 58.917   -3.583
 58.917   -3.417
 58.917   -3.250
 58.917   -3.083
 58.917   -2.917
 58.917   -2.750
 58.917   -2.583
 58.917   -2.417
 58.917   -2.250
 58.917   -2.083
 58.917   -1.917
 58.917   -1.750
 58.917   -1.583
 58.917   -1.417
 58.917   -1.250
 58.917   -1.083
 58.917   -0.917
 58.917   -0.750
 58.917   -0.583
 58.917   -0.417
 58.917   -0.250
 58.917   -0.083
 58.917    0.083
 58.917    0.250
 58.917    0.417
 58.917    0.583
 58.917    0.750
 58.917    0.917
 58.917    1.083
 58.917    1.250
 58.917    1.417
 58.917    1.583
 58.917    1.750
 58.917    1.917
 58.917    2.083
 58.750   -9.750
 58.750   -9.583
 58.750   -9.417
 58.750   -9.250
 58.750   -9.083
 58.750   -8.917
 58.750   -8.750
 58.750   -8.583
 58.750   -8.417
 58.750   -8.250
 58.750   -8.083
 58.750   -7.917
 58.750   -7.750
 58.750   -7.583
 58.750   -7.417
 58.750   -7.250
 58.750   -7.083
 58.750   -6.917
 58.750   -6.750
 58.750   -6.583
 58.750   -6.417
 58.750   -6.250
 58.750   -6.083
 58.750   -5.917
 58.750   -5.750
 58.750   -5.583
 58.750   -5.417
 58.750   -5.250
 58.750   -5.083
 58.750   -4.917
 58.750   -4.750
 58.750   -4.583
 58.750   -4.417
 58.750   -4.250
 58.750   -4.083
 58.750   -3.917
 58.750   -3.750
 58.750   -3.583
 58.750   -3.417
 58.750   -3.250
 58.750   -3.083
 58.750   -2.917
 58.750   -2.750
 58.750   -2.583
 58.750   -2.417
 58.750   -2.250
 58.750   -2.083
 58.750   -1.917
 58.750   -1.750
 58.750   -1.583
 58.750   -1.417
 58.750   -1.250
 58.750   -1.083
 58.750   -0.917
 58.750   -0.750
 58.750   -0.583
 58.750   -0.417
 58.750   -0.250
 58.750   -0.083
 58.750    0.083
 58.750    0.250
 58.750    0.417
 58.750    0.583
 58.750    0.750
 58.750    0.917
 58.750    1.083
 58.750    1.250
 58.750    1.417
 58.750    1.583
 58.750    1.750
 58.750    1.917
 58.750    2.083
 58.583   -9.750
 58.583   -9.583
 58.583   -9.417
 58.583   -9.250
 58.583   -9.083
 58.583   -8.917
 58.583   -8.750
 58.583   -8.583
 58.583   -8.417
 58.583   -8.250
 58.583   -8.083
 58.583   -7.917
 58.583   -7.750
 58.583   -7.583
 58.583   -7.417
 58.583   -7.250
 58.583   -7.083
 58.583   -6.917
 58.583   -6.750
 58.583   -6.583
 58.583   -6.417
 58.583   -6.250
 58.583   -6.083
 58.583   -5.917
 58.583   -5.750
 58.583   -5.583
 58.583   -5.417
 58.583   -5.250
 58.583   -5.083
 58.583   -4.917
 58.583   -4.750
 58.583   -4.583
 58.583   -4.417
 58.583   -4.250
 58.583   -4.083
 58.583   -3.917
 58.583   -3.750
 58.583   -3.583
 58.583   -3.417
 58.583   -3.250
 58.583   -3.083
 58.583   -2.917
 58.583   -2.750
 58.583   -2.583
 58.583   -2.417
 58.583   -2.250
 58.583   -2.083
 58.583   -1.917
 58.583   -1.750
 58.583   -1.583
 58.583   -1.417
 58.583   -1.250
 58.583   -1.083
 58.583   -0.917
 58.583   -0.750
 58.583   -0.583
 58.583   -0.417
 58.583   -0.250
 58.583   -0.083
 58.583    0.083
 58.583    0.250
 58.583    0.417
 58.583    0.583
 58.583    0.750
 58.583    0.917
 58.583    1.083
 58.583    1.250
 58.583    1.417
 58.583    1.583
 58.583    1.750
 58.583    1.917
 58.583    2.083
 58.417   -9.750
 58.417   -9.583
 58.417   -9.417
 58.417   -9.250
 58.417   -9.083
 58.417   -8.917
 58.417   -8.750
 58.417   -8.583
 58.417   -8.417
 58.417   -8.250
 58.417   -8.083
 58.417   -7.917
 58.417   -7.750
 58.417   -7.583
 58.417   -7.417
 58.417   -7.250
 58.417   -7.083
 58.417   -6.917
 58.417   -6.750
 58.417   -6.583
 58.417   -6.417
 58.417   -6.250
 58.417   -6.083
 58.417   -5.917
 58.417   -5.750
 58.417   -5.583
 58.417   -5.417
 58.417   -5.250
 58.417   -5.083
 58.417   -4.917
 58.417   -4.750
 58.417   -4.583
 58.417   -4.417
 58.417   -4.250
 58.417   -4.083
 58.417   -3.917
 58.417   -3.750
 58.417   -3.583
 58.417   -3.417
 58.417   -3.250
 58.417   -3.083
 58.417   -2.917
 58.417   -2.750
 58.417   -2.583
 58.417   -2.417
 58.417   -2.250
 58.417   -2.083
 58.417   -1.917
 58.417   -1.750
 58.417   -1.583
 58.417   -1.417
 58.417   -1.250
 58.417   -1.083
 58.417   -0.917
 58.417   -0.750
 58.417   -0.583
 58.417   -0.417
 58.417   -0.250
 58.417   -0.083
 58.417    0.083
 58.417    0.250
 58.417    0.417
 58.417    0.583
 58.417    0.750
 58.417    0.917
 58.417    1.083
 58.417    1.250
 58.417    1.417
 58.417    1.583
 58.417    1.750
 58.417    1.917
 58.417    2.083
 58.250   -9.750
 58.250   -9.583
 58.250   -9.417
 58.250   -9.250
 58.250   -9.083
 58.250   -8.917
 58.250   -8.750
 58.250   -8.583
 58.250   -8.417
 58.250   -8.250
 58.250   -8.083
 58.250   -7.917
 58.250   -7.750
 58.250   -7.583
 58.250   -7.417
 58.250   -7.250
 58.250   -7.083
 58.250   -6.917
 58.250   -6.750
 58.250   -6.583
 58.250   -6.417
 58.250   -6.250
 58.250   -6.083
 58.250   -5.917
 58.250   -5.750
 58.250   -5.583
 58.250   -5.417
 58.250   -5.250
 58.250   -5.083
 58.250   -4.917
 58.250   -4.750
 58.250   -4.583
 58.250   -4.417
 58.250   -4.250
 58.250   -4.083
 58.250   -3.917
 58.250   -3.750
 58.250   -3.583
 58.250   -3.417
 58.250   -3.250
 58.250   -3.083
 58.250   -2.917
 58.250   -2.750
 58.250   -2.583
 58.250   -2.417
 58.250   -2.250
 58.250   -2.083
 58.250   -1.917
 58.250   -1.750
 58.250   -1.583
 58.250   -1.417
 58.250   -1.250
 58.250   -1.083
 58.250   -0.917
 58.250   -0.750
 58.250   -0.583
 58.250   -0.417
 58.250   -0.250
 58.250   -0.083
 58.250    0.083
 58.250    0.250
 58.250    0.417
 58.250    0.583
 58.250    0.750
 58.250    0.917
 58.250    1.083
 58.250    1.250
 58.250    1.417
 58.250    1.583
 58.250    1.750
 58.250    1.917
 58.250    2.083
 58.083   -9.750
 58.083   -9.583
 58.083   -9.417
 58.083   -9.250
 58.083   -9.083
 58.083   -8.917
 58.083   -8.750
 58.083   -8.583
 58.083   -8.417
 58.083   -8.250
 58.083   -8.083
 58.083   -7.917
 58.083   -7.750
 58.083   -7.583
 58.083   -7.417
 58.083   -7.250
 58.083   -7.083
 58.083   -6.917
 58.083   -6.750
 58.083   -6.583
 58.083   -6.417
 58.083   -6.250
 58.083   -6.083
 58.083   -5.917
 58.083   -5.750
 58.083   -5.583
 58.083   -5.417
 58.083   -5.250
 58.083   -5.083
 58.083   -4.917
 58.083   -4.750
 58.083   -4.583
 58.083   -4.417
 58.083   -4.250
 58.083   -4.083
 58.083   -3.917
 58.083   -3.750
 58.083   -3.583
 58.083   -3.417
 58.083   -3.250
 58.083   -3.083
 58.083   -2.917
 58.083   -2.750
 58.083   -2.583
 58.083   -2.417
 58.083   -2.250
 58.083   -2.083
 58.083   -1.917
 58.083   -1.750
 58.083   -1.583
 58.083   -1.417
 58.083   -1.250
 58.083   -1.083
 58.083   -0.917
 58.083   -0.750
 58.083   -0.583
 58.083   -0.417
 58.083   -0.250
 58.083   -0.083
 58.083    0.083
 58.083    0.250
 58.083    0.417
 58.083    0.583
 58.083    0.750
 58.083    0.917
 58.083    1.083
 58.083    1.250
 58.083    1.417
 58.083    1.583
 58.083    1.750
 58.083    1.917
 58.083    2.083
 57.917   -9.750
 57.917   -9.583
 57.917   -9.417
 57.917   -9.250
 57.917   -9.083
 57.917   -8.917
 57.917   -8.750
 57.917   -8.583
 57.917   -8.417
 57.917   -8.250
 57.917   -8.083
 57.917   -7.917
 57.917   -7.750
 57.917   -7.583
 57.917   -7.417
 57.917   -7.250
 57.917   -7.083
 57.917   -6.917
 57.917   -6.750
 57.917   -6.583
 57.917   -6.417
 57.917   -6.250
 57.917   -6.083
 57.917   -5.917
 57.917   -5.750
 57.917   -5.583
 57.917   -5.417
 57.917   -5.250
 57.917   -5.083
 57.917   -4.917
 57.917   -4.750
 57.917   -4.583
 57.917   -4.417
 57.917   -4.250
 57.917   -4.083
 57.917   -3.917
 57.917   -3.750
 57.917   -3.583
 57.917   -3.417
 57.917   -3.250
 57.917   -3.083
 57.917   -2.917
 57.917   -2.750
 57.917   -2.583
 57.917   -2.417
 57.917   -2.250
 57.917   -2.083
 57.917   -1.917
 57.917   -1.750
 57.917   -1.583
 57.917   -1.417
 57.917   -1.250
 57.917   -1.083
 57.917   -0.917
 57.917   -0.750
 57.917   -0.583
 57.917   -0.417
 57.917   -0.250
 57.917   -0.083
 57.917    0.083
 57.917    0.250
 57.917    0.417
 57.917    0.583
 57.917    0.750
 57.917    0.917
 57.917    1.083
 57.917    1.250
 57.917    1.417
 57.917    1.583
 57.917    1.750
 57.917    1.917
 57.917    2.083
 57.750   -9.750
 57.750   -9.583
 57.750   -9.417
 57.750   -9.250
 57.750   -9.083
 57.750   -8.917
 57.750   -8.750
 57.750   -8.583
 57.750   -8.417
 57.750   -8.250
 57.750   -8.083
 57.750   -7.917
 57.750   -7.750
 57.750   -7.583
 57.750   -7.417
 57.750   -7.250
 57.750   -7.083
 57.750   -6.917
 57.750   -6.750
 57.750   -6.583
 57.750   -6.417
 57.750   -6.250
 57.750   -6.083
 57.750   -5.917
 57.750   -5.750
 57.750   -5.583
 57.750   -5.417
 57.750   -5.250
 57.750   -5.083
 57.750   -4.917
 57.750   -4.750
 57.750   -4.583
 57.750   -4.417
 57.750   -4.250
 57.750   -4.083
 57.750   -3.917
 57.750   -3.750
 57.750   -3.583
 57.750   -3.417
 57.750   -3.250
 57.750   -3.083
 57.750   -2.917
 57.750   -2.750
 57.750   -2.583
 57.750   -2.417
 57.750   -2.250
 57.750   -2.083
 57.750   -1.917
 57.750   -1.750
 57.750   -1.583
 57.750   -1.417
 57.750   -1.250
 57.750   -1.083
 57.750   -0.917
 57.750   -0.750
 57.750   -0.583
 57.750   -0.417
 57.750   -0.250
 57.750   -0.083
 57.750    0.083
 57.750    0.250
 57.750    0.417
 57.750    0.583
 57.750    0.750
 57.750    0.917
 57.750    1.083
 57.750    1.250
 57.750    1.417
 57.750    1.583
 57.750    1.750
 57.750    1.917
 57.750    2.083
 57.583   -9.750
 57.583   -9.583
 57.583   -9.417
 57.583   -9.250
 57.583   -9.083
 57.583   -8.917
 57.583   -8.750
 57.583   -8.583
 57.583   -8.417
 57.583   -8.250
 57.583   -8.083
 57.583   -7.917
 57.583   -7.750
 57.583   -7.583
 57.583   -7.417
 57.583   -7.250
 57.583   -7.083
 57.583   -6.917
 57.583   -6.750
 57.583   -6.583
 57.583   -6.417
 57.583   -6.250
 57.583   -6.083
 57.583   -5.917
 57.583   -5.750
 57.583   -5.583
 57.583   -5.417
 57.583   -5.250
 57.583   -5.083
 57.583   -4.917
 57.583   -4.750
 57.583   -4.583
 57.583   -4.417
 57.583   -4.250
 57.583   -4.083
 57.583   -3.917
 57.583   -3.750
 57.583   -3.583
 57.583   -3.417
 57.583   -3.250
 57.583   -3.083
 57.583   -2.917
 57.583   -2.750
 57.583   -2.583
 57.583   -2.417
 57.583   -2.250
 57.583   -2.083
 57.583   -1.917
 57.583   -1.750
 57.583   -1.583
 57.583   -1.417
 57.583   -1.250
 57.583   -1.083
 57.583   -0.917
 57.583   -0.750
 57.583   -0.583
 57.583   -0.417
 57.583   -0.250
 57.583   -0.083
 57.583    0.083
 57.583    0.250
 57.583    0.417
 57.583    0.583
 57.583    0.750
 57.583    0.917
 57.583    1.083
 57.583    1.250
 57.583    1.417
 57.583    1.583
 57.583    1.750
 57.583    1.917
 57.583    2.083
 57.417   -9.750
 57.417   -9.583
 57.417   -9.417
 57.417   -9.250
 57.417   -9.083
 57.417   -8.917
 57.417   -8.750
 57.417   -8.583
 57.417   -8.417
 57.417   -8.250
 57.417   -8.083
 57.417   -7.917
 57.417   -7.750
 57.417   -7.583
 57.417   -7.417
 57.417   -7.250
 57.417   -7.083
 57.417   -6.917
 57.417   -6.750
 57.417   -6.583
 57.417   -6.417
 57.417   -6.250
 57.417   -6.083
 57.417   -5.917
 57.417   -5.750
 57.417   -5.583
 57.417   -5.417
 57.417   -5.250
 57.417   -5.083
 57.417   -4.917
 57.417   -4.750
 57.417   -4.583
 57.417   -4.417
 57.417   -4.250
 57.417   -4.083
 57.417   -3.917
 57.417   -3.750
 57.417   -3.583
 57.417   -3.417
 57.417   -3.250
 57.417   -3.083
 57.417   -2.917
 57.417   -2.750
 57.417   -2.583
 57.417   -2.417
 57.417   -2.250
 57.417   -2.083
 57.417   -1.917
 57.417   -1.750
 57.417   -1.583
 57.417   -1.417
 57.417   -1.250
 57.417   -1.083
 57.417   -0.917
 57.417   -0.750
 57.417   -0.583
 57.417   -0.417
 57.417   -0.250
 57.417   -0.083
 57.417    0.083
 57.417    0.250
 57.417    0.417
 57.417    0.583
 57.417    0.750
 57.417    0.917
 57.417    1.083
 57.417    1.250
 57.417    1.417
 57.417    1.583
 57.417    1.750
 57.417    1.917
 57.417    2.083
 57.250   -9.750
 57.250   -9.583
 57.250   -9.417
 57.250   -9.250
 57.250   -9.083
 57.250   -8.917
 57.250   -8.750
 57.250   -8.583
 57.250   -8.417
 57.250   -8.250
 57.250   -8.083
 57.250   -7.917
 57.250   -7.750
 57.250   -7.583
 57.250   -7.417
 57.250   -7.250
 57.250   -7.083
 57.250   -6.917
 57.250   -6.750
 57.250   -6.583
 57.250   -6.417
 57.250   -6.250
 57.250   -6.083
 57.250   -5.917
 57.250   -5.750
 57.250   -5.583
 57.250   -5.417
 57.250   -5.250
 57.250   -5.083
 57.250   -4.917
 57.250   -4.750
 57.250   -4.583
 57.250   -4.417
 57.250   -4.250
 57.250   -4.083
 57.250   -3.917
 57.250   -3.750
 57.250   -3.583
 57.250   -3.417
 57.250   -3.250
 57.250   -3.083
 57.250   -2.917
 57.250   -2.750
 57.250   -2.583
 57.250   -2.417
 57.250   -2.250
 57.250   -2.083
 57.250   -1.917
 57.250   -1.750
 57.250   -1.583
 57.250   -1.417
 57.250   -1.250
 57.250   -1.083
 57.250   -0.917
 57.250   -0.750
 57.250   -0.583
 57.250   -0.417
 57.250   -0.250
 57.250   -0.083
 57.250    0.083
 57.250    0.250
 57.250    0.417
 57.250    0.583
 57.250    0.750
 57.250    0.917
 57.250    1.083
 57.250    1.250
 57.250    1.417
 57.250    1.583
 57.250    1.750
 57.250    1.917
 57.250    2.083
 57.083   -9.750
 57.083   -9.583
 57.083   -9.417
 57.083   -9.250
 57.083   -9.083
 57.083   -8.917
 57.083   -8.750
 57.083   -8.583
 57.083   -8.417
 57.083   -8.250
 57.083   -8.083
 57.083   -7.917
 57.083   -7.750
 57.083   -7.583
 57.083   -7.417
 57.083   -7.250
 57.083   -7.083
 57.083   -6.917
 57.083   -6.750
 57.083   -6.583
 57.083   -6.417
 57.083   -6.250
 57.083   -6.083
 57.083   -5.917
 57.083   -5.750
 57.083   -5.583
 57.083   -5.417
 57.083   -5.250
 57.083   -5.083
 57.083   -4.917
 57.083   -4.750
 57.083   -4.583
 57.083   -4.417
 57.083   -4.250
 57.083   -4.083
 57.083   -3.917
 57.083   -3.750
 57.083   -3.583
 57.083   -3.417
 57.083   -3.250
 57.083   -3.083
 57.083   -2.917
 57.083   -2.750
 57.083   -2.583
 57.083   -2.417
 57.083   -2.250
 57.083   -2.083
 57.083   -1.917
 57.083   -1.750
 57.083   -1.583
 57.083   -1.417
 57.083   -1.250
 57.083   -1.083
 57.083   -0.917
 57.083   -0.750
 57.083   -0.583
 57.083   -0.417
 57.083   -0.250
 57.083   -0.083
 57.083    0.083
 57.083    0.250
 57.083    0.417
 57.083    0.583
 57.083    0.750
 57.083    0.917
 57.083    1.083
 57.083    1.250
 57.083    1.417
 57.083    1.583
 57.083    1.750
 57.083    1.917
 57.083    2.083
 56.917   -9.750
 56.917   -9.583
 56.917   -9.417
 56.917   -9.250
 56.917   -9.083
 56.917   -8.917
 56.917   -8.750
 56.917   -8.583
 56.917   -8.417
 56.917   -8.250
 56.917   -8.083
 56.917   -7.917
 56.917   -7.750
 56.917   -7.583
 56.917   -7.417
 56.917   -7.250
 56.917   -7.083
 56.917   -6.917
 56.917   -6.750
 56.917   -6.583
 56.917   -6.417
 56.917   -6.250
 56.917   -6.083
 56.917   -5.917
 56.917   -5.750
 56.917   -5.583
 56.917   -5.417
 56.917   -5.250
 56.917   -5.083
 56.917   -4.917
 56.917   -4.750
 56.917   -4.583
 56.917   -4.417
 56.917   -4.250
 56.917   -4.083
 56.917   -3.917
 56.917   -3.750
 56.917   -3.583
 56.917   -3.417
 56.917   -3.250
 56.917   -3.083
 56.917   -2.917
 56.917   -2.750
 56.917   -2.583
 56.917   -2.417
 56.917   -2.250
 56.917   -2.083
 56.917   -1.917
 56.917   -1.750
 56.917   -1.583
 56.917   -1.417
 56.917   -1.250
 56.917   -1.083
 56.917   -0.917
 56.917   -0.750
 56.917   -0.583
 56.917   -0.417
 56.917   -0.250
 56.917   -0.083
 56.917    0.083
 56.917    0.250
 56.917    0.417
 56.917    0.583
 56.917    0.750
 56.917    0.917
 56.917    1.083
 56.917    1.250
 56.917    1.417
 56.917    1.583
 56.917    1.750
 56.917    1.917
 56.917    2.083
 56.750   -9.750
 56.750   -9.583
 56.750   -9.417
 56.750   -9.250
 56.750   -9.083
 56.750   -8.917
 56.750   -8.750
 56.750   -8.583
 56.750   -8.417
 56.750   -8.250
 56.750   -8.083
 56.750   -7.917
 56.750   -7.750
 56.750   -7.583
 56.750   -7.417
 56.750   -7.250
 56.750   -7.083
 56.750   -6.917
 56.750   -6.750
 56.750   -6.583
 56.750   -6.417
 56.750   -6.250
 56.750   -6.083
 56.750   -5.917
 56.750   -5.750
 56.750   -5.583
 56.750   -5.417
 56.750   -5.250
 56.750   -5.083
 56.750   -4.917
 56.750   -4.750
 56.750   -4.583
 56.750   -4.417
 56.750   -4.250
 56.750   -4.083
 56.750   -3.917
 56.750   -3.750
 56.750   -3.583
 56.750   -3.417
 56.750   -3.250
 56.750   -3.083
 56.750   -2.917
 56.750   -2.750
 56.750   -2.583
 56.750   -2.417
 56.750   -2.250
 56.750   -2.083
 56.750   -1.917
 56.750   -1.750
 56.750   -1.583
 56.750   -1.417
 56.750   -1.250
 56.750   -1.083
 56.750   -0.917
 56.750   -0.750
 56.750   -0.583
 56.750   -0.417
 56.750   -0.250
 56.750   -0.083
 56.750    0.083
 56.750    0.250
 56.750    0.417
 56.750    0.583
 56.750    0.750
 56.750    0.917
 56.750    1.083
 56.750    1.250
 56.750    1.417
 56.750    1.583
 56.750    1.750
 56.750    1.917
 56.750    2.083
 56.583   -9.750
 56.583   -9.583
 56.583   -9.417
 56.583   -9.250
 56.583   -9.083
 56.583   -8.917
 56.583   -8.750
 56.583   -8.583
 56.583   -8.417
 56.583   -8.250
 56.583   -8.083
 56.583   -7.917
 56.583   -7.750
 56.583   -7.583
 56.583   -7.417
 56.583   -7.250
 56.583   -7.083
 56.583   -6.917
 56.583   -6.750
 56.583   -6.583
 56.583   -6.417
 56.583   -6.250
 56.583   -6.083
 56.583   -5.917
 56.583   -5.750
 56.583   -5.583
 56.583   -5.417
 56.583   -5.250
 56.583   -5.083
 56.583   -4.917
 56.583   -4.750
 56.583   -4.583
 56.583   -4.417
 56.583   -4.250
 56.583   -4.083
 56.583   -3.917
 56.583   -3.750
 56.583   -3.583
 56.583   -3.417
 56.583   -3.250
 56.583   -3.083
 56.583   -2.917
 56.583   -2.750
 56.583   -2.583
 56.583   -2.417
 56.583   -2.250
 56.583   -2.083
 56.583   -1.917
 56.583   -1.750
 56.583   -1.583
 56.583   -1.417
 56.583   -1.250
 56.583   -1.083
 56.583   -0.917
 56.583   -0.750
 56.583   -0.583
 56.583   -0.417
 56.583   -0.250
 56.583   -0.083
 56.583    0.083
 56.583    0.250
 56.583    0.417
 56.583    0.583
 56.583    0.750
 56.583    0.917
 56.583    1.083
 56.583    1.250
 56.583    1.417
 56.583    1.583
 56.583    1.750
 56.583    1.917
 56.583    2.083
 56.417   -9.750
 56.417   -9.583
 56.417   -9.417
 56.417   -9.250
 56.417   -9.083
 56.417   -8.917
 56.417   -8.750
 56.417   -8.583
 56.417   -8.417
 56.417   -8.250
 56.417   -8.083
 56.417   -7.917
 56.417   -7.750
 56.417   -7.583
 56.417   -7.417
 56.417   -7.250
 56.417   -7.083
 56.417   -6.917
 56.417   -6.750
 56.417   -6.583
 56.417   -6.417
 56.417   -6.250
 56.417   -6.083
 56.417   -5.917
 56.417   -5.750
 56.417   -5.583
 56.417   -5.417
 56.417   -5.250
 56.417   -5.083
 56.417   -4.917
 56.417   -4.750
 56.417   -4.583
 56.417   -4.417
 56.417   -4.250
 56.417   -4.083
 56.417   -3.917
 56.417   -3.750
 56.417   -3.583
 56.417   -3.417
 56.417   -3.250
 56.417   -3.083
 56.417   -2.917
 56.417   -2.750
 56.417   -2.583
 56.417   -2.417
 56.417   -2.250
 56.417   -2.083
 56.417   -1.917
 56.417   -1.750
 56.417   -1.583
 56.417   -1.417
 56.417   -1.250
 56.417   -1.083
 56.417   -0.917
 56.417   -0.750
 56.417   -0.583
 56.417   -0.417
 56.417   -0.250
 56.417   -0.083
 56.417    0.083
 56.417    0.250
 56.417    0.417
 56.417    0.583
 56.417    0.750
 56.417    0.917
 56.417    1.083
 56.417    1.250
 56.417    1.417
 56.417    1.583
 56.417    1.750
 56.417    1.917
 56.417    2.083
 56.250   -9.750
 56.250   -9.583
 56.250   -9.417
 56.250   -9.250
 56.250   -9.083
 56.250   -8.917
 56.250   -8.750
 56.250   -8.583
 56.250   -8.417
 56.250   -8.250
 56.250   -8.083
 56.250   -7.917
 56.250   -7.750
 56.250   -7.583
 56.250   -7.417
 56.250   -7.250
 56.250   -7.083
 56.250   -6.917
 56.250   -6.750
 56.250   -6.583
 56.250   -6.417
 56.250   -6.250
 56.250   -6.083
 56.250   -5.917
 56.250   -5.750
 56.250   -5.583
 56.250   -5.417
 56.250   -5.250
 56.250   -5.083
 56.250   -4.917
 56.250   -4.750
 56.250   -4.583
 56.250   -4.417
 56.250   -4.250
 56.250   -4.083
 56.250   -3.917
 56.250   -3.750
 56.250   -3.583
 56.250   -3.417
 56.250   -3.250
 56.250   -3.083
 56.250   -2.917
 56.250   -2.750
 56.250   -2.583
 56.250   -2.417
 56.250   -2.250
 56.250   -2.083
 56.250   -1.917
 56.250   -1.750
 56.250   -1.583
 56.250   -1.417
 56.250   -1.250
 56.250   -1.083
 56.250   -0.917
 56.250   -0.750
 56.250   -0.583
 56.250   -0.417
 56.250   -0.250
 56.250   -0.083
 56.250    0.083
 56.250    0.250
 56.250    0.417
 56.250    0.583
 56.250    0.750
 56.250    0.917
 56.250    1.083
 56.250    1.250
 56.250    1.417
 56.250    1.583
 56.250    1.750
 56.250    1.917
 56.250    2.083
 56.083   -9.750
 56.083   -9.583
 56.083   -9.417
 56.083   -9.250
 56.083   -9.083
 56.083   -8.917
 56.083   -8.750
 56.083   -8.583
 56.083   -8.417
 56.083   -8.250
 56.083   -8.083
 56.083   -7.917
 56.083   -7.750
 56.083   -7.583
 56.083   -7.417
 56.083   -7.250
 56.083   -7.083
 56.083   -6.917
 56.083   -6.750
 56.083   -6.583
 56.083   -6.417
 56.083   -6.250
 56.083   -6.083
 56.083   -5.917
 56.083   -5.750
 56.083   -5.583
 56.083   -5.417
 56.083   -5.250
 56.083   -5.083
 56.083   -4.917
 56.083   -4.750
 56.083   -4.583
 56.083   -4.417
 56.083   -4.250
 56.083   -4.083
 56.083   -3.917
 56.083   -3.750
 56.083   -3.583
 56.083   -3.417
 56.083   -3.250
 56.083   -3.083
 56.083   -2.917
 56.083   -2.750
 56.083   -2.583
 56.083   -2.417
 56.083   -2.250
 56.083   -2.083
 56.083   -1.917
 56.083   -1.750
 56.083   -1.583
 56.083   -1.417
 56.083   -1.250
 56.083   -1.083
 56.083   -0.917
 56.083   -0.750
 56.083   -0.583
 56.083   -0.417
 56.083   -0.250
 56.083   -0.083
 56.083    0.083
 56.083    0.250
 56.083    0.417
 56.083    0.583
 56.083    0.750
 56.083    0.917
 56.083    1.083
 56.083    1.250
 56.083    1.417
 56.083    1.583
 56.083    1.750
 56.083    1.917
 56.083    2.083
 55.917   -9.750
 55.917   -9.583
 55.917   -9.417
 55.917   -9.250
 55.917   -9.083
 55.917   -8.917
 55.917   -8.750
 55.917   -8.583
 55.917   -8.417
 55.917   -8.250
 55.917   -8.083
 55.917   -7.917
 55.917   -7.750
 55.917   -7.583
 55.917   -7.417
 55.917   -7.250
 55.917   -7.083
 55.917   -6.917
 55.917   -6.750
 55.917   -6.583
 55.917   -6.417
 55.917   -6.250
 55.917   -6.083
 55.917   -5.917
 55.917   -5.750
 55.917   -5.583
 55.917   -5.417
 55.917   -5.250
 55.917   -5.083
 55.917   -4.917
 55.917   -4.750
 55.917   -4.583
 55.917   -4.417
 55.917   -4.250
 55.917   -4.083
 55.917   -3.917
 55.917   -3.750
 55.917   -3.583
 55.917   -3.417
 55.917   -3.250
 55.917   -3.083
 55.917   -2.917
 55.917   -2.750
 55.917   -2.583
 55.917   -2.417
 55.917   -2.250
 55.917   -2.083
 55.917   -1.917
 55.917   -1.750
 55.917   -1.583
 55.917   -1.417
 55.917   -1.250
 55.917   -1.083
 55.917   -0.917
 55.917   -0.750
 55.917   -0.583
 55.917   -0.417
 55.917   -0.250
 55.917   -0.083
 55.917    0.083
 55.917    0.250
 55.917    0.417
 55.917    0.583
 55.917    0.750
 55.917    0.917
 55.917    1.083
 55.917    1.250
 55.917    1.417
 55.917    1.583
 55.917    1.750
 55.917    1.917
 55.917    2.083
 55.750   -9.750
 55.750   -9.583
 55.750   -9.417
 55.750   -9.250
 55.750   -9.083
 55.750   -8.917
 55.750   -8.750
 55.750   -8.583
 55.750   -8.417
 55.750   -8.250
 55.750   -8.083
 55.750   -7.917
 55.750   -7.750
 55.750   -7.583
 55.750   -7.417
 55.750   -7.250
 55.750   -7.083
 55.750   -6.917
 55.750   -6.750
 55.750   -6.583
 55.750   -6.417
 55.750   -6.250
 55.750   -6.083
 55.750   -5.917
 55.750   -5.750
 55.750   -5.583
 55.750   -5.417
 55.750   -5.250
 55.750   -5.083
 55.750   -4.917
 55.750   -4.750
 55.750   -4.583
 55.750   -4.417
 55.750   -4.250
 55.750   -4.083
 55.750   -3.917
 55.750   -3.750
 55.750   -3.583
 55.750   -3.417
 55.750   -3.250
 55.750   -3.083
 55.750   -2.917
 55.750   -2.750
 55.750   -2.583
 55.750   -2.417
 55.750   -2.250
 55.750   -2.083
 55.750   -1.917
 55.750   -1.750
 55.750   -1.583
 55.750   -1.417
 55.750   -1.250
 55.750   -1.083
 55.750   -0.917
 55.750   -0.750
 55.750   -0.583
 55.750   -0.417
 55.750   -0.250
 55.750   -0.083
 55.750    0.083
 55.750    0.250
 55.750    0.417
 55.750    0.583
 55.750    0.750
 55.750    0.917
 55.750    1.083
 55.750    1.250
 55.750    1.417
 55.750    1.583
 55.750    1.750
 55.750    1.917
 55.750    2.083
 55.583   -9.750
 55.583   -9.583
 55.583   -9.417
 55.583   -9.250
 55.583   -9.083
 55.583   -8.917
 55.583   -8.750
 55.583   -8.583
 55.583   -8.417
 55.583   -8.250
 55.583   -8.083
 55.583   -7.917
 55.583   -7.750
 55.583   -7.583
 55.583   -7.417
 55.583   -7.250
 55.583   -7.083
 55.583   -6.917
 55.583   -6.750
 55.583   -6.583
 55.583   -6.417
 55.583   -6.250
 55.583   -6.083
 55.583   -5.917
 55.583   -5.750
 55.583   -5.583
 55.583   -5.417
 55.583   -5.250
 55.583   -5.083
 55.583   -4.917
 55.583   -4.750
 55.583   -4.583
 55.583   -4.417
 55.583   -4.250
 55.583   -4.083
 55.583   -3.917
 55.583   -3.750
 55.583   -3.583
 55.583   -3.417
 55.583   -3.250
 55.583   -3.083
 55.583   -2.917
 55.583   -2.750
 55.583   -2.583
 55.583   -2.417
 55.583   -2.250
 55.583   -2.083
 55.583   -1.917
 55.583   -1.750
 55.583   -1.583
 55.583   -1.417
 55.583   -1.250
 55.583   -1.083
 55.583   -0.917
 55.583   -0.750
 55.583   -0.583
 55.583   -0.417
 55.583   -0.250
 55.583   -0.083
 55.583    0.083
 55.583    0.250
 55.583    0.417
 55.583    0.583
 55.583    0.750
 55.583    0.917
 55.583    1.083
 55.583    1.250
 55.583    1.417
 55.583    1.583
 55.583    1.750
 55.583    1.917
 55.583    2.083
 55.417   -9.750
 55.417   -9.583
 55.417   -9.417
 55.417   -9.250
 55.417   -9.083
 55.417   -8.917
 55.417   -8.750
 55.417   -8.583
 55.417   -8.417
 55.417   -8.250
 55.417   -8.083
 55.417   -7.917
 55.417   -7.750
 55.417   -7.583
 55.417   -7.417
 55.417   -7.250
 55.417   -7.083
 55.417   -6.917
 55.417   -6.750
 55.417   -6.583
 55.417   -6.417
 55.417   -6.250
 55.417   -6.083
 55.417   -5.917
 55.417   -5.750
 55.417   -5.583
 55.417   -5.417
 55.417   -5.250
 55.417   -5.083
 55.417   -4.917
 55.417   -4.750
 55.417   -4.583
 55.417   -4.417
 55.417   -4.250
 55.417   -4.083
 55.417   -3.917
 55.417   -3.750
 55.417   -3.583
 55.417   -3.417
 55.417   -3.250
 55.417   -3.083
 55.417   -2.917
 55.417   -2.750
 55.417   -2.583
 55.417   -2.417
 55.417   -2.250
 55.417   -2.083
 55.417   -1.917
 55.417   -1.750
 55.417   -1.583
 55.417   -1.417
 55.417   -1.250
 55.417   -1.083
 55.417   -0.917
 55.417   -0.750
 55.417   -0.583
 55.417   -0.417
 55.417   -0.250
 55.417   -0.083
 55.417    0.083
 55.417    0.250
 55.417    0.417
 55.417    0.583
 55.417    0.750
 55.417    0.917
 55.417    1.083
 55.417    1.250
 55.417    1.417
 55.417    1.583
 55.417    1.750
 55.417    1.917
 55.417    2.083
 55.250   -9.750
 55.250   -9.583
 55.250   -9.417
 55.250   -9.250
 55.250   -9.083
 55.250   -8.917
 55.250   -8.750
 55.250   -8.583
 55.250   -8.417
 55.250   -8.250
 55.250   -8.083
 55.250   -7.917
 55.250   -7.750
 55.250   -7.583
 55.250   -7.417
 55.250   -7.250
 55.250   -7.083
 55.250   -6.917
 55.250   -6.750
 55.250   -6.583
 55.250   -6.417
 55.250   -6.250
 55.250   -6.083
 55.250   -5.917
 55.250   -5.750
 55.250   -5.583
 55.250   -5.417
 55.250   -5.250
 55.250   -5.083
 55.250   -4.917
 55.250   -4.750
 55.250   -4.583
 55.250   -4.417
 55.250   -4.250
 55.250   -4.083
 55.250   -3.917
 55.250   -3.750
 55.250   -3.583
 55.250   -3.417
 55.250   -3.250
 55.250   -3.083
 55.250   -2.917
 55.250   -2.750
 55.250   -2.583
 55.250   -2.417
 55.250   -2.250
 55.250   -2.083
 55.250   -1.917
 55.250   -1.750
 55.250   -1.583
 55.250   -1.417
 55.250   -1.250
 55.250   -1.083
 55.250   -0.917
 55.250   -0.750
 55.250   -0.583
 55.250   -0.417
 55.250   -0.250
 55.250   -0.083
 55.250    0.083
 55.250    0.250
 55.250    0.417
 55.250    0.583
 55.250    0.750
 55.250    0.917
 55.250    1.083
 55.250    1.250
 55.250    1.417
 55.250    1.583
 55.250    1.750
 55.250    1.917
 55.250    2.083
 55.083   -9.750
 55.083   -9.583
 55.083   -9.417
 55.083   -9.250
 55.083   -9.083
 55.083   -8.917
 55.083   -8.750
 55.083   -8.583
 55.083   -8.417
 55.083   -8.250
 55.083   -8.083
 55.083   -7.917
 55.083   -7.750
 55.083   -7.583
 55.083   -7.417
 55.083   -7.250
 55.083   -7.083
 55.083   -6.917
 55.083   -6.750
 55.083   -6.583
 55.083   -6.417
 55.083   -6.250
 55.083   -6.083
 55.083   -5.917
 55.083   -5.750
 55.083   -5.583
 55.083   -5.417
 55.083   -5.250
 55.083   -5.083
 55.083   -4.917
 55.083   -4.750
 55.083   -4.583
 55.083   -4.417
 55.083   -4.250
 55.083   -4.083
 55.083   -3.917
 55.083   -3.750
 55.083   -3.583
 55.083   -3.417
 55.083   -3.250
 55.083   -3.083
 55.083   -2.917
 55.083   -2.750
 55.083   -2.583
 55.083   -2.417
 55.083   -2.250
 55.083   -2.083
 55.083   -1.917
 55.083   -1.750
 55.083   -1.583
 55.083   -1.417
 55.083   -1.250
 55.083   -1.083
 55.083   -0.917
 55.083   -0.750
 55.083   -0.583
 55.083   -0.417
 55.083   -0.250
 55.083   -0.083
 55.083    0.083
 55.083    0.250
 55.083    0.417
 55.083    0.583
 55.083    0.750
 55.083    0.917
 55.083    1.083
 55.083    1.250
 55.083    1.417
 55.083    1.583
 55.083    1.750
 55.083    1.917
 55.083    2.083
 54.917   -9.750
 54.917   -9.583
 54.917   -9.417
 54.917   -9.250
 54.917   -9.083
 54.917   -8.917
 54.917   -8.750
 54.917   -8.583
 54.917   -8.417
 54.917   -8.250
 54.917   -8.083
 54.917   -7.917
 54.917   -7.750
 54.917   -7.583
 54.917   -7.417
 54.917   -7.250
 54.917   -7.083
 54.917   -6.917
 54.917   -6.750
 54.917   -6.583
 54.917   -6.417
 54.917   -6.250
 54.917   -6.083
 54.917   -5.917
 54.917   -5.750
 54.917   -5.583
 54.917   -5.417
 54.917   -5.250
 54.917   -5.083
 54.917   -4.917
 54.917   -4.750
 54.917   -4.583
 54.917   -4.417
 54.917   -4.250
 54.917   -4.083
 54.917   -3.917
 54.917   -3.750
 54.917   -3.583
 54.917   -3.417
 54.917   -3.250
 54.917   -3.083
 54.917   -2.917
 54.917   -2.750
 54.917   -2.583
 54.917   -2.417
 54.917   -2.250
 54.917   -2.083
 54.917   -1.917
 54.917   -1.750
 54.917   -1.583
 54.917   -1.417
 54.917   -1.250
 54.917   -1.083
 54.917   -0.917
 54.917   -0.750
 54.917   -0.583
 54.917   -0.417
 54.917   -0.250
 54.917   -0.083
 54.917    0.083
 54.917    0.250
 54.917    0.417
 54.917    0.583
 54.917    0.750
 54.917    0.917
 54.917    1.083
 54.917    1.250
 54.917    1.417
 54.917    1.583
 54.917    1.750
 54.917    1.917
 54.917    2.083
 54.750   -9.750
 54.750   -9.583
 54.750   -9.417
 54.750   -9.250
 54.750   -9.083
 54.750   -8.917
 54.750   -8.750
 54.750   -8.583
 54.750   -8.417
 54.750   -8.250
 54.750   -8.083
 54.750   -7.917
 54.750   -7.750
 54.750   -7.583
 54.750   -7.417
 54.750   -7.250
 54.750   -7.083
 54.750   -6.917
 54.750   -6.750
 54.750   -6.583
 54.750   -6.417
 54.750   -6.250
 54.750   -6.083
 54.750   -5.917
 54.750   -5.750
 54.750   -5.583
 54.750   -5.417
 54.750   -5.250
 54.750   -5.083
 54.750   -4.917
 54.750   -4.750
 54.750   -4.583
 54.750   -4.417
 54.750   -4.250
 54.750   -4.083
 54.750   -3.917
 54.750   -3.750
 54.750   -3.583
 54.750   -3.417
 54.750   -3.250
 54.750   -3.083
 54.750   -2.917
 54.750   -2.750
 54.750   -2.583
 54.750   -2.417
 54.750   -2.250
 54.750   -2.083
 54.750   -1.917
 54.750   -1.750
 54.750   -1.583
 54.750   -1.417
 54.750   -1.250
 54.750   -1.083
 54.750   -0.917
 54.750   -0.750
 54.750   -0.583
 54.750   -0.417
 54.750   -0.250
 54.750   -0.083
 54.750    0.083
 54.750    0.250
 54.750    0.417
 54.750    0.583
 54.750    0.750
 54.750    0.917
 54.750    1.083
 54.750    1.250
 54.750    1.417
 54.750    1.583
 54.750    1.750
 54.750    1.917
 54.750    2.083
 54.583   -9.750
 54.583   -9.583
 54.583   -9.417
 54.583   -9.250
 54.583   -9.083
 54.583   -8.917
 54.583   -8.750
 54.583   -8.583
 54.583   -8.417
 54.583   -8.250
 54.583   -8.083
 54.583   -7.917
 54.583   -7.750
 54.583   -7.583
 54.583   -7.417
 54.583   -7.250
 54.583   -7.083
 54.583   -6.917
 54.583   -6.750
 54.583   -6.583
 54.583   -6.417
 54.583   -6.250
 54.583   -6.083
 54.583   -5.917
 54.583   -5.750
 54.583   -5.583
 54.583   -5.417
 54.583   -5.250
 54.583   -5.083
 54.583   -4.917
 54.583   -4.750
 54.583   -4.583
 54.583   -4.417
 54.583   -4.250
 54.583   -4.083
 54.583   -3.917
 54.583   -3.750
 54.583   -3.583
 54.583   -3.417
 54.583   -3.250
 54.583   -3.083
 54.583   -2.917
 54.583   -2.750
 54.583   -2.583
 54.583   -2.417
 54.583   -2.250
 54.583   -2.083
 54.583   -1.917
 54.583   -1.750
 54.583   -1.583
 54.583   -1.417
 54.583   -1.250
 54.583   -1.083
 54.583   -0.917
 54.583   -0.750
 54.583   -0.583
 54.583   -0.417
 54.583   -0.250
 54.583   -0.083
 54.583    0.083
 54.583    0.250
 54.583    0.417
 54.583    0.583
 54.583    0.750
 54.583    0.917
 54.583    1.083
 54.583    1.250
 54.583    1.417
 54.583    1.583
 54.583    1.750
 54.583    1.917
 54.583    2.083
 54.417   -9.750
 54.417   -9.583
 54.417   -9.417
 54.417   -9.250
 54.417   -9.083
 54.417   -8.917
 54.417   -8.750
 54.417   -8.583
 54.417   -8.417
 54.417   -8.250
 54.417   -8.083
 54.417   -7.917
 54.417   -7.750
 54.417   -7.583
 54.417   -7.417
 54.417   -7.250
 54.417   -7.083
 54.417   -6.917
 54.417   -6.750
 54.417   -6.583
 54.417   -6.417
 54.417   -6.250
 54.417   -6.083
 54.417   -5.917
 54.417   -5.750
 54.417   -5.583
 54.417   -5.417
 54.417   -5.250
 54.417   -5.083
 54.417   -4.917
 54.417   -4.750
 54.417   -4.583
 54.417   -4.417
 54.417   -4.250
 54.417   -4.083
 54.417   -3.917
 54.417   -3.750
 54.417   -3.583
 54.417   -3.417
 54.417   -3.250
 54.417   -3.083
 54.417   -2.917
 54.417   -2.750
 54.417   -2.583
 54.417   -2.417
 54.417   -2.250
 54.417   -2.083
 54.417   -1.917
 54.417   -1.750
 54.417   -1.583
 54.417   -1.417
 54.417   -1.250
 54.417   -1.083
 54.417   -0.917
 54.417   -0.750
 54.417   -0.583
 54.417   -0.417
 54.417   -0.250
 54.417   -0.083
 54.417    0.083
 54.417    0.250
 54.417    0.417
 54.417    0.583
 54.417    0.750
 54.417    0.917
 54.417    1.083
 54.417    1.250
 54.417    1.417
 54.417    1.583
 54.417    1.750
 54.417    1.917
 54.417    2.083
 54.250   -9.750
 54.250   -9.583
 54.250   -9.417
 54.250   -9.250
 54.250   -9.083
 54.250   -8.917
 54.250   -8.750
 54.250   -8.583
 54.250   -8.417
 54.250   -8.250
 54.250   -8.083
 54.250   -7.917
 54.250   -7.750
 54.250   -7.583
 54.250   -7.417
 54.250   -7.250
 54.250   -7.083
 54.250   -6.917
 54.250   -6.750
 54.250   -6.583
 54.250   -6.417
 54.250   -6.250
 54.250   -6.083
 54.250   -5.917
 54.250   -5.750
 54.250   -5.583
 54.250   -5.417
 54.250   -5.250
 54.250   -5.083
 54.250   -4.917
 54.250   -4.750
 54.250   -4.583
 54.250   -4.417
 54.250   -4.250
 54.250   -4.083
 54.250   -3.917
 54.250   -3.750
 54.250   -3.583
 54.250   -3.417
 54.250   -3.250
 54.250   -3.083
 54.250   -2.917
 54.250   -2.750
 54.250   -2.583
 54.250   -2.417
 54.250   -2.250
 54.250   -2.083
 54.250   -1.917
 54.250   -1.750
 54.250   -1.583
 54.250   -1.417
 54.250   -1.250
 54.250   -1.083
 54.250   -0.917
 54.250   -0.750
 54.250   -0.583
 54.250   -0.417
 54.250   -0.250
 54.250   -0.083
 54.250    0.083
 54.250    0.250
 54.250    0.417
 54.250    0.583
 54.250    0.750
 54.250    0.917
 54.250    1.083
 54.250    1.250
 54.250    1.417
 54.250    1.583
 54.250    1.750
 54.250    1.917
 54.250    2.083
 54.083   -9.750
 54.083   -9.583
 54.083   -9.417
 54.083   -9.250
 54.083   -9.083
 54.083   -8.917
 54.083   -8.750
 54.083   -8.583
 54.083   -8.417
 54.083   -8.250
 54.083   -8.083
 54.083   -7.917
 54.083   -7.750
 54.083   -7.583
 54.083   -7.417
 54.083   -7.250
 54.083   -7.083
 54.083   -6.917
 54.083   -6.750
 54.083   -6.583
 54.083   -6.417
 54.083   -6.250
 54.083   -6.083
 54.083   -5.917
 54.083   -5.750
 54.083   -5.583
 54.083   -5.417
 54.083   -5.250
 54.083   -5.083
 54.083   -4.917
 54.083   -4.750
 54.083   -4.583
 54.083   -4.417
 54.083   -4.250
 54.083   -4.083
 54.083   -3.917
 54.083   -3.750
 54.083   -3.583
 54.083   -3.417
 54.083   -3.250
 54.083   -3.083
 54.083   -2.917
 54.083   -2.750
 54.083   -2.583
 54.083   -2.417
 54.083   -2.250
 54.083   -2.083
 54.083   -1.917
 54.083   -1.750
 54.083   -1.583
 54.083   -1.417
 54.083   -1.250
 54.083   -1.083
 54.083   -0.917
 54.083   -0.750
 54.083   -0.583
 54.083   -0.417
 54.083   -0.250
 54.083   -0.083
 54.083    0.083
 54.083    0.250
 54.083    0.417
 54.083    0.583
 54.083    0.750
 54.083    0.917
 54.083    1.083
 54.083    1.250
 54.083    1.417
 54.083    1.583
 54.083    1.750
 54.083    1.917
 54.083    2.083
 53.917   -9.750
 53.917   -9.583
 53.917   -9.417
 53.917   -9.250
 53.917   -9.083
 53.917   -8.917
 53.917   -8.750
 53.917   -8.583
 53.917   -8.417
 53.917   -8.250
 53.917   -8.083
 53.917   -7.917
 53.917   -7.750
 53.917   -7.583
 53.917   -7.417
 53.917   -7.250
 53.917   -7.083
 53.917   -6.917
 53.917   -6.750
 53.917   -6.583
 53.917   -6.417
 53.917   -6.250
 53.917   -6.083
 53.917   -5.917
 53.917   -5.750
 53.917   -5.583
 53.917   -5.417
 53.917   -5.250
 53.917   -5.083
 53.917   -4.917
 53.917   -4.750
 53.917   -4.583
 53.917   -4.417
 53.917   -4.250
 53.917   -4.083
 53.917   -3.917
 53.917   -3.750
 53.917   -3.583
 53.917   -3.417
 53.917   -3.250
 53.917   -3.083
 53.917   -2.917
 53.917   -2.750
 53.917   -2.583
 53.917   -2.417
 53.917   -2.250
 53.917   -2.083
 53.917   -1.917
 53.917   -1.750
 53.917   -1.583
 53.917   -1.417
 53.917   -1.250
 53.917   -1.083
 53.917   -0.917
 53.917   -0.750
 53.917   -0.583
 53.917   -0.417
 53.917   -0.250
 53.917   -0.083
 53.917    0.083
 53.917    0.250
 53.917    0.417
 53.917    0.583
 53.917    0.750
 53.917    0.917
 53.917    1.083
 53.917    1.250
 53.917    1.417
 53.917    1.583
 53.917    1.750
 53.917    1.917
 53.917    2.083
 53.750   -9.750
 53.750   -9.583
 53.750   -9.417
 53.750   -9.250
 53.750   -9.083
 53.750   -8.917
 53.750   -8.750
 53.750   -8.583
 53.750   -8.417
 53.750   -8.250
 53.750   -8.083
 53.750   -7.917
 53.750   -7.750
 53.750   -7.583
 53.750   -7.417
 53.750   -7.250
 53.750   -7.083
 53.750   -6.917
 53.750   -6.750
 53.750   -6.583
 53.750   -6.417
 53.750   -6.250
 53.750   -6.083
 53.750   -5.917
 53.750   -5.750
 53.750   -5.583
 53.750   -5.417
 53.750   -5.250
 53.750   -5.083
 53.750   -4.917
 53.750   -4.750
 53.750   -4.583
 53.750   -4.417
 53.750   -4.250
 53.750   -4.083
 53.750   -3.917
 53.750   -3.750
 53.750   -3.583
 53.750   -3.417
 53.750   -3.250
 53.750   -3.083
 53.750   -2.917
 53.750   -2.750
 53.750   -2.583
 53.750   -2.417
 53.750   -2.250
 53.750   -2.083
 53.750   -1.917
 53.750   -1.750
 53.750   -1.583
 53.750   -1.417
 53.750   -1.250
 53.750   -1.083
 53.750   -0.917
 53.750   -0.750
 53.750   -0.583
 53.750   -0.417
 53.750   -0.250
 53.750   -0.083
 53.750    0.083
 53.750    0.250
 53.750    0.417
 53.750    0.583
 53.750    0.750
 53.750    0.917
 53.750    1.083
 53.750    1.250
 53.750    1.417
 53.750    1.583
 53.750    1.750
 53.750    1.917
 53.750    2.083
 53.583   -9.750
 53.583   -9.583
 53.583   -9.417
 53.583   -9.250
 53.583   -9.083
 53.583   -8.917
 53.583   -8.750
 53.583   -8.583
 53.583   -8.417
 53.583   -8.250
 53.583   -8.083
 53.583   -7.917
 53.583   -7.750
 53.583   -7.583
 53.583   -7.417
 53.583   -7.250
 53.583   -7.083
 53.583   -6.917
 53.583   -6.750
 53.583   -6.583
 53.583   -6.417
 53.583   -6.250
 53.583   -6.083
 53.583   -5.917
 53.583   -5.750
 53.583   -5.583
 53.583   -5.417
 53.583   -5.250
 53.583   -5.083
 53.583   -4.917
 53.583   -4.750
 53.583   -4.583
 53.583   -4.417
 53.583   -4.250
 53.583   -4.083
 53.583   -3.917
 53.583   -3.750
 53.583   -3.583
 53.583   -3.417
 53.583   -3.250
 53.583   -3.083
 53.583   -2.917
 53.583   -2.750
 53.583   -2.583
 53.583   -2.417
 53.583   -2.250
 53.583   -2.083
 53.583   -1.917
 53.583   -1.750
 53.583   -1.583
 53.583   -1.417
 53.583   -1.250
 53.583   -1.083
 53.583   -0.917
 53.583   -0.750
 53.583   -0.583
 53.583   -0.417
 53.583   -0.250
 53.583   -0.083
 53.583    0.083
 53.583    0.250
 53.583    0.417
 53.583    0.583
 53.583    0.750
 53.583    0.917
 53.583    1.083
 53.583    1.250
 53.583    1.417
 53.583    1.583
 53.583    1.750
 53.583    1.917
 53.583    2.083
 53.417   -9.750
 53.417   -9.583
 53.417   -9.417
 53.417   -9.250
 53.417   -9.083
 53.417   -8.917
 53.417   -8.750
 53.417   -8.583
 53.417   -8.417
 53.417   -8.250
 53.417   -8.083
 53.417   -7.917
 53.417   -7.750
 53.417   -7.583
 53.417   -7.417
 53.417   -7.250
 53.417   -7.083
 53.417   -6.917
 53.417   -6.750
 53.417   -6.583
 53.417   -6.417
 53.417   -6.250
 53.417   -6.083
 53.417   -5.917
 53.417   -5.750
 53.417   -5.583
 53.417   -5.417
 53.417   -5.250
 53.417   -5.083
 53.417   -4.917
 53.417   -4.750
 53.417   -4.583
 53.417   -4.417
 53.417   -4.250
 53.417   -4.083
 53.417   -3.917
 53.417   -3.750
 53.417   -3.583
 53.417   -3.417
 53.417   -3.250
 53.417   -3.083
 53.417   -2.917
 53.417   -2.750
 53.417   -2.583
 53.417   -2.417
 53.417   -2.250
 53.417   -2.083
 53.417   -1.917
 53.417   -1.750
 53.417   -1.583
 53.417   -1.417
 53.417   -1.250
 53.417   -1.083
 53.417   -0.917
 53.417   -0.750
 53.417   -0.583
 53.417   -0.417
 53.417   -0.250
 53.417   -0.083
 53.417    0.083
 53.417    0.250
 53.417    0.417
 53.417    0.583
 53.417    0.750
 53.417    0.917
 53.417    1.083
 53.417    1.250
 53.417    1.417
 53.417    1.583
 53.417    1.750
 53.417    1.917
 53.417    2.083
 53.250   -9.750
 53.250   -9.583
 53.250   -9.417
 53.250   -9.250
 53.250   -9.083
 53.250   -8.917
 53.250   -8.750
 53.250   -8.583
 53.250   -8.417
 53.250   -8.250
 53.250   -8.083
 53.250   -7.917
 53.250   -7.750
 53.250   -7.583
 53.250   -7.417
 53.250   -7.250
 53.250   -7.083
 53.250   -6.917
 53.250   -6.750
 53.250   -6.583
 53.250   -6.417
 53.250   -6.250
 53.250   -6.083
 53.250   -5.917
 53.250   -5.750
 53.250   -5.583
 53.250   -5.417
 53.250   -5.250
 53.250   -5.083
 53.250   -4.917
 53.250   -4.750
 53.250   -4.583
 53.250   -4.417
 53.250   -4.250
 53.250   -4.083
 53.250   -3.917
 53.250   -3.750
 53.250   -3.583
 53.250   -3.417
 53.250   -3.250
 53.250   -3.083
 53.250   -2.917
 53.250   -2.750
 53.250   -2.583
 53.250   -2.417
 53.250   -2.250
 53.250   -2.083
 53.250   -1.917
 53.250   -1.750
 53.250   -1.583
 53.250   -1.417
 53.250   -1.250
 53.250   -1.083
 53.250   -0.917
 53.250   -0.750
 53.250   -0.583
 53.250   -0.417
 53.250   -0.250
 53.250   -0.083
 53.250    0.083
 53.250    0.250
 53.250    0.417
 53.250    0.583
 53.250    0.750
 53.250    0.917
 53.250    1.083
 53.250    1.250
 53.250    1.417
 53.250    1.583
 53.250    1.750
 53.250    1.917
 53.250    2.083
 53.083   -9.750
 53.083   -9.583
 53.083   -9.417
 53.083   -9.250
 53.083   -9.083
 53.083   -8.917
 53.083   -8.750
 53.083   -8.583
 53.083   -8.417
 53.083   -8.250
 53.083   -8.083
 53.083   -7.917
 53.083   -7.750
 53.083   -7.583
 53.083   -7.417
 53.083   -7.250
 53.083   -7.083
 53.083   -6.917
 53.083   -6.750
 53.083   -6.583
 53.083   -6.417
 53.083   -6.250
 53.083   -6.083
 53.083   -5.917
 53.083   -5.750
 53.083   -5.583
 53.083   -5.417
 53.083   -5.250
 53.083   -5.083
 53.083   -4.917
 53.083   -4.750
 53.083   -4.583
 53.083   -4.417
 53.083   -4.250
 53.083   -4.083
 53.083   -3.917
 53.083   -3.750
 53.083   -3.583
 53.083   -3.417
 53.083   -3.250
 53.083   -3.083
 53.083   -2.917
 53.083   -2.750
 53.083   -2.583
 53.083   -2.417
 53.083   -2.250
 53.083   -2.083
 53.083   -1.917
 53.083   -1.750
 53.083   -1.583
 53.083   -1.417
 53.083   -1.250
 53.083   -1.083
 53.083   -0.917
 53.083   -0.750
 53.083   -0.583
 53.083   -0.417
 53.083   -0.250
 53.083   -0.083
 53.083    0.083
 53.083    0.250
 53.083    0.417
 53.083    0.583
 53.083    0.750
 53.083    0.917
 53.083    1.083
 53.083    1.250
 53.083    1.417
 53.083    1.583
 53.083    1.750
 53.083    1.917
 53.083    2.083
 52.917   -9.750
 52.917   -9.583
 52.917   -9.417
 52.917   -9.250
 52.917   -9.083
 52.917   -8.917
 52.917   -8.750
 52.917   -8.583
 52.917   -8.417
 52.917   -8.250
 52.917   -8.083
 52.917   -7.917
 52.917   -7.750
 52.917   -7.583
 52.917   -7.417
 52.917   -7.250
 52.917   -7.083
 52.917   -6.917
 52.917   -6.750
 52.917   -6.583
 52.917   -6.417
 52.917   -6.250
 52.917   -6.083
 52.917   -5.917
 52.917   -5.750
 52.917   -5.583
 52.917   -5.417
 52.917   -5.250
 52.917   -5.083
 52.917   -4.917
 52.917   -4.750
 52.917   -4.583
 52.917   -4.417
 52.917   -4.250
 52.917   -4.083
 52.917   -3.917
 52.917   -3.750
 52.917   -3.583
 52.917   -3.417
 52.917   -3.250
 52.917   -3.083
 52.917   -2.917
 52.917   -2.750
 52.917   -2.583
 52.917   -2.417
 52.917   -2.250
 52.917   -2.083
 52.917   -1.917
 52.917   -1.750
 52.917   -1.583
 52.917   -1.417
 52.917   -1.250
 52.917   -1.083
 52.917   -0.917
 52.917   -0.750
 52.917   -0.583
 52.917   -0.417
 52.917   -0.250
 52.917   -0.083
 52.917    0.083
 52.917    0.250
 52.917    0.417
 52.917    0.583
 52.917    0.750
 52.917    0.917
 52.917    1.083
 52.917    1.250
 52.917    1.417
 52.917    1.583
 52.917    1.750
 52.917    1.917
 52.917    2.083
 52.750   -9.750
 52.750   -9.583
 52.750   -9.417
 52.750   -9.250
 52.750   -9.083
 52.750   -8.917
 52.750   -8.750
 52.750   -8.583
 52.750   -8.417
 52.750   -8.250
 52.750   -8.083
 52.750   -7.917
 52.750   -7.750
 52.750   -7.583
 52.750   -7.417
 52.750   -7.250
 52.750   -7.083
 52.750   -6.917
 52.750   -6.750
 52.750   -6.583
 52.750   -6.417
 52.750   -6.250
 52.750   -6.083
 52.750   -5.917
 52.750   -5.750
 52.750   -5.583
 52.750   -5.417
 52.750   -5.250
 52.750   -5.083
 52.750   -4.917
 52.750   -4.750
 52.750   -4.583
 52.750   -4.417
 52.750   -4.250
 52.750   -4.083
 52.750   -3.917
 52.750   -3.750
 52.750   -3.583
 52.750   -3.417
 52.750   -3.250
 52.750   -3.083
 52.750   -2.917
 52.750   -2.750
 52.750   -2.583
 52.750   -2.417
 52.750   -2.250
 52.750   -2.083
 52.750   -1.917
 52.750   -1.750
 52.750   -1.583
 52.750   -1.417
 52.750   -1.250
 52.750   -1.083
 52.750   -0.917
 52.750   -0.750
 52.750   -0.583
 52.750   -0.417
 52.750   -0.250
 52.750   -0.083
 52.750    0.083
 52.750    0.250
 52.750    0.417
 52.750    0.583
 52.750    0.750
 52.750    0.917
 52.750    1.083
 52.750    1.250
 52.750    1.417
 52.750    1.583
 52.750    1.750
 52.750    1.917
 52.750    2.083
 52.583   -9.750
 52.583   -9.583
 52.583   -9.417
 52.583   -9.250
 52.583   -9.083
 52.583   -8.917
 52.583   -8.750
 52.583   -8.583
 52.583   -8.417
 52.583   -8.250
 52.583   -8.083
 52.583   -7.917
 52.583   -7.750
 52.583   -7.583
 52.583   -7.417
 52.583   -7.250
 52.583   -7.083
 52.583   -6.917
 52.583   -6.750
 52.583   -6.583
 52.583   -6.417
 52.583   -6.250
 52.583   -6.083
 52.583   -5.917
 52.583   -5.750
 52.583   -5.583
 52.583   -5.417
 52.583   -5.250
 52.583   -5.083
 52.583   -4.917
 52.583   -4.750
 52.583   -4.583
 52.583   -4.417
 52.583   -4.250
 52.583   -4.083
 52.583   -3.917
 52.583   -3.750
 52.583   -3.583
 52.583   -3.417
 52.583   -3.250
 52.583   -3.083
 52.583   -2.917
 52.583   -2.750
 52.583   -2.583
 52.583   -2.417
 52.583   -2.250
 52.583   -2.083
 52.583   -1.917
 52.583   -1.750
 52.583   -1.583
 52.583   -1.417
 52.583   -1.250
 52.583   -1.083
 52.583   -0.917
 52.583   -0.750
 52.583   -0.583
 52.583   -0.417
 52.583   -0.250
 52.583   -0.083
 52.583    0.083
 52.583    0.250
 52.583    0.417
 52.583    0.583
 52.583    0.750
 52.583    0.917
 52.583    1.083
 52.583    1.250
 52.583    1.417
 52.583    1.583
 52.583    1.750
 52.583    1.917
 52.583    2.083
 52.417   -9.750
 52.417   -9.583
 52.417   -9.417
 52.417   -9.250
 52.417   -9.083
 52.417   -8.917
 52.417   -8.750
 52.417   -8.583
 52.417   -8.417
 52.417   -8.250
 52.417   -8.083
 52.417   -7.917
 52.417   -7.750
 52.417   -7.583
 52.417   -7.417
 52.417   -7.250
 52.417   -7.083
 52.417   -6.917
 52.417   -6.750
 52.417   -6.583
 52.417   -6.417
 52.417   -6.250
 52.417   -6.083
 52.417   -5.917
 52.417   -5.750
 52.417   -5.583
 52.417   -5.417
 52.417   -5.250
 52.417   -5.083
 52.417   -4.917
 52.417   -4.750
 52.417   -4.583
 52.417   -4.417
 52.417   -4.250
 52.417   -4.083
 52.417   -3.917
 52.417   -3.750
 52.417   -3.583
 52.417   -3.417
 52.417   -3.250
 52.417   -3.083
 52.417   -2.917
 52.417   -2.750
 52.417   -2.583
 52.417   -2.417
 52.417   -2.250
 52.417   -2.083
 52.417   -1.917
 52.417   -1.750
 52.417   -1.583
 52.417   -1.417
 52.417   -1.250
 52.417   -1.083
 52.417   -0.917
 52.417   -0.750
 52.417   -0.583
 52.417   -0.417
 52.417   -0.250
 52.417   -0.083
 52.417    0.083
 52.417    0.250
 52.417    0.417
 52.417    0.583
 52.417    0.750
 52.417    0.917
 52.417    1.083
 52.417    1.250
 52.417    1.417
 52.417    1.583
 52.417    1.750
 52.417    1.917
 52.417    2.083
 52.250   -9.750
 52.250   -9.583
 52.250   -9.417
 52.250   -9.250
 52.250   -9.083
 52.250   -8.917
 52.250   -8.750
 52.250   -8.583
 52.250   -8.417
 52.250   -8.250
 52.250   -8.083
 52.250   -7.917
 52.250   -7.750
 52.250   -7.583
 52.250   -7.417
 52.250   -7.250
 52.250   -7.083
 52.250   -6.917
 52.250   -6.750
 52.250   -6.583
 52.250   -6.417
 52.250   -6.250
 52.250   -6.083
 52.250   -5.917
 52.250   -5.750
 52.250   -5.583
 52.250   -5.417
 52.250   -5.250
 52.250   -5.083
 52.250   -4.917
 52.250   -4.750
 52.250   -4.583
 52.250   -4.417
 52.250   -4.250
 52.250   -4.083
 52.250   -3.917
 52.250   -3.750
 52.250   -3.583
 52.250   -3.417
 52.250   -3.250
 52.250   -3.083
 52.250   -2.917
 52.250   -2.750
 52.250   -2.583
 52.250   -2.417
 52.250   -2.250
 52.250   -2.083
 52.250   -1.917
 52.250   -1.750
 52.250   -1.583
 52.250   -1.417
 52.250   -1.250
 52.250   -1.083
 52.250   -0.917
 52.250   -0.750
 52.250   -0.583
 52.250   -0.417
 52.250   -0.250
 52.250   -0.083
 52.250    0.083
 52.250    0.250
 52.250    0.417
 52.250    0.583
 52.250    0.750
 52.250    0.917
 52.250    1.083
 52.250    1.250
 52.250    1.417
 52.250    1.583
 52.250    1.750
 52.250    1.917
 52.250    2.083
 52.083   -9.750
 52.083   -9.583
 52.083   -9.417
 52.083   -9.250
 52.083   -9.083
 52.083   -8.917
 52.083   -8.750
 52.083   -8.583
 52.083   -8.417
 52.083   -8.250
 52.083   -8.083
 52.083   -7.917
 52.083   -7.750
 52.083   -7.583
 52.083   -7.417
 52.083   -7.250
 52.083   -7.083
 52.083   -6.917
 52.083   -6.750
 52.083   -6.583
 52.083   -6.417
 52.083   -6.250
 52.083   -6.083
 52.083   -5.917
 52.083   -5.750
 52.083   -5.583
 52.083   -5.417
 52.083   -5.250
 52.083   -5.083
 52.083   -4.917
 52.083   -4.750
 52.083   -4.583
 52.083   -4.417
 52.083   -4.250
 52.083   -4.083
 52.083   -3.917
 52.083   -3.750
 52.083   -3.583
 52.083   -3.417
 52.083   -3.250
 52.083   -3.083
 52.083   -2.917
 52.083   -2.750
 52.083   -2.583
 52.083   -2.417
 52.083   -2.250
 52.083   -2.083
 52.083   -1.917
 52.083   -1.750
 52.083   -1.583
 52.083   -1.417
 52.083   -1.250
 52.083   -1.083
 52.083   -0.917
 52.083   -0.750
 52.083   -0.583
 52.083   -0.417
 52.083   -0.250
 52.083   -0.083
 52.083    0.083
 52.083    0.250
 52.083    0.417
 52.083    0.583
 52.083    0.750
 52.083    0.917
 52.083    1.083
 52.083    1.250
 52.083    1.417
 52.083    1.583
 52.083    1.750
 52.083    1.917
 52.083    2.083
 51.917   -9.750
 51.917   -9.583
 51.917   -9.417
 51.917   -9.250
 51.917   -9.083
 51.917   -8.917
 51.917   -8.750
 51.917   -8.583
 51.917   -8.417
 51.917   -8.250
 51.917   -8.083
 51.917   -7.917
 51.917   -7.750
 51.917   -7.583
 51.917   -7.417
 51.917   -7.250
 51.917   -7.083
 51.917   -6.917
 51.917   -6.750
 51.917   -6.583
 51.917   -6.417
 51.917   -6.250
 51.917   -6.083
 51.917   -5.917
 51.917   -5.750
 51.917   -5.583
 51.917   -5.417
 51.917   -5.250
 51.917   -5.083
 51.917   -4.917
 51.917   -4.750
 51.917   -4.583
 51.917   -4.417
 51.917   -4.250
 51.917   -4.083
 51.917   -3.917
 51.917   -3.750
 51.917   -3.583
 51.917   -3.417
 51.917   -3.250
 51.917   -3.083
 51.917   -2.917
 51.917   -2.750
 51.917   -2.583
 51.917   -2.417
 51.917   -2.250
 51.917   -2.083
 51.917   -1.917
 51.917   -1.750
 51.917   -1.583
 51.917   -1.417
 51.917   -1.250
 51.917   -1.083
 51.917   -0.917
 51.917   -0.750
 51.917   -0.583
 51.917   -0.417
 51.917   -0.250
 51.917   -0.083
 51.917    0.083
 51.917    0.250
 51.917    0.417
 51.917    0.583
 51.917    0.750
 51.917    0.917
 51.917    1.083
 51.917    1.250
 51.917    1.417
 51.917    1.583
 51.917    1.750
 51.917    1.917
 51.917    2.083
 51.750   -9.750
 51.750   -9.583
 51.750   -9.417
 51.750   -9.250
 51.750   -9.083
 51.750   -8.917
 51.750   -8.750
 51.750   -8.583
 51.750   -8.417
 51.750   -8.250
 51.750   -8.083
 51.750   -7.917
 51.750   -7.750
 51.750   -7.583
 51.750   -7.417
 51.750   -7.250
 51.750   -7.083
 51.750   -6.917
 51.750   -6.750
 51.750   -6.583
 51.750   -6.417
 51.750   -6.250
 51.750   -6.083
 51.750   -5.917
 51.750   -5.750
 51.750   -5.583
 51.750   -5.417
 51.750   -5.250
 51.750   -5.083
 51.750   -4.917
 51.750   -4.750
 51.750   -4.583
 51.750   -4.417
 51.750   -4.250
 51.750   -4.083
 51.750   -3.917
 51.750   -3.750
 51.750   -3.583
 51.750   -3.417
 51.750   -3.250
 51.750   -3.083
 51.750   -2.917
 51.750   -2.750
 51.750   -2.583
 51.750   -2.417
 51.750   -2.250
 51.750   -2.083
 51.750   -1.917
 51.750   -1.750
 51.750   -1.583
 51.750   -1.417
 51.750   -1.250
 51.750   -1.083
 51.750   -0.917
 51.750   -0.750
 51.750   -0.583
 51.750   -0.417
 51.750   -0.250
 51.750   -0.083
 51.750    0.083
 51.750    0.250
 51.750    0.417
 51.750    0.583
 51.750    0.750
 51.750    0.917
 51.750    1.083
 51.750    1.250
 51.750    1.417
 51.750    1.583
 51.750    1.750
 51.750    1.917
 51.750    2.083
 51.583   -9.750
 51.583   -9.583
 51.583   -9.417
 51.583   -9.250
 51.583   -9.083
 51.583   -8.917
 51.583   -8.750
 51.583   -8.583
 51.583   -8.417
 51.583   -8.250
 51.583   -8.083
 51.583   -7.917
 51.583   -7.750
 51.583   -7.583
 51.583   -7.417
 51.583   -7.250
 51.583   -7.083
 51.583   -6.917
 51.583   -6.750
 51.583   -6.583
 51.583   -6.417
 51.583   -6.250
 51.583   -6.083
 51.583   -5.917
 51.583   -5.750
 51.583   -5.583
 51.583   -5.417
 51.583   -5.250
 51.583   -5.083
 51.583   -4.917
 51.583   -4.750
 51.583   -4.583
 51.583   -4.417
 51.583   -4.250
 51.583   -4.083
 51.583   -3.917
 51.583   -3.750
 51.583   -3.583
 51.583   -3.417
 51.583   -3.250
 51.583   -3.083
 51.583   -2.917
 51.583   -2.750
 51.583   -2.583
 51.583   -2.417
 51.583   -2.250
 51.583   -2.083
 51.583   -1.917
 51.583   -1.750
 51.583   -1.583
 51.583   -1.417
 51.583   -1.250
 51.583   -1.083
 51.583   -0.917
 51.583   -0.750
 51.583   -0.583
 51.583   -0.417
 51.583   -0.250
 51.583   -0.083
 51.583    0.083
 51.583    0.250
 51.583    0.417
 51.583    0.583
 51.583    0.750
 51.583    0.917
 51.583    1.083
 51.583    1.250
 51.583    1.417
 51.583    1.583
 51.583    1.750
 51.583    1.917
 51.583    2.083
 51.417   -9.750
 51.417   -9.583
 51.417   -9.417
 51.417   -9.250
 51.417   -9.083
 51.417   -8.917
 51.417   -8.750
 51.417   -8.583
 51.417   -8.417
 51.417   -8.250
 51.417   -8.083
 51.417   -7.917
 51.417   -7.750
 51.417   -7.583
 51.417   -7.417
 51.417   -7.250
 51.417   -7.083
 51.417   -6.917
 51.417   -6.750
 51.417   -6.583
 51.417   -6.417
 51.417   -6.250
 51.417   -6.083
 51.417   -5.917
 51.417   -5.750
 51.417   -5.583
 51.417   -5.417
 51.417   -5.250
 51.417   -5.083
 51.417   -4.917
 51.417   -4.750
 51.417   -4.583
 51.417   -4.417
 51.417   -4.250
 51.417   -4.083
 51.417   -3.917
 51.417   -3.750
 51.417   -3.583
 51.417   -3.417
 51.417   -3.250
 51.417   -3.083
 51.417   -2.917
 51.417   -2.750
 51.417   -2.583
 51.417   -2.417
 51.417   -2.250
 51.417   -2.083
 51.417   -1.917
 51.417   -1.750
 51.417   -1.583
 51.417   -1.417
 51.417   -1.250
 51.417   -1.083
 51.417   -0.917
 51.417   -0.750
 51.417   -0.583
 51.417   -0.417
 51.417   -0.250
 51.417   -0.083
 51.417    0.083
 51.417    0.250
 51.417    0.417
 51.417    0.583
 51.417    0.750
 51.417    0.917
 51.417    1.083
 51.417    1.250
 51.417    1.417
 51.417    1.583
 51.417    1.750
 51.417    1.917
 51.417    2.083
 51.250   -9.750
 51.250   -9.583
 51.250   -9.417
 51.250   -9.250
 51.250   -9.083
 51.250   -8.917
 51.250   -8.750
 51.250   -8.583
 51.250   -8.417
 51.250   -8.250
 51.250   -8.083
 51.250   -7.917
 51.250   -7.750
 51.250   -7.583
 51.250   -7.417
 51.250   -7.250
 51.250   -7.083
 51.250   -6.917
 51.250   -6.750
 51.250   -6.583
 51.250   -6.417
 51.250   -6.250
 51.250   -6.083
 51.250   -5.917
 51.250   -5.750
 51.250   -5.583
 51.250   -5.417
 51.250   -5.250
 51.250   -5.083
 51.250   -4.917
 51.250   -4.750
 51.250   -4.583
 51.250   -4.417
 51.250   -4.250
 51.250   -4.083
 51.250   -3.917
 51.250   -3.750
 51.250   -3.583
 51.250   -3.417
 51.250   -3.250
 51.250   -3.083
 51.250   -2.917
 51.250   -2.750
 51.250   -2.583
 51.250   -2.417
 51.250   -2.250
 51.250   -2.083
 51.250   -1.917
 51.250   -1.750
 51.250   -1.583
 51.250   -1.417
 51.250   -1.250
 51.250   -1.083
 51.250   -0.917
 51.250   -0.750
 51.250   -0.583
 51.250   -0.417
 51.250   -0.250
 51.250   -0.083
 51.250    0.083
 51.250    0.250
 51.250    0.417
 51.250    0.583
 51.250    0.750
 51.250    0.917
 51.250    1.083
 51.250    1.250
 51.250    1.417
 51.250    1.583
 51.250    1.750
 51.250    1.917
 51.250    2.083
 51.083   -9.750
 51.083   -9.583
 51.083   -9.417
 51.083   -9.250
 51.083   -9.083
 51.083   -8.917
 51.083   -8.750
 51.083   -8.583
 51.083   -8.417
 51.083   -8.250
 51.083   -8.083
 51.083   -7.917
 51.083   -7.750
 51.083   -7.583
 51.083   -7.417
 51.083   -7.250
 51.083   -7.083
 51.083   -6.917
 51.083   -6.750
 51.083   -6.583
 51.083   -6.417
 51.083   -6.250
 51.083   -6.083
 51.083   -5.917
 51.083   -5.750
 51.083   -5.583
 51.083   -5.417
 51.083   -5.250
 51.083   -5.083
 51.083   -4.917
 51.083   -4.750
 51.083   -4.583
 51.083   -4.417
 51.083   -4.250
 51.083   -4.083
 51.083   -3.917
 51.083   -3.750
 51.083   -3.583
 51.083   -3.417
 51.083   -3.250
 51.083   -3.083
 51.083   -2.917
 51.083   -2.750
 51.083   -2.583
 51.083   -2.417
 51.083   -2.250
 51.083   -2.083
 51.083   -1.917
 51.083   -1.750
 51.083   -1.583
 51.083   -1.417
 51.083   -1.250
 51.083   -1.083
 51.083   -0.917
 51.083   -0.750
 51.083   -0.583
 51.083   -0.417
 51.083   -0.250
 51.083   -0.083
 51.083    0.083
 51.083    0.250
 51.083    0.417
 51.083    0.583
 51.083    0.750
 51.083    0.917
 51.083    1.083
 51.083    1.250
 51.083    1.417
 51.083    1.583
 51.083    1.750
 51.083    1.917
 51.083    2.083
 50.917   -9.750
 50.917   -9.583
 50.917   -9.417
 50.917   -9.250
 50.917   -9.083
 50.917   -8.917
 50.917   -8.750
 50.917   -8.583
 50.917   -8.417
 50.917   -8.250
 50.917   -8.083
 50.917   -7.917
 50.917   -7.750
 50.917   -7.583
 50.917   -7.417
 50.917   -7.250
 50.917   -7.083
 50.917   -6.917
 50.917   -6.750
 50.917   -6.583
 50.917   -6.417
 50.917   -6.250
 50.917   -6.083
 50.917   -5.917
 50.917   -5.750
 50.917   -5.583
 50.917   -5.417
 50.917   -5.250
 50.917   -5.083
 50.917   -4.917
 50.917   -4.750
 50.917   -4.583
 50.917   -4.417
 50.917   -4.250
 50.917   -4.083
 50.917   -3.917
 50.917   -3.750
 50.917   -3.583
 50.917   -3.417
 50.917   -3.250
 50.917   -3.083
 50.917   -2.917
 50.917   -2.750
 50.917   -2.583
 50.917   -2.417
 50.917   -2.250
 50.917   -2.083
 50.917   -1.917
 50.917   -1.750
 50.917   -1.583
 50.917   -1.417
 50.917   -1.250
 50.917   -1.083
 50.917   -0.917
 50.917   -0.750
 50.917   -0.583
 50.917   -0.417
 50.917   -0.250
 50.917   -0.083
 50.917    0.083
 50.917    0.250
 50.917    0.417
 50.917    0.583
 50.917    0.750
 50.917    0.917
 50.917    1.083
 50.917    1.250
 50.917    1.417
 50.917    1.583
 50.917    1.750
 50.917    1.917
 50.917    2.083
 50.750   -9.750
 50.750   -9.583
 50.750   -9.417
 50.750   -9.250
 50.750   -9.083
 50.750   -8.917
 50.750   -8.750
 50.750   -8.583
 50.750   -8.417
 50.750   -8.250
 50.750   -8.083
 50.750   -7.917
 50.750   -7.750
 50.750   -7.583
 50.750   -7.417
 50.750   -7.250
 50.750   -7.083
 50.750   -6.917
 50.750   -6.750
 50.750   -6.583
 50.750   -6.417
 50.750   -6.250
 50.750   -6.083
 50.750   -5.917
 50.750   -5.750
 50.750   -5.583
 50.750   -5.417
 50.750   -5.250
 50.750   -5.083
 50.750   -4.917
 50.750   -4.750
 50.750   -4.583
 50.750   -4.417
 50.750   -4.250
 50.750   -4.083
 50.750   -3.917
 50.750   -3.750
 50.750   -3.583
 50.750   -3.417
 50.750   -3.250
 50.750   -3.083
 50.750   -2.917
 50.750   -2.750
 50.750   -2.583
 50.750   -2.417
 50.750   -2.250
 50.750   -2.083
 50.750   -1.917
 50.750   -1.750
 50.750   -1.583
 50.750   -1.417
 50.750   -1.250
 50.750   -1.083
 50.750   -0.917
 50.750   -0.750
 50.750   -0.583
 50.750   -0.417
 50.750   -0.250
 50.750   -0.083
 50.750    0.083
 50.750    0.250
 50.750    0.417
 50.750    0.583
 50.750    0.750
 50.750    0.917
 50.750    1.083
 50.750    1.250
 50.750    1.417
 50.750    1.583
 50.750    1.750
 50.750    1.917
 50.750    2.083
 50.583   -9.750
 50.583   -9.583
 50.583   -9.417
 50.583   -9.250
 50.583   -9.083
 50.583   -8.917
 50.583   -8.750
 50.583   -8.583
 50.583   -8.417
 50.583   -8.250
 50.583   -8.083
 50.583   -7.917
 50.583   -7.750
 50.583   -7.583
 50.583   -7.417
 50.583   -7.250
 50.583   -7.083
 50.583   -6.917
 50.583   -6.750
 50.583   -6.583
 50.583   -6.417
 50.583   -6.250
 50.583   -6.083
 50.583   -5.917
 50.583   -5.750
 50.583   -5.583
 50.583   -5.417
 50.583   -5.250
 50.583   -5.083
 50.583   -4.917
 50.583   -4.750
 50.583   -4.583
 50.583   -4.417
 50.583   -4.250
 50.583   -4.083
 50.583   -3.917
 50.583   -3.750
 50.583   -3.583
 50.583   -3.417
 50.583   -3.250
 50.583   -3.083
 50.583   -2.917
 50.583   -2.750
 50.583   -2.583
 50.583   -2.417
 50.583   -2.250
 50.583   -2.083
 50.583   -1.917
 50.583   -1.750
 50.583   -1.583
 50.583   -1.417
 50.583   -1.250
 50.583   -1.083
 50.583   -0.917
 50.583   -0.750
 50.583   -0.583
 50.583   -0.417
 50.583   -0.250
 50.583   -0.083
 50.583    0.083
 50.583    0.250
 50.583    0.417
 50.583    0.583
 50.583    0.750
 50.583    0.917
 50.583    1.083
 50.583    1.250
 50.583    1.417
 50.583    1.583
 50.583    1.750
 50.583    1.917
 50.583    2.083
 50.417   -9.750
 50.417   -9.583
 50.417   -9.417
 50.417   -9.250
 50.417   -9.083
 50.417   -8.917
 50.417   -8.750
 50.417   -8.583
 50.417   -8.417
 50.417   -8.250
 50.417   -8.083
 50.417   -7.917
 50.417   -7.750
 50.417   -7.583
 50.417   -7.417
 50.417   -7.250
 50.417   -7.083
 50.417   -6.917
 50.417   -6.750
 50.417   -6.583
 50.417   -6.417
 50.417   -6.250
 50.417   -6.083
 50.417   -5.917
 50.417   -5.750
 50.417   -5.583
 50.417   -5.417
 50.417   -5.250
 50.417   -5.083
 50.417   -4.917
 50.417   -4.750
 50.417   -4.583
 50.417   -4.417
 50.417   -4.250
 50.417   -4.083
 50.417   -3.917
 50.417   -3.750
 50.417   -3.583
 50.417   -3.417
 50.417   -3.250
 50.417   -3.083
 50.417   -2.917
 50.417   -2.750
 50.417   -2.583
 50.417   -2.417
 50.417   -2.250
 50.417   -2.083
 50.417   -1.917
 50.417   -1.750
 50.417   -1.583
 50.417   -1.417
 50.417   -1.250
 50.417   -1.083
 50.417   -0.917
 50.417   -0.750
 50.417   -0.583
 50.417   -0.417
 50.417   -0.250
 50.417   -0.083
 50.417    0.083
 50.417    0.250
 50.417    0.417
 50.417    0.583
 50.417    0.750
 50.417    0.917
 50.417    1.083
 50.417    1.250
 50.417    1.417
 50.417    1.583
 50.417    1.750
 50.417    1.917
 50.417    2.083
 50.250   -9.750
 50.250   -9.583
 50.250   -9.417
 50.250   -9.250
 50.250   -9.083
 50.250   -8.917
 50.250   -8.750
 50.250   -8.583
 50.250   -8.417
 50.250   -8.250
 50.250   -8.083
 50.250   -7.917
 50.250   -7.750
 50.250   -7.583
 50.250   -7.417
 50.250   -7.250
 50.250   -7.083
 50.250   -6.917
 50.250   -6.750
 50.250   -6.583
 50.250   -6.417
 50.250   -6.250
 50.250   -6.083
 50.250   -5.917
 50.250   -5.750
 50.250   -5.583
 50.250   -5.417
 50.250   -5.250
 50.250   -5.083
 50.250   -4.917
 50.250   -4.750
 50.250   -4.583
 50.250   -4.417
 50.250   -4.250
 50.250   -4.083
 50.250   -3.917
 50.250   -3.750
 50.250   -3.583
 50.250   -3.417
 50.250   -3.250
 50.250   -3.083
 50.250   -2.917
 50.250   -2.750
 50.250   -2.583
 50.250   -2.417
 50.250   -2.250
 50.250   -2.083
 50.250   -1.917
 50.250   -1.750
 50.250   -1.583
 50.250   -1.417
 50.250   -1.250
 50.250   -1.083
 50.250   -0.917
 50.250   -0.750
 50.250   -0.583
 50.250   -0.417
 50.250   -0.250
 50.250   -0.083
 50.250    0.083
 50.250    0.250
 50.250    0.417
 50.250    0.583
 50.250    0.750
 50.250    0.917
 50.250    1.083
 50.250    1.250
 50.250    1.417
 50.250    1.583
 50.250    1.750
 50.250    1.917
 50.250    2.083
 50.083   -9.750
 50.083   -9.583
 50.083   -9.417
 50.083   -9.250
 50.083   -9.083
 50.083   -8.917
 50.083   -8.750
 50.083   -8.583
 50.083   -8.417
 50.083   -8.250
 50.083   -8.083
 50.083   -7.917
 50.083   -7.750
 50.083   -7.583
 50.083   -7.417
 50.083   -7.250
 50.083   -7.083
 50.083   -6.917
 50.083   -6.750
 50.083   -6.583
 50.083   -6.417
 50.083   -6.250
 50.083   -6.083
 50.083   -5.917
 50.083   -5.750
 50.083   -5.583
 50.083   -5.417
 50.083   -5.250
 50.083   -5.083
 50.083   -4.917
 50.083   -4.750
 50.083   -4.583
 50.083   -4.417
 50.083   -4.250
 50.083   -4.083
 50.083   -3.917
 50.083   -3.750
 50.083   -3.583
 50.083   -3.417
 50.083   -3.250
 50.083   -3.083
 50.083   -2.917
 50.083   -2.750
 50.083   -2.583
 50.083   -2.417
 50.083   -2.250
 50.083   -2.083
 50.083   -1.917
 50.083   -1.750
 50.083   -1.583
 50.083   -1.417
 50.083   -1.250
 50.083   -1.083
 50.083   -0.917
 50.083   -0.750
 50.083   -0.583
 50.083   -0.417
 50.083   -0.250
 50.083   -0.083
 50.083    0.083
 50.083    0.250
 50.083    0.417
 50.083    0.583
 50.083    0.750
 50.083    0.917
 50.083    1.083
 50.083    1.250
 50.083    1.417
 50.083    1.583
 50.083    1.750
 50.083    1.917
 50.083    2.083
 49.917   -9.750
 49.917   -9.583
 49.917   -9.417
 49.917   -9.250
 49.917   -9.083
 49.917   -8.917
 49.917   -8.750
 49.917   -8.583
 49.917   -8.417
 49.917   -8.250
 49.917   -8.083
 49.917   -7.917
 49.917   -7.750
 49.917   -7.583
 49.917   -7.417
 49.917   -7.250
 49.917   -7.083
 49.917   -6.917
 49.917   -6.750
 49.917   -6.583
 49.917   -6.417
 49.917   -6.250
 49.917   -6.083
 49.917   -5.917
 49.917   -5.750
 49.917   -5.583
 49.917   -5.417
 49.917   -5.250
 49.917   -5.083
 49.917   -4.917
 49.917   -4.750
 49.917   -4.583
 49.917   -4.417
 49.917   -4.250
 49.917   -4.083
 49.917   -3.917
 49.917   -3.750
 49.917   -3.583
 49.917   -3.417
 49.917   -3.250
 49.917   -3.083
 49.917   -2.917
 49.917   -2.750
 49.917   -2.583
 49.917   -2.417
 49.917   -2.250
 49.917   -2.083
 49.917   -1.917
 49.917   -1.750
 49.917   -1.583
 49.917   -1.417
 49.917   -1.250
 49.917   -1.083
 49.917   -0.917
 49.917   -0.750
 49.917   -0.583
 49.917   -0.417
 49.917   -0.250
 49.917   -0.083
 49.917    0.083
 49.917    0.250
 49.917    0.417
 49.917    0.583
 49.917    0.750
 49.917    0.917
 49.917    1.083
 49.917    1.250
 49.917    1.417
 49.917    1.583
 49.917    1.750
 49.917    1.917
 49.917    2.083
 49.750   -9.750
 49.750   -9.583
 49.750   -9.417
 49.750   -9.250
 49.750   -9.083
 49.750   -8.917
 49.750   -8.750
 49.750   -8.583
 49.750   -8.417
 49.750   -8.250
 49.750   -8.083
 49.750   -7.917
 49.750   -7.750
 49.750   -7.583
 49.750   -7.417
 49.750   -7.250
 49.750   -7.083
 49.750   -6.917
 49.750   -6.750
 49.750   -6.583
 49.750   -6.417
 49.750   -6.250
 49.750   -6.083
 49.750   -5.917
 49.750   -5.750
 49.750   -5.583
 49.750   -5.417
 49.750   -5.250
 49.750   -5.083
 49.750   -4.917
 49.750   -4.750
 49.750   -4.583
 49.750   -4.417
 49.750   -4.250
 49.750   -4.083
 49.750   -3.917
 49.750   -3.750
 49.750   -3.583
 49.750   -3.417
 49.750   -3.250
 49.750   -3.083
 49.750   -2.917
 49.750   -2.750
 49.750   -2.583
 49.750   -2.417
 49.750   -2.250
 49.750   -2.083
 49.750   -1.917
 49.750   -1.750
 49.750   -1.583
 49.750   -1.417
 49.750   -1.250
 49.750   -1.083
 49.750   -0.917
 49.750   -0.750
 49.750   -0.583
 49.750   -0.417
 49.750   -0.250
 49.750   -0.083
 49.750    0.083
 49.750    0.250
 49.750    0.417
 49.750    0.583
 49.750    0.750
 49.750    0.917
 49.750    1.083
 49.750    1.250
 49.750    1.417
 49.750    1.583
 49.750    1.750
 49.750    1.917
 49.750    2.083
 49.583   -9.750
 49.583   -9.583
 49.583   -9.417
 49.583   -9.250
 49.583   -9.083
 49.583   -8.917
 49.583   -8.750
 49.583   -8.583
 49.583   -8.417
 49.583   -8.250
 49.583   -8.083
 49.583   -7.917
 49.583   -7.750
 49.583   -7.583
 49.583   -7.417
 49.583   -7.250
 49.583   -7.083
 49.583   -6.917
 49.583   -6.750
 49.583   -6.583
 49.583   -6.417
 49.583   -6.250
 49.583   -6.083
 49.583   -5.917
 49.583   -5.750
 49.583   -5.583
 49.583   -5.417
 49.583   -5.250
 49.583   -5.083
 49.583   -4.917
 49.583   -4.750
 49.583   -4.583
 49.583   -4.417
 49.583   -4.250
 49.583   -4.083
 49.583   -3.917
 49.583   -3.750
 49.583   -3.583
 49.583   -3.417
 49.583   -3.250
 49.583   -3.083
 49.583   -2.917
 49.583   -2.750
 49.583   -2.583
 49.583   -2.417
 49.583   -2.250
 49.583   -2.083
 49.583   -1.917
 49.583   -1.750
 49.583   -1.583
 49.583   -1.417
 49.583   -1.250
 49.583   -1.083
 49.583   -0.917
 49.583   -0.750
 49.583   -0.583
 49.583   -0.417
 49.583   -0.250
 49.583   -0.083
 49.583    0.083
 49.583    0.250
 49.583    0.417
 49.583    0.583
 49.583    0.750
 49.583    0.917
 49.583    1.083
 49.583    1.250
 49.583    1.417
 49.583    1.583
 49.583    1.750
 49.583    1.917
 49.583    2.083
 49.417   -9.750
 49.417   -9.583
 49.417   -9.417
 49.417   -9.250
 49.417   -9.083
 49.417   -8.917
 49.417   -8.750
 49.417   -8.583
 49.417   -8.417
 49.417   -8.250
 49.417   -8.083
 49.417   -7.917
 49.417   -7.750
 49.417   -7.583
 49.417   -7.417
 49.417   -7.250
 49.417   -7.083
 49.417   -6.917
 49.417   -6.750
 49.417   -6.583
 49.417   -6.417
 49.417   -6.250
 49.417   -6.083
 49.417   -5.917
 49.417   -5.750
 49.417   -5.583
 49.417   -5.417
 49.417   -5.250
 49.417   -5.083
 49.417   -4.917
 49.417   -4.750
 49.417   -4.583
 49.417   -4.417
 49.417   -4.250
 49.417   -4.083
 49.417   -3.917
 49.417   -3.750
 49.417   -3.583
 49.417   -3.417
 49.417   -3.250
 49.417   -3.083
 49.417   -2.917
 49.417   -2.750
 49.417   -2.583
 49.417   -2.417
 49.417   -2.250
 49.417   -2.083
 49.417   -1.917
 49.417   -1.750
 49.417   -1.583
 49.417   -1.417
 49.417   -1.250
 49.417   -1.083
 49.417   -0.917
 49.417   -0.750
 49.417   -0.583
 49.417   -0.417
 49.417   -0.250
 49.417   -0.083
 49.417    0.083
 49.417    0.250
 49.417    0.417
 49.417    0.583
 49.417    0.750
 49.417    0.917
 49.417    1.083
 49.417    1.250
 49.417    1.417
 49.417    1.583
 49.417    1.750
 49.417    1.917
 49.417    2.083
 49.250   -9.750
 49.250   -9.583
 49.250   -9.417
 49.250   -9.250
 49.250   -9.083
 49.250   -8.917
 49.250   -8.750
 49.250   -8.583
 49.250   -8.417
 49.250   -8.250
 49.250   -8.083
 49.250   -7.917
 49.250   -7.750
 49.250   -7.583
 49.250   -7.417
 49.250   -7.250
 49.250   -7.083
 49.250   -6.917
 49.250   -6.750
 49.250   -6.583
 49.250   -6.417
 49.250   -6.250
 49.250   -6.083
 49.250   -5.917
 49.250   -5.750
 49.250   -5.583
 49.250   -5.417
 49.250   -5.250
 49.250   -5.083
 49.250   -4.917
 49.250   -4.750
 49.250   -4.583
 49.250   -4.417
 49.250   -4.250
 49.250   -4.083
 49.250   -3.917
 49.250   -3.750
 49.250   -3.583
 49.250   -3.417
 49.250   -3.250
 49.250   -3.083
 49.250   -2.917
 49.250   -2.750
 49.250   -2.583
 49.250   -2.417
 49.250   -2.250
 49.250   -2.083
 49.250   -1.917
 49.250   -1.750
 49.250   -1.583
 49.250   -1.417
 49.250   -1.250
 49.250   -1.083
 49.250   -0.917
 49.250   -0.750
 49.250   -0.583
 49.250   -0.417
 49.250   -0.250
 49.250   -0.083
 49.250    0.083
 49.250    0.250
 49.250    0.417
 49.250    0.583
 49.250    0.750
 49.250    0.917
 49.250    1.083
 49.250    1.250
 49.250    1.417
 49.250    1.583
 49.250    1.750
 49.250    1.917
 49.250    2.083
 49.083   -9.750
 49.083   -9.583
 49.083   -9.417
 49.083   -9.250
 49.083   -9.083
 49.083   -8.917
 49.083   -8.750
 49.083   -8.583
 49.083   -8.417
 49.083   -8.250
 49.083   -8.083
 49.083   -7.917
 49.083   -7.750
 49.083   -7.583
 49.083   -7.417
 49.083   -7.250
 49.083   -7.083
 49.083   -6.917
 49.083   -6.750
 49.083   -6.583
 49.083   -6.417
 49.083   -6.250
 49.083   -6.083
 49.083   -5.917
 49.083   -5.750
 49.083   -5.583
 49.083   -5.417
 49.083   -5.250
 49.083   -5.083
 49.083   -4.917
 49.083   -4.750
 49.083   -4.583
 49.083   -4.417
 49.083   -4.250
 49.083   -4.083
 49.083   -3.917
 49.083   -3.750
 49.083   -3.583
 49.083   -3.417
 49.083   -3.250
 49.083   -3.083
 49.083   -2.917
 49.083   -2.750
 49.083   -2.583
 49.083   -2.417
 49.083   -2.250
 49.083   -2.083
 49.083   -1.917
 49.083   -1.750
 49.083   -1.583
 49.083   -1.417
 49.083   -1.250
 49.083   -1.083
 49.083   -0.917
 49.083   -0.750
 49.083   -0.583
 49.083   -0.417
 49.083   -0.250
 49.083   -0.083
 49.083    0.083
 49.083    0.250
 49.083    0.417
 49.083    0.583
 49.083    0.750
 49.083    0.917
 49.083    1.083
 49.083    1.250
 49.083    1.417
 49.083    1.583
 49.083    1.750
 49.083    1.917
 49.083    2.083
 48.917   -9.750
 48.917   -9.583
 48.917   -9.417
 48.917   -9.250
 48.917   -9.083
 48.917   -8.917
 48.917   -8.750
 48.917   -8.583
 48.917   -8.417
 48.917   -8.250
 48.917   -8.083
 48.917   -7.917
 48.917   -7.750
 48.917   -7.583
 48.917   -7.417
 48.917   -7.250
 48.917   -7.083
 48.917   -6.917
 48.917   -6.750
 48.917   -6.583
 48.917   -6.417
 48.917   -6.250
 48.917   -6.083
 48.917   -5.917
 48.917   -5.750
 48.917   -5.583
 48.917   -5.417
 48.917   -5.250
 48.917   -5.083
 48.917   -4.917
 48.917   -4.750
 48.917   -4.583
 48.917   -4.417
 48.917   -4.250
 48.917   -4.083
 48.917   -3.917
 48.917   -3.750
 48.917   -3.583
 48.917   -3.417
 48.917   -3.250
 48.917   -3.083
 48.917   -2.917
 48.917   -2.750
 48.917   -2.583
 48.917   -2.417
 48.917   -2.250
 48.917   -2.083
 48.917   -1.917
 48.917   -1.750
 48.917   -1.583
 48.917   -1.417
 48.917   -1.250
 48.917   -1.083
 48.917   -0.917
 48.917   -0.750
 48.917   -0.583
 48.917   -0.417
 48.917   -0.250
 48.917   -0.083
 48.917    0.083
 48.917    0.250
 48.917    0.417
 48.917    0.583
 48.917    0.750
 48.917    0.917
 48.917    1.083
 48.917    1.250
 48.917    1.417
 48.917    1.583
 48.917    1.750
 48.917    1.917
 48.917    2.083
 48.750   -9.750
 48.750   -9.583
 48.750   -9.417
 48.750   -9.250
 48.750   -9.083
 48.750   -8.917
 48.750   -8.750
 48.750   -8.583
 48.750   -8.417
 48.750   -8.250
 48.750   -8.083
 48.750   -7.917
 48.750   -7.750
 48.750   -7.583
 48.750   -7.417
 48.750   -7.250
 48.750   -7.083
 48.750   -6.917
 48.750   -6.750
 48.750   -6.583
 48.750   -6.417
 48.750   -6.250
 48.750   -6.083
 48.750   -5.917
 48.750   -5.750
 48.750   -5.583
 48.750   -5.417
 48.750   -5.250
 48.750   -5.083
 48.750   -4.917
 48.750   -4.750
 48.750   -4.583
 48.750   -4.417
 48.750   -4.250
 48.750   -4.083
 48.750   -3.917
 48.750   -3.750
 48.750   -3.583
 48.750   -3.417
 48.750   -3.250
 48.750   -3.083
 48.750   -2.917
 48.750   -2.750
 48.750   -2.583
 48.750   -2.417
 48.750   -2.250
 48.750   -2.083
 48.750   -1.917
 48.750   -1.750
 48.750   -1.583
 48.750   -1.417
 48.750   -1.250
 48.750   -1.083
 48.750   -0.917
 48.750   -0.750
 48.750   -0.583
 48.750   -0.417
 48.750   -0.250
 48.750   -0.083
 48.750    0.083
 48.750    0.250
 48.750    0.417
 48.750    0.583
 48.750    0.750
 48.750    0.917
 48.750    1.083
 48.750    1.250
 48.750    1.417
 48.750    1.583
 48.750    1.750
 48.750    1.917
 48.750    2.083
 48.583   -9.750
 48.583   -9.583
 48.583   -9.417
 48.583   -9.250
 48.583   -9.083
 48.583   -8.917
 48.583   -8.750
 48.583   -8.583
 48.583   -8.417
 48.583   -8.250
 48.583   -8.083
 48.583   -7.917
 48.583   -7.750
 48.583   -7.583
 48.583   -7.417
 48.583   -7.250
 48.583   -7.083
 48.583   -6.917
 48.583   -6.750
 48.583   -6.583
 48.583   -6.417
 48.583   -6.250
 48.583   -6.083
 48.583   -5.917
 48.583   -5.750
 48.583   -5.583
 48.583   -5.417
 48.583   -5.250
 48.583   -5.083
 48.583   -4.917
 48.583   -4.750
 48.583   -4.583
 48.583   -4.417
 48.583   -4.250
 48.583   -4.083
 48.583   -3.917
 48.583   -3.750
 48.583   -3.583
 48.583   -3.417
 48.583   -3.250
 48.583   -3.083
 48.583   -2.917
 48.583   -2.750
 48.583   -2.583
 48.583   -2.417
 48.583   -2.250
 48.583   -2.083
 48.583   -1.917
 48.583   -1.750
 48.583   -1.583
 48.583   -1.417
 48.583   -1.250
 48.583   -1.083
 48.583   -0.917
 48.583   -0.750
 48.583   -0.583
 48.583   -0.417
 48.583   -0.250
 48.583   -0.083
 48.583    0.083
 48.583    0.250
 48.583    0.417
 48.583    0.583
 48.583    0.750
 48.583    0.917
 48.583    1.083
 48.583    1.250
 48.583    1.417
 48.583    1.583
 48.583    1.750
 48.583    1.917
 48.583    2.083
 48.417   -9.750
 48.417   -9.583
 48.417   -9.417
 48.417   -9.250
 48.417   -9.083
 48.417   -8.917
 48.417   -8.750
 48.417   -8.583
 48.417   -8.417
 48.417   -8.250
 48.417   -8.083
 48.417   -7.917
 48.417   -7.750
 48.417   -7.583
 48.417   -7.417
 48.417   -7.250
 48.417   -7.083
 48.417   -6.917
 48.417   -6.750
 48.417   -6.583
 48.417   -6.417
 48.417   -6.250
 48.417   -6.083
 48.417   -5.917
 48.417   -5.750
 48.417   -5.583
 48.417   -5.417
 48.417   -5.250
 48.417   -5.083
 48.417   -4.917
 48.417   -4.750
 48.417   -4.583
 48.417   -4.417
 48.417   -4.250
 48.417   -4.083
 48.417   -3.917
 48.417   -3.750
 48.417   -3.583
 48.417   -3.417
 48.417   -3.250
 48.417   -3.083
 48.417   -2.917
 48.417   -2.750
 48.417   -2.583
 48.417   -2.417
 48.417   -2.250
 48.417   -2.083
 48.417   -1.917
 48.417   -1.750
 48.417   -1.583
 48.417   -1.417
 48.417   -1.250
 48.417   -1.083
 48.417   -0.917
 48.417   -0.750
 48.417   -0.583
 48.417   -0.417
 48.417   -0.250
 48.417   -0.083
 48.417    0.083
 48.417    0.250
 48.417    0.417
 48.417    0.583
 48.417    0.750
 48.417    0.917
 48.417    1.083
 48.417    1.250
 48.417    1.417
 48.417    1.583
 48.417    1.750
 48.417    1.917
 48.417    2.083
 48.250   -9.750
 48.250   -9.583
 48.250   -9.417
 48.250   -9.250
 48.250   -9.083
 48.250   -8.917
 48.250   -8.750
 48.250   -8.583
 48.250   -8.417
 48.250   -8.250
 48.250   -8.083
 48.250   -7.917
 48.250   -7.750
 48.250   -7.583
 48.250   -7.417
 48.250   -7.250
 48.250   -7.083
 48.250   -6.917
 48.250   -6.750
 48.250   -6.583
 48.250   -6.417
 48.250   -6.250
 48.250   -6.083
 48.250   -5.917
 48.250   -5.750
 48.250   -5.583
 48.250   -5.417
 48.250   -5.250
 48.250   -5.083
 48.250   -4.917
 48.250   -4.750
 48.250   -4.583
 48.250   -4.417
 48.250   -4.250
 48.250   -4.083
 48.250   -3.917
 48.250   -3.750
 48.250   -3.583
 48.250   -3.417
 48.250   -3.250
 48.250   -3.083
 48.250   -2.917
 48.250   -2.750
 48.250   -2.583
 48.250   -2.417
 48.250   -2.250
 48.250   -2.083
 48.250   -1.917
 48.250   -1.750
 48.250   -1.583
 48.250   -1.417
 48.250   -1.250
 48.250   -1.083
 48.250   -0.917
 48.250   -0.750
 48.250   -0.583
 48.250   -0.417
 48.250   -0.250
 48.250   -0.083
 48.250    0.083
 48.250    0.250
 48.250    0.417
 48.250    0.583
 48.250    0.750
 48.250    0.917
 48.250    1.083
 48.250    1.250
 48.250    1.417
 48.250    1.583
 48.250    1.750
 48.250    1.917
 48.250    2.083
 48.083   -9.750
 48.083   -9.583
 48.083   -9.417
 48.083   -9.250
 48.083   -9.083
 48.083   -8.917
 48.083   -8.750
 48.083   -8.583
 48.083   -8.417
 48.083   -8.250
 48.083   -8.083
 48.083   -7.917
 48.083   -7.750
 48.083   -7.583
 48.083   -7.417
 48.083   -7.250
 48.083   -7.083
 48.083   -6.917
 48.083   -6.750
 48.083   -6.583
 48.083   -6.417
 48.083   -6.250
 48.083   -6.083
 48.083   -5.917
 48.083   -5.750
 48.083   -5.583
 48.083   -5.417
 48.083   -5.250
 48.083   -5.083
 48.083   -4.917
 48.083   -4.750
 48.083   -4.583
 48.083   -4.417
 48.083   -4.250
 48.083   -4.083
 48.083   -3.917
 48.083   -3.750
 48.083   -3.583
 48.083   -3.417
 48.083   -3.250
 48.083   -3.083
 48.083   -2.917
 48.083   -2.750
 48.083   -2.583
 48.083   -2.417
 48.083   -2.250
 48.083   -2.083
 48.083   -1.917
 48.083   -1.750
 48.083   -1.583
 48.083   -1.417
 48.083   -1.250
 48.083   -1.083
 48.083   -0.917
 48.083   -0.750
 48.083   -0.583
 48.083   -0.417
 48.083   -0.250
 48.083   -0.083
 48.083    0.083
 48.083    0.250
 48.083    0.417
 48.083    0.583
 48.083    0.750
 48.083    0.917
 48.083    1.083
 48.083    1.250
 48.083    1.417
 48.083    1.583
 48.083    1.750
 48.083    1.917
 48.083    2.083
 47.917   -9.750
 47.917   -9.583
 47.917   -9.417
 47.917   -9.250
 47.917   -9.083
 47.917   -8.917
 47.917   -8.750
 47.917   -8.583
 47.917   -8.417
 47.917   -8.250
 47.917   -8.083
 47.917   -7.917
 47.917   -7.750
 47.917   -7.583
 47.917   -7.417
 47.917   -7.250
 47.917   -7.083
 47.917   -6.917
 47.917   -6.750
 47.917   -6.583
 47.917   -6.417
 47.917   -6.250
 47.917   -6.083
 47.917   -5.917
 47.917   -5.750
 47.917   -5.583
 47.917   -5.417
 47.917   -5.250
 47.917   -5.083
 47.917   -4.917
 47.917   -4.750
 47.917   -4.583
 47.917   -4.417
 47.917   -4.250
 47.917   -4.083
 47.917   -3.917
 47.917   -3.750
 47.917   -3.583
 47.917   -3.417
 47.917   -3.250
 47.917   -3.083
 47.917   -2.917
 47.917   -2.750
 47.917   -2.583
 47.917   -2.417
 47.917   -2.250
 47.917   -2.083
 47.917   -1.917
 47.917   -1.750
 47.917   -1.583
 47.917   -1.417
 47.917   -1.250
 47.917   -1.083
 47.917   -0.917
 47.917   -0.750
 47.917   -0.583
 47.917   -0.417
 47.917   -0.250
 47.917   -0.083
 47.917    0.083
 47.917    0.250
 47.917    0.417
 47.917    0.583
 47.917    0.750
 47.917    0.917
 47.917    1.083
 47.917    1.250
 47.917    1.417
 47.917    1.583
 47.917    1.750
 47.917    1.917
 47.917    2.083
