lat	long	Carb30	Carb1m	Clay30	Sand30	Silt30	Bulkd30	Clay1m	Sand1m	Silt1m	Bulkd1m
50.167	-5.333	10.2673	15.9321	18.7056	41.9309	36.6083	1.0584	18.5668	42.2673	36.8111	1.1597
50.167	-5.167	11.0393	17.4806	15.3286	47.0141	35.7512	1.0188	15.3286	47.0141	35.7512	1.1389
50.333	-5	10.3283	15.7037	23.5302	33.7023	40.5674	1.0482	23.5302	33.7023	40.5674	1.1898
50.333	-4	10.4968	15.9389	23.7778	32.9532	41.2047	1.0247	23.7778	32.9532	41.2047	1.1371
50.333	-3.833	10.3604	15.9424	23.6606	32.5294	41.6244	1.0611	23.6606	32.5294	41.6244	1.1723
50.5	-4.833	11.5222	17.744	22.4393	35.2523	40.1402	0.9771	22.4393	35.2523	40.1402	1.0972
50.5	-4.667	13.865	23.1906	17.3818	44.0136	36.8773	0.9001	17.3818	44.0136	36.8773	1.0718
50.5	-4.5	13.6868	23.3821	16.6239	46.1697	35.4908	0.9284	16.6239	46.1697	35.4908	1.0821
50.5	-4.333	11.1756	17.3639	23.8584	31.5708	42.5479	1.0036	23.8584	31.5708	42.5479	1.1319
50.5	-4.167	11.2955	17.2036	23.2544	33.0219	41.7325	0.9805	23.2544	33.0219	41.7325	1.104
50.5	-4	21.4161	45.1828	12.92	55.965	29.535	0.7131	12.92	55.965	29.535	0.9474
50.5	-3.833	15.6245	28.0207	15.5146	47.6942	34.8981	0.8781	15.5146	47.6942	34.8981	1.0369
50.5	-3.667	9.5452	14.5324	24.6833	31.9321	41.6787	1.0675	24.6833	31.9321	41.6787	1.1805
50.667	-4.5	10.4946	16.2938	27.9321	31.2127	39.6606	1.0355	27.9321	31.2127	39.6606	1.2427
50.667	-4.333	10.2964	15.9823	27.6471	28.7014	42.3665	1.0642	27.6471	28.7014	42.3665	1.2543
50.667	-4.167	11.1737	17.506	27.6058	30.2067	40.9087	1.0154	27.6058	30.2067	40.9087	1.2123
50.667	-4	23.2178	54.3817	16.5441	51.3284	30.75	0.6743	16.5441	51.3284	30.75	0.914
50.667	-3.833	13.3286	20.8566	16.2851	50.0789	32.8553	0.9446	16.2851	50.0789	32.8553	1.1324
50.667	-3.667	10.5056	16.1571	25.7176	34.8287	39.037	1.0002	25.7176	34.8287	39.037	1.1808
50.667	-3.5	6.9325	10.7017	21.7323	47.3911	29.6535	1.1939	21.3317	47.6238	29.7079	1.3265
50.667	-2.5	8.7779	12.3827	38.3492	15.3228	41.8201	1.1026	38.3492	15.3228	41.8201	1.1749
50.667	-2.167	10.9038	17.7646	22.3433	53.2587	22.7313	0.9863	22.3433	53.2587	22.7313	1.2405
50.667	-1.333	8.4286	12.6182	32.6768	30.1364	30.3283	1.1671	32.6768	30.1364	30.3283	1.3239
50.833	-4.5	9.7352	14.5877	28.9619	29.4429	40.9619	1.0813	28.9619	29.4429	40.9619	1.3017
50.833	-4.333	9.5237	14.4525	30.9811	28.0943	39.9481	1.1164	30.9811	28.0943	39.9481	1.3392
50.833	-4.167	9.7175	14.9775	32.2939	26.1974	40.3553	1.0924	32.2939	26.1974	40.3553	1.3115
50.833	-4	9.6538	14.6648	28.5972	30.5417	39.5787	1.0974	28.5972	30.5417	39.5787	1.2953
50.833	-3.833	9.4632	14.2787	27.4272	31.9806	39.8252	1.107	27.4272	31.9806	39.8252	1.2673
50.833	-3.667	8.5229	12.9235	26.2844	34.04	38.9244	1.147	26.2844	34.04	38.9244	1.318
50.833	-3.5	7.9948	12.3109	22.0044	41.7325	35.2061	1.17	22.0044	41.7325	35.2061	1.3069
50.833	-3.333	9.4322	15.2175	29.6179	30.3113	38.6368	1.1476	29.6179	30.3113	38.6368	1.3174
50.833	-3.167	12.3394	20.9121	33.9463	26.0927	38.7463	1.0338	33.9463	26.0927	38.7463	1.1863
50.833	-3	10.5346	18.0682	38.9178	18.5525	41.0091	1.0881	38.9178	18.5525	41.0091	1.2342
50.833	-2.833	8.6277	13.8824	28.5921	23.6272	46.4868	1.1478	28.5921	23.6272	46.4868	1.3009
50.833	-2.667	10.2647	16.4767	39.3825	23.7465	35.7005	1.0787	39.3825	23.7465	35.7005	1.233
50.833	-2.5	9.6607	14.2051	38.9955	18.6682	39.7864	1.0946	38.9955	18.6682	39.7864	1.2022
50.833	-2.333	9.5012	13.4729	37.6579	19.4211	40.7763	1.0883	37.6579	19.4211	40.7763	1.1955
50.833	-2.167	9.0619	12.0494	27.1447	21.0658	43.8772	1.1046	27.1447	21.0658	43.8772	1.1491
50.833	-2	9.615	13.4795	24.7847	35.6124	32.5885	1.0979	24.7847	35.6124	32.5885	1.2243
50.833	-1.833	10.4495	15.3124	16.1491	62.9956	19.3904	1.029	16.1491	62.9956	19.3904	1.3011
50.833	-1.667	11.4758	17.4628	31.8289	36.8026	29.8158	0.9643	31.8289	36.8026	29.8158	1.2831
50.833	-1.5	10.0913	15.3276	29.3545	37.5273	30.0364	0.9927	29.3545	37.5273	30.0364	1.2969
50.833	-1.333	8.4623	12.8491	27.8571	27.2941	30.8117	1.0831	27.8571	27.2941	30.8117	1.3101
50.833	-1.167	8.2828	13.0952	31.7849	20.9012	33.2267	1.1013	31.8081	20.8953	33.2733	1.2898
50.833	-0.833	7.3312	11.0071	24.7952	11.419	53.419	1.1653	24.881	11.1429	53.6286	1.2747
50.833	0.167	9.4739	14.0587	34.9778	16.3733	41.4533	1.0838	34.9778	16.3733	41.4533	1.211
50.833	0	10.0857	14.0252	29.1977	18.0226	41.5763	1.0668	29.2373	17.9944	41.6384	1.1308
51	-4.167	9.7303	14.6476	24.8342	35.6798	38.2426	1.0905	23.8168	36.1675	38.1921	1.2409
51	-4	10.5771	16.16	25.3825	31.3041	41.7281	1.0625	25.3825	31.3041	41.7281	1.2195
51	-3.833	10.5886	16.2181	27.1228	29.9474	41.2588	1.0455	27.1228	29.9474	41.2588	1.2165
51	-3.667	11.7558	17.9694	27.0191	31.6411	39.9522	1.0337	27.0191	31.6411	39.9522	1.2297
51	-3.5	10.4107	15.6859	24.3062	33.0144	41.0622	1.0138	24.3062	33.0144	41.0622	1.1924
51	-3.333	8.9435	14.2286	24.2578	34.2	40.1067	1.1281	24.2578	34.2	40.1067	1.2683
51	-3.167	9.9383	16.7347	33.027	25.5856	39.973	1.1233	33.027	25.5856	39.973	1.2894
51	-3	11.0492	23.4628	42.7056	18.9206	37.1121	1.0766	42.7056	18.9206	37.1121	1.1991
51	-2.833	10.7861	24.1501	37.9725	18.7477	42.0963	1.0981	37.9725	18.7477	42.0963	1.1774
51	-2.667	9.6494	15.4407	35.9537	20.1898	42.6481	1.133	35.9537	20.1898	42.6481	1.2531
51	-2.5	10.3065	15.6604	36.6162	22.6111	39.6364	1.0763	36.6162	22.6111	39.6364	1.1891
51	-2.333	9.966	16.5306	46.8333	16.8148	34.8148	1.0793	46.8333	16.8148	34.8148	1.2293
51	-2.167	10.0307	15.3396	36.2778	21.0602	37.2639	1.0572	36.2778	21.0602	37.2639	1.1831
51	-2	9.6465	12.6883	28.5707	21.4899	44.1162	1.0808	28.5707	21.4899	44.1162	1.124
51	-1.833	8.5884	11.1187	24.5648	24.0231	43.6574	1.1122	24.5648	24.0231	43.6574	1.162
51	-1.667	9.9832	14.783	37.2361	23.2963	36.3565	1.0043	37.2361	23.2963	36.3565	1.2161
51	-1.5	10.2216	19.8888	35.3894	25.1058	35.6731	1.0318	35.3894	25.1058	35.6731	1.197
51	-1.333	10.2752	18.2514	33.0388	18.4951	38.9175	1.0404	33.0388	18.4951	38.9175	1.1502
51	-1.167	9.309	12.1908	30.7443	13.5068	40.5434	1.0744	30.7443	13.5068	40.5434	1.1089
51	-1	8.4806	12.0513	32.5822	15.0622	38.24	1.0939	32.5822	15.0622	38.24	1.1757
51	-0.833	8.6103	12.5164	21.1698	47.2642	27.75	1.0376	21.1698	47.2642	27.75	1.2499
51	-0.667	9.081	13.7635	28.1822	40.3956	27.8578	1.0107	28.1822	40.3956	27.8578	1.2652
51	-0.5	9.5576	15.422	37.6791	27.8791	32.7953	1.0883	37.6791	27.8791	32.7953	1.2997
51	-0.333	9.0444	14.5682	37.5507	15.9758	44.9565	1.1022	37.5507	15.9758	44.9565	1.3043
51	-0.167	7.8654	12.6041	27.7813	18.7232	52.1786	1.0874	27.7813	18.7232	52.1786	1.3151
51	0.167	7.5712	11.8017	24.2222	14.285	60.3188	1.0715	24.2222	14.285	60.3188	1.3202
51	0.333	7.7573	12.5028	30.1364	12.2955	56.3455	1.0743	30.1364	12.2955	56.3455	1.3107
51	0.5	7.916	12.8523	30.3409	12.2727	54.9045	1.0735	30.3409	12.2727	54.9045	1.31
51	0.667	8.5154	14.6891	35.0888	11.2744	51.9116	1.1369	35.2698	11.0326	52.1814	1.2999
51	0.833	9.2712	17.6332	37.2115	14.9717	46.5142	1.1008	36.6226	15	46.7028	1.2216
51	0	7.5303	11.7036	22.1802	16.3964	60.1577	1.0968	22.1802	16.3964	60.1577	1.3309
51.167	-4	11.7762	17.6076	22.2241	34.1839	41.7299	0.9655	22.2241	34.1839	41.7299	1.0628
51.167	-3.833	15.7163	27.1084	17.2074	42.3138	39.2234	0.8765	17.2074	42.3138	39.2234	1.0208
51.167	-3.667	14.8868	22.7883	17.4145	42.2694	39.1503	0.856	17.4145	42.2694	39.1503	1.0519
51.167	-3.5	10.6721	15.5145	21.7572	37.2254	39.7514	0.9926	21.7572	37.2254	39.7514	1.1554
51.167	-3	10.233	19.9433	44.6885	11.3027	41.2139	1.0669	44.2781	11.2486	41.6631	1.2005
51.167	-2.833	20.2226	62.2135	50.4105	11.3737	37.0737	0.7656	50.4105	11.3737	37.0737	0.8156
51.167	-2.667	11.6823	25.4862	41.2281	15.0789	42.4342	1.0243	41.2281	15.0789	42.4342	1.1339
51.167	-2.5	9.9525	15.4101	33.6172	20.7368	44.5167	1.059	33.6172	20.7368	44.5167	1.2039
51.167	-2.333	10.0776	15.8218	39.7588	20.1053	37.9781	1.0337	39.7588	20.1053	37.9781	1.1977
51.167	-2.167	9.8863	13.938	22.2193	21.3421	41.6404	1.0495	22.2193	21.3421	41.6404	1.0921
51.167	-2	9.7113	12.7556	21.8373	17.8086	46.0718	1.0603	21.8373	17.8086	46.0718	1.0475
51.167	-1.833	9.4168	11.8953	22.2193	16.3816	48.1667	1.0819	22.2193	16.3816	48.1667	1.0552
51.167	-1.667	9.7834	12.4589	24.4868	16.6096	47.6009	1.0568	24.4868	16.6096	47.6009	1.0655
51.167	-1.5	9.4163	15.6716	33.4115	15.5837	46.8708	1.069	33.4115	15.5837	46.8708	1.0951
51.167	-1.333	9.6956	13.6342	29.3684	17.6667	47.1623	1.0628	29.3684	17.6667	47.1623	1.0717
51.167	-1.167	8.2586	11.1809	36.6222	13.3511	42.6578	1.1106	36.6222	13.3511	42.6578	1.1338
51.167	-1	7.9286	11.5177	39.6818	15.298	42.2677	1.109	39.6818	15.298	42.2677	1.1915
51.167	-0.833	8.692	13.7288	26.1157	48.5	23.9537	1.0708	26.1157	48.5	23.9537	1.2929
51.167	-0.667	9.0443	13.8202	22.8824	51.3303	22.2624	1.0557	22.8824	51.3303	22.2624	1.3007
51.167	-0.5	9.2519	14.2089	30.4387	40.566	26.8491	1.0612	30.4387	40.566	26.8491	1.2816
51.167	-0.333	9.3286	14.8064	39.6116	24.3661	33.1696	1.0651	39.6116	24.3661	33.1696	1.2876
51.167	-0.167	8.6559	13.8916	35.6476	21.1952	41.3905	1.1262	35.6476	21.1952	41.3905	1.3201
51.167	0.167	8.3949	13.5257	31.5463	17.63	49.4317	1.1286	31.5463	17.63	49.4317	1.3218
51.167	0.333	8.2165	13.1886	29.4833	19.2392	50.0383	1.1185	29.4833	19.2392	50.0383	1.3233
51.167	0.5	8.5149	13.6618	33.1759	23.5556	41.8843	1.1234	33.1759	23.5556	41.8843	1.3151
51.167	0.667	8.899	14.1849	39.4072	20.7104	37.1991	1.1471	39.4072	20.7104	37.1991	1.3115
51.167	0.833	8.7732	13.7619	37.2207	21.6761	35.4554	1.134	37.2207	21.6761	35.4554	1.2832
51.167	1	8.9222	13.101	31.9032	19.9032	40.9539	1.0885	31.9032	19.9032	40.9539	1.2174
51.167	1.167	9.0046	12.385	29.9535	17.1721	45.3395	1.0944	29.9535	17.1721	45.3395	1.1741
51.167	0	8.1575	13.0064	31.0283	18.9764	48.6226	1.1351	31.0283	18.9764	48.6226	1.3307
51.333	-3.167	8.8942	13.9329	39.2667	8.2	51.2667	1.0789	39.2667	8.2	51.2667	1.1903
51.333	-2.833	11.3826	21.6745	39.3835	15.7767	43.5	0.9897	39.3835	15.7767	43.5	1.1348
51.333	-2.667	9.248	14.3888	31.2963	18.2685	49.2083	1.0751	31.2963	18.2685	49.2083	1.2063
51.333	-2.5	10.2654	15.4256	39.757	19.4206	39.8224	1.06	39.757	19.4206	39.8224	1.1653
51.333	-2.333	11.0815	15.9777	40.625	21.74	36.63	1.0357	40.625	21.74	36.63	1.1638
51.333	-2.167	9.9823	15.7393	40.3843	22.5972	33.5972	1.1095	40.3843	22.5972	33.5972	1.237
51.333	-2	9.2768	13.9781	28.7374	27.7778	30.5556	1.1346	28.7374	27.7778	30.5556	1.2412
51.333	-1.833	9.5685	13.4628	23.8657	24.8194	36.9815	1.1021	23.8657	24.8194	36.9815	1.134
51.333	-1.667	8.6976	12.0369	27.8611	24.1991	37.537	1.1057	27.8611	24.1991	37.537	1.1748
51.333	-1.5	8.699	11.855	32.4949	21.1414	41.5657	1.0976	32.4949	21.1414	41.5657	1.1714
51.333	-1.333	9.2507	13.1416	32.2222	23.713	36.6389	1.1016	32.2222	23.713	36.6389	1.2158
51.333	-1.167	9.1395	13.3594	35.5261	26.5071	34.128	1.1105	35.5261	26.5071	34.128	1.2538
51.333	-1	9.2472	15.6023	43.6429	23.8393	30.9643	1.1112	43.6429	23.8393	30.9643	1.2895
51.333	-0.833	10.2695	16.1324	24.1009	51.3596	23.2675	1.0649	24.1009	51.3596	23.2675	1.3158
51.333	-0.667	11.7404	20.5016	21.604	54.8465	22.2624	0.989	21.604	54.8465	22.2624	1.2627
51.333	-0.5	8.9702	14.8918	26.1163	47.8605	24.7116	1.138	26.1163	47.8605	24.7116	1.3315
51.333	-0.333	8.759	13.3686	29.2617	39.528	29.1869	1.1369	29.2617	39.528	29.1869	1.3124
51.333	-0.167	8.8306	12.7069	32.8265	29.4475	34.4292	1.1192	32.8265	29.4475	34.4292	1.253
51.333	0.167	8.4983	12.0686	25.5266	35.8841	33.1256	1.1258	25.5266	35.8841	33.1256	1.2438
51.333	0.333	8.539	12.4297	30.6161	28.1384	37.1741	1.0877	30.6161	28.1384	37.1741	1.2327
51.333	0.5	8.5233	12.3646	29.0625	28.5962	36.3654	1.1156	29.0625	28.5962	36.3654	1.2447
51.333	0.667	8.6009	12.8605	35.3026	13.9896	37.2513	1.1079	35.3026	13.9896	37.2513	1.253
51.333	0.833	8.9772	13.7697	39.8356	11.5138	36.5616	1.103	39.8356	11.5138	36.5616	1.2587
51.333	1	9.2192	14.023	42.305	10.8652	33.6241	1.0037	42.305	10.8652	33.6241	1.2599
51.333	1.333	8.1951	13.9124	27.8926	14.9935	36.0714	1.1472	27.2727	16.013	36.3506	1.2684
51.333	0	8.9285	12.7719	28.6376	35.445	30.844	1.0743	28.6376	35.445	30.844	1.2111
51.5	-3.667	9.9072	14.2018	20.7952	39.5116	36.4535	1.0337	20.4535	39.9302	37.6802	1.201
51.5	-3.5	11.3714	16.3639	27.1611	30.8152	41.0758	1.0423	27.1611	30.8152	41.0758	1.2174
51.5	-3.333	10.8704	15.8353	21.7489	43.7225	33.5419	1.0445	21.7489	43.7225	33.5419	1.2698
51.5	-3	9.5093	16.989	43.9882	15.2	39.6471	1.0751	43.9882	15.2	39.6471	1.2284
51.5	-2.833	10.8845	23.1174	41.6176	13.9314	43.2059	0.9887	41.6176	13.9314	43.2059	1.0997
51.5	-2.667	9.4949	15.3974	40.0652	16.2717	42.337	1.0524	40.0652	16.2717	42.337	1.1975
51.5	-2.5	9.8554	15.6775	40.2105	16.9605	41.5614	1.1091	40.2105	16.9605	41.5614	1.2808
51.5	-2.333	10.5929	15.7092	41.5215	18.7033	38.5407	1.0441	41.5215	18.7033	38.5407	1.1404
51.5	-2.167	10.7352	16.2494	40.864	22.9781	35.1009	1.0625	40.864	22.9781	35.1009	1.1539
51.5	-2	9.3896	15.2803	44.5167	18.2679	33.8325	1.1054	44.5167	18.2679	33.8325	1.2569
51.5	-1.833	9.3551	13.2869	36.4693	14.6096	37.7237	1.1117	36.4693	14.6096	37.7237	1.1868
51.5	-1.667	8.8084	12.1051	31.3211	16.2339	42.3394	1.131	31.3211	16.2339	42.3394	1.1549
51.5	-1.5	8.616	11.5266	30.1963	20.0457	43.3425	1.1671	30.1963	20.0457	43.3425	1.1913
51.5	-1.333	8.973	12.5451	30.5727	25.3436	40.1498	1.1483	30.5727	25.3436	40.1498	1.2212
51.5	-1.167	9.3375	13.5219	30.87	23.015	34.56	1.093	30.87	23.015	34.56	1.2161
51.5	-1	7.9982	12.0688	29.3287	35.5648	29.8657	1.119	29.3287	35.5648	29.8657	1.2775
51.5	-0.833	8.5925	12.8087	34.8838	32.7273	30.5455	1.1407	34.8838	32.7273	30.5455	1.2938
51.5	-0.667	8.7983	13.6351	37.0837	31.7974	29.3436	1.1255	37.0837	31.7974	29.3436	1.3288
51.5	-0.5	8.0757	12.9472	29.7442	30.3488	33.1023	1.1758	29.7442	30.3488	33.1023	1.3467
51.5	-0.333	8.4919	13.4412	38.2264	28.217	32.0991	1.1626	38.2264	28.217	32.0991	1.3404
51.5	-0.167	7.8626	12.7236	40.0663	28.0276	30.7182	1.1487	40.0663	28.0276	30.7182	1.3294
51.5	0.167	8.9015	13.3722	28.7973	43.0045	27.0586	1.1461	28.7973	43.0045	27.0586	1.3062
51.5	0.333	7.9756	12.1916	40.9604	26.5495	31.0545	1.187	40.9604	26.5495	31.0545	1.3141
51.5	0.5	9.5182	14.6496	50.8841	11.1787	36.2029	1.1023	50.8841	11.1787	36.2029	1.2644
51.5	0.667	8.9776	13.9407	38.7164	8.7846	36.694	1.1247	38.7164	8.7846	36.694	1.2883
51.5	0.833	8.7139	14.0225	31.1622	12.0946	38.7297	1.1426	31.1622	12.0946	38.7297	1.2888
51.5	0	8.4267	13.1902	37.8173	30.665	30.335	1.1216	37.8173	30.665	30.335	1.2995
51.666	-5	7.5806	12.7669	20.7747	34.7632	41.3368	1.1433	20.2421	35.7368	41.9842	1.2261
51.666	-4.333	6.5876	11.1214	20.7143	53.0734	27.2772	1.1562	15.2673	51.7339	28.2788	1.2363
51.666	-4.167	11.0703	16.8549	23.1871	32.9767	41.3023	1.0701	23.0581	32.8953	41.314	1.2943
51.666	-4	11.4224	16.7929	19.6061	42.8939	35.3232	1.0476	19.6061	42.8939	35.3232	1.2796
51.666	-3.833	12.2848	19.6488	18.9645	46.3627	32.5098	0.9821	18.5735	47.0049	32.9755	1.2011
51.666	-3.667	15.9451	25.0221	17.375	48.3981	33.2685	0.7039	17.375	48.3981	33.2685	1.0692
51.666	-3.5	16.159	25.926	18.0755	45.6792	35.3491	0.8042	18.0755	45.6792	35.3491	1.1007
51.666	-3.333	13.7021	19.2561	17.2315	49.4433	32.5074	0.8915	17.2315	49.4433	32.5074	1.1765
51.666	-3.167	9.9848	13.8468	16.4035	53.557	29.1272	0.9868	16.4035	53.557	29.1272	1.2306
51.666	-3	9.3902	14.5025	21.9234	34.7129	42.0096	1.0698	21.9234	34.7129	42.0096	1.2457
51.666	-2.833	9.0729	13.9415	21.0044	37.1447	40.7149	1.0796	21.0044	37.1447	40.7149	1.2453
51.666	-2.667	9.1492	13.2396	23.9497	35.7135	38.5475	1.0031	23.9497	35.7135	38.5475	1.2054
51.666	-2.5	9.2557	15.04	36.3155	17.9223	43.7087	1.0949	36.3155	17.9223	43.7087	1.2693
51.666	-2.333	9.8352	14.5558	35.4899	20.5101	42.6717	1.0521	35.4899	20.5101	42.6717	1.2217
51.666	-2.167	10.863	15.0433	37.4213	24.0556	37.3056	1.0476	37.4213	24.0556	37.3056	1.131
51.666	-2	10.3079	15.0584	38.8535	25.399	34.3232	1.0469	38.8535	25.399	34.3232	1.1316
51.666	-1.833	9.7062	15.0722	41.2778	24.4722	32.9537	1.1192	41.2778	24.4722	32.9537	1.1885
51.666	-1.667	8.6475	13.4524	36.736	30.6548	31.1574	1.1665	36.736	30.6548	31.1574	1.2745
51.666	-1.5	8.5216	13.509	36.088	31.2037	31.4213	1.1761	36.088	31.2037	31.4213	1.2973
51.666	-1.333	8.8336	13.5042	34.0628	32.1208	32.4831	1.1485	34.0628	32.1208	32.4831	1.2873
51.666	-1.167	8.4767	13.1805	32.1161	35.8884	30.1473	1.1844	32.1161	35.8884	30.1473	1.3084
51.666	-1	8.7793	13.03	34.6393	18.6941	38.7991	1.112	34.6393	18.6941	38.7991	1.2282
51.666	-0.833	8.9417	12.3803	31.5688	20.3624	43.0826	1.0591	31.5688	20.3624	43.0826	1.1831
51.666	-0.667	8.2437	12.28	35.7962	22.9431	39.8483	1.1139	35.7962	22.9431	39.8483	1.2659
51.666	-0.5	7.8454	12.3945	37.549	27.4902	33.6618	1.1525	37.549	27.4902	33.6618	1.2974
51.666	-0.333	8.1612	12.6781	44.0495	22.6577	28.5225	1.1617	44.0495	22.6577	28.5225	1.3297
51.666	-0.167	8.6811	13.5538	54.4159	12.0421	30.3738	1.1332	54.4159	12.0421	30.3738	1.3292
51.666	0.167	8.1183	12.8025	51.9952	13.5411	31.8068	1.1866	51.9952	13.5411	31.8068	1.3475
51.666	0.333	8.1207	12.9958	48.7991	15.2768	32.7411	1.194	48.7991	15.2768	32.7411	1.3587
51.666	0.5	8.0336	12.5999	52.6089	13.2475	31.8861	1.1726	52.6089	13.2475	31.8861	1.3338
51.666	0.667	8.1023	12.7165	52.1176	12.3927	30.8326	1.1762	52.1176	12.3927	30.8326	1.3225
51.666	0.833	8.2259	13.3043	43.7245	15.7092	36.0204	1.1851	43.7245	15.7092	36.0204	1.3071
51.666	0	9.0957	14.5531	46.5493	13.5587	29.6291	1.0991	46.5493	13.5587	29.6291	1.2983
51.833	-5.167	9.0987	13.9859	22.0163	36.2114	40.4553	1.1302	22.0163	36.2114	40.4553	1.2737
51.833	-5	11.9247	18.1904	20.8738	38.0467	39.5327	1.0448	20.8738	38.0467	39.5327	1.2028
51.833	-4.833	10.9054	16.7264	23.2243	32.4626	42.6682	1.0459	23.2243	32.4626	42.6682	1.1688
51.833	-4.667	11.4406	17.4859	23.1952	31.7905	43.4095	1.0289	23.1952	31.7905	43.4095	1.1163
51.833	-4.5	11.2434	17.1751	23.894	29.7281	44.023	1.0278	23.894	29.7281	44.023	1.122
51.833	-4.333	10.6553	16.6019	23.1422	30.0853	45.0758	1.0557	23.1422	30.0853	45.0758	1.1605
51.833	-4.167	12.0125	18.6867	23.217	30.2358	45.2925	1.0059	23.217	30.2358	45.2925	1.194
51.833	-4	11.6846	17.8342	22.7032	31.8493	44.2511	1.0558	22.7032	31.8493	44.2511	1.2475
51.833	-3.833	18.7947	28.4795	17.89	39.8182	41.2967	0.8861	17.89	39.8182	41.2967	1.1091
51.833	-3.667	21.3907	33.0129	18.5728	34.2767	45.8932	0.7518	18.5728	34.2767	45.8932	1.0942
51.833	-3.5	20.4175	33.1547	17.8682	34.6955	46.1636	0.7604	17.8682	34.6955	46.1636	1.0834
51.833	-3.333	17.8188	29.1785	16.5302	41.9628	40.3767	0.8361	16.5302	41.9628	40.3767	1.1038
51.833	-3.167	14.3276	21.707	14.8832	51.028	33.0421	0.9823	14.8832	51.028	33.0421	1.1901
51.833	-3	9.6748	13.7979	16.809	43.402	38.6683	1.1132	16.809	43.402	38.6683	1.2637
51.833	-2.833	7.1872	10.6512	22.9302	22.7209	53.1488	1.1764	22.9302	22.7209	53.1488	1.3164
51.833	-2.667	8.4075	11.6767	19.3333	38.8382	40.701	1.0789	19.3333	38.8382	40.701	1.2518
51.833	-2.5	8.7109	12.3963	23.7357	35.5286	39.6079	0.9969	23.7357	35.5286	39.6079	1.2661
51.833	-2.333	9.2563	16.1163	44.4183	14.1739	39.649	1.1235	44.4183	14.1739	39.649	1.2814
51.833	-2.167	10.1731	15.5761	41.1228	20.8509	36.886	1.0419	41.1228	20.8509	36.886	1.2009
51.833	-2	10.9278	15.327	37.2871	25.0144	36.1244	1.0021	37.2871	25.0144	36.1244	1.0696
51.833	-1.833	10.6698	15.1797	39.8509	23.3816	35.1272	1.0649	39.8509	23.3816	35.1272	1.0409
51.833	-1.667	9.5219	13.5285	37.9809	24.3732	36.1388	1.1151	37.9809	24.3732	36.1388	1.1998
51.833	-1.5	9.9011	13.9163	37.2412	25.4825	35.7632	1.078	37.2412	25.4825	35.7632	1.1734
51.833	-1.333	9.362	13.949	32.9706	32.3284	33.3775	1.1144	32.9706	32.3284	33.3775	1.2136
51.833	-1.167	9.3852	14.9092	41.4352	23.1806	33.9583	1.1126	41.4352	23.1806	33.9583	1.2592
51.833	-1	9.1748	15.7055	50.8535	13.0455	34.5707	1.1026	50.8535	13.0455	34.5707	1.26
51.833	-0.833	8.5255	14.2272	47	16.2773	35.3364	1.1479	47	16.2773	35.3364	1.2812
51.833	-0.667	8.7636	13.2729	40.1483	17.9139	38.0718	1.1213	40.1483	17.9139	38.0718	1.2478
51.833	-0.5	7.4527	11.2867	34.6256	24.1718	36.8282	1.1972	34.6256	24.1718	36.8282	1.3
51.833	-0.333	7.0237	11.407	38.705	23.845	35.59	1.2292	38.705	23.845	35.59	1.3384
51.833	-0.167	8.0496	12.8575	34.3535	30.1023	32.5349	1.1881	34.3535	30.1023	32.5349	1.3495
51.833	0.167	8.4671	13.6177	39.7116	22.4465	36.6791	1.1948	39.7116	22.4465	36.6791	1.3467
51.833	0.333	8.5041	13.3499	37.4417	21.3786	39.0291	1.1999	37.4417	21.3786	39.0291	1.3536
51.833	0.5	7.825	12.3748	33.5249	28.7376	34.6063	1.234	33.5249	28.7376	34.6063	1.3753
51.833	0.667	7.4621	11.8581	40.0728	24.4515	33.2816	1.2338	40.0728	24.4515	33.2816	1.382
51.833	0.833	8.1223	12.6086	39.8779	27.8863	29.4366	1.2027	39.8779	27.8863	29.4366	1.3497
51.833	1	7.5844	11.9724	27.0489	40.8333	28.3424	1.2318	27.0489	40.8333	28.3424	1.3559
51.833	0	8.5191	13.8017	38.4225	23.5915	34.4742	1.1927	38.4225	23.5915	34.4742	1.3445
52	-4.667	13.14	20.0106	24.6244	32.3709	41.3803	0.9818	24.6244	32.3709	41.3803	1.1089
52	-4.5	12.9938	19.6684	24.0806	30.9431	43.1374	0.9589	24.0806	30.9431	43.1374	1.066
52	-4.333	12.8005	19.3853	24.0474	31.1801	42.9858	0.972	24.0474	31.1801	42.9858	1.0797
52	-4.167	15.0253	21.1955	20.8756	34.5438	42.8111	0.847	20.8756	34.5438	42.8111	1.0279
52	-4	13.6143	19.9721	21.9369	34.3981	42.034	0.9461	21.9369	34.3981	42.034	1.0797
52	-3.833	13.1824	20.1728	22.3052	31.554	44.4977	0.9546	22.3052	31.554	44.4977	1.104
52	-3.667	14.7343	20.8173	20.1712	34.455	43.955	0.8603	20.1712	34.455	43.955	1.0809
52	-3.5	10.3906	15.344	20.1	33.285	45.51	1.0486	20.1	33.285	45.51	1.205
52	-3.333	9.3684	14.84	21.2685	31.0833	46.6574	1.0251	21.2685	31.0833	46.6574	1.1933
52	-3.167	11.908	21.5881	18.0534	40.2039	40.5922	0.9946	18.0534	40.2039	40.5922	1.1715
52	-3	8.2863	12.2699	21.5526	26.6184	50.5263	1.1537	21.5526	26.6184	50.5263	1.3175
52	-2.833	7.2538	11.5572	22.6268	25.2823	50.7273	1.2126	22.6268	25.2823	50.7273	1.3465
52	-2.667	7.494	11.5414	20.8733	30.3394	47.3982	1.2042	20.8733	30.3394	47.3982	1.331
52	-2.5	6.7992	9.971	22.7308	21.1442	54.8365	1.2139	22.7308	21.1442	54.8365	1.3485
52	-2.333	8.7858	13.5891	33.8081	22.9293	41.5354	1.1588	33.8081	22.9293	41.5354	1.3428
52	-2.167	8.8678	15.0052	42.1528	21.5741	34.8889	1.1727	42.1528	21.5741	34.8889	1.315
52	-2	8.2604	13.5646	43.8131	18.8636	36.0707	1.1454	43.8131	18.8636	36.0707	1.2784
52	-1.833	9.742	14.2827	41.1713	22.588	34.8009	1.0836	41.1713	22.588	34.8009	1.1529
52	-1.667	8.2676	13.4715	45.7172	17.7929	34.9495	1.1736	45.7172	17.7929	34.9495	1.3118
52	-1.5	8.7039	12.8567	35.1227	29.3091	34.0182	1.1709	35.1227	29.3091	34.0182	1.2599
52	-1.333	8.6094	13.2725	33.7177	32.0431	32.7368	1.192	33.7177	32.0431	32.7368	1.2904
52	-1.167	8.9727	13.1398	32.7078	30.9041	35.1096	1.1567	32.7078	30.9041	35.1096	1.2407
52	-1	8.8242	14.0816	43.7294	20.4037	34.6147	1.1609	43.7294	20.4037	34.6147	1.3445
52	-0.833	8.9652	14.8431	43.1538	19.1346	36.8413	1.1709	43.1538	19.1346	36.8413	1.3264
52	-0.667	8.323	13.4415	38.4292	28.2075	32.1887	1.187	38.4292	28.2075	32.1887	1.3515
52	-0.5	8.3524	13.3395	37.445	29.885	29.425	1.2027	37.445	29.885	29.425	1.328
52	-0.333	8.8537	12.2482	30.0617	34.4185	30.7137	1.1969	30.0617	34.4185	30.7137	1.3081
52	-0.167	8.7161	12.4133	30.1971	26.7837	31.5673	1.2044	30.1971	26.7837	31.5673	1.2897
52	0.167	8.2714	12.4601	32.5047	33.7547	32.6321	1.2236	32.5047	33.7547	32.6321	1.3443
52	0.333	8.2221	13.1568	39.1163	23.0837	37.5163	1.2117	39.1163	23.0837	37.5163	1.3587
52	0.5	7.8761	12.5298	35.6603	27.8373	35.7416	1.2356	35.6603	27.8373	35.7416	1.3718
52	0.667	7.678	12.0627	31.6605	34.907	32.3302	1.2483	31.6605	34.907	32.3302	1.3777
52	0.833	7.3546	11.6599	29.6792	37.5425	31.4906	1.2595	29.6792	37.5425	31.4906	1.3906
52	1	7.6221	11.7783	26.2038	41.9905	30.5071	1.2436	26.2038	41.9905	30.5071	1.3787
52	1.167	6.7627	10.6286	17.4585	58.0585	22.961	1.246	17.4585	58.0585	22.961	1.3586
52	0	8.654	12.7184	30.327	25.8199	32.6161	1.1977	30.327	25.8199	32.6161	1.2946
52.166	-4.167	11.4814	18.1711	26.0343	27.2451	44.9951	1.0268	26.0343	27.2451	44.9951	1.1876
52.166	-4	14.7988	24.7381	23.2615	30.4312	44.6881	0.9145	23.2615	30.4312	44.6881	1.0998
52.166	-3.833	21.8436	40.4385	16.8122	38.061	43.6526	0.6256	16.8122	38.061	43.6526	0.8774
52.166	-3.667	21.2396	41.1416	17.0556	38.0404	43.4646	0.6503	17.0556	38.0404	43.4646	0.8911
52.166	-3.5	14.104	23.3555	22.8578	30.92	44.6844	0.9325	22.8578	30.92	44.6844	1.1217
52.166	-3.333	11.9195	18.722	25.681	29.6286	43.0333	0.9706	25.681	29.6286	43.0333	1.1525
52.166	-3.167	11.5507	17.5193	21.9159	33.3879	43.1822	1.0265	21.9159	33.3879	43.1822	1.173
52.166	-3	8.4468	14.1235	20.9761	31.2536	46.3541	1.1568	20.9761	31.2536	46.3541	1.3125
52.166	-2.833	7.8986	13.0317	21.1717	31.4444	45.8889	1.1846	21.1717	31.4444	45.8889	1.3384
52.166	-2.667	6.8722	10.5481	24.287	18.9491	55.412	1.239	24.287	18.9491	55.412	1.3571
52.166	-2.5	6.5799	9.5045	24.2136	17.4272	57.2184	1.2371	24.2136	17.4272	57.2184	1.3639
52.166	-2.333	8.5533	12.9766	31.3493	21.311	45.6603	1.1627	31.3493	21.311	45.6603	1.3721
52.166	-2.167	8.4371	13.5478	37.2719	24.5702	36.7412	1.1992	37.2719	24.5702	36.7412	1.371
52.166	-2	8.4785	13.9432	42.2775	22.8517	33.5311	1.1705	42.2775	22.8517	33.5311	1.3491
52.166	-1.833	8.1387	13.6255	45.2368	18.9912	34.4035	1.1874	45.2368	18.9912	34.4035	1.3511
52.166	-1.667	8.1076	13.4455	42.1722	23.2775	33.2297	1.2014	42.1722	23.2775	33.2297	1.3469
52.166	-1.5	7.9995	13.4577	47.9857	15.5857	34.9571	1.1878	47.9857	15.5857	34.9571	1.3349
52.166	-1.333	8.1777	13.6758	47.6114	16.0711	34.7204	1.1843	47.6114	16.0711	34.7204	1.3179
52.166	-1.167	8.2145	13.4027	45.6414	18.7727	34.101	1.1709	45.6414	18.7727	34.101	1.327
52.166	-1	8.7921	14	40.4769	24.5741	33.6389	1.1619	40.4769	24.5741	33.6389	1.3147
52.166	-0.833	8.991	14.2051	39.2367	24.7101	35.0242	1.1584	39.2367	24.7101	35.0242	1.3237
52.166	-0.667	9.2211	14.6096	42.8756	19.3963	36.9493	1.1601	42.8756	19.3963	36.9493	1.307
52.166	-0.5	8.8307	14.2839	42.8433	19.9493	36.4147	1.1792	42.8433	19.9493	36.4147	1.3172
52.166	-0.333	8.1607	13.5305	37.9848	25.5909	35.6768	1.2179	37.9848	25.5909	35.6768	1.3479
52.166	-0.167	8.4461	14.0755	39.5114	25.105	34.7991	1.2027	39.5114	25.105	34.7991	1.3455
52.166	0.167	10.0011	13.6265	24.6172	43.4737	29.2823	1.1818	24.6172	43.4737	29.2823	1.2675
52.166	0.333	8.5739	11.7524	26.9202	41.615	30.4977	1.2304	26.9202	41.615	30.4977	1.3337
52.166	0.5	8.2261	13.0712	37.7393	25.2749	36.5166	1.2134	37.7393	25.2749	36.5166	1.3582
52.166	0.667	8.1254	12.9824	38.4928	24.6603	36.3397	1.212	38.4928	24.6603	36.3397	1.3591
52.166	0.833	7.1703	11.7018	35.2009	29.5654	34.243	1.2644	35.2009	29.5654	34.243	1.3993
52.166	1	7.4731	13.3194	38.2536	25.7081	34.8852	1.2573	38.2536	25.7081	34.8852	1.3864
52.166	1.167	7.3634	12.2734	38.5488	26.4186	33.8698	1.2655	38.5488	26.4186	33.8698	1.3988
52.166	1.333	7.2174	13.3418	31.6087	38.686	28.5314	1.2542	31.6087	38.686	28.5314	1.3708
52.166	1.5	8.0671	14.6394	22.9767	53.6186	21.4326	1.1837	23.2605	53.3023	21.6651	1.3096
52.166	0	9.1647	14.0591	41.1132	22.684	35.0472	1.1873	41.1132	22.684	35.0472	1.3083
52.333	-4	13.8436	23.3792	24.1912	29.3971	44.7451	0.9255	24.1912	29.3971	44.7451	1.1083
52.333	-3.833	19.1794	32.1894	18.4223	36.3107	43.6796	0.7232	18.4223	36.3107	43.6796	0.9454
52.333	-3.667	23.3602	52.113	17.0578	37.8178	43.7644	0.6439	17.0578	37.8178	43.7644	0.8233
52.333	-3.5	14.847	22.809	22.561	32.761	43.1756	0.8953	22.561	32.761	43.1756	1.0914
52.333	-3.333	12.9416	20.416	24.806	28.5274	44.99	0.9506	24.806	28.5274	44.99	1.1674
52.333	-3.167	12.338	18.5224	22.8056	31.6296	43.7269	0.9557	22.8056	31.6296	43.7269	1.0953
52.333	-3	9.3817	14.6765	22.689	17.7033	57.9904	1.0244	22.689	17.7033	57.9904	1.1939
52.333	-2.833	8.1675	13.3397	21.1209	18.8465	58.3581	1.0803	21.1209	18.8465	58.3581	1.2492
52.333	-2.667	7.482	11.368	22.7477	22.7703	53.036	1.1971	22.7477	22.7703	53.036	1.333
52.333	-2.5	8.0053	11.6995	23.5311	24.488	50.7464	1.1706	23.5311	24.488	50.7464	1.3257
52.333	-2.333	7.8348	11.5096	16.4344	48.8778	33.5339	1.1493	16.4344	48.8778	33.5339	1.324
52.333	-2.167	7.7054	11.6587	26.3939	39.1313	33.0556	1.2395	26.3939	39.1313	33.0556	1.3983
52.333	-2	8.3837	12.7852	31.0455	32.0455	35.3283	1.1914	31.0455	32.0455	35.3283	1.3761
52.333	-1.833	8.834	13.1598	39.9583	22.5602	35.9722	1.1819	39.9583	22.5602	35.9722	1.4016
52.333	-1.667	8.5367	12.8793	34.1576	28.7291	35.4631	1.2117	34.1576	28.7291	35.4631	1.4033
52.333	-1.5	8.1902	12.3607	25.9187	39.5407	33.1388	1.2081	25.9187	39.5407	33.1388	1.391
52.333	-1.333	8.0657	13.4043	40.9123	26.5482	31.1974	1.1947	40.9123	26.5482	31.1974	1.3531
52.333	-1.167	8.5295	14.1967	44.5024	19.9187	34.1627	1.1805	44.5024	19.9187	34.1627	1.3348
52.333	-1	7.7966	12.7097	39.816	25.0047	33.8349	1.2047	39.816	25.0047	33.8349	1.3444
52.333	-0.833	7.931	12.2992	34.3426	31.8426	32.5185	1.2026	34.3426	31.8426	32.5185	1.3267
52.333	-0.667	9.3543	14.4157	38.197	27.0303	33.6364	1.1633	38.197	27.0303	33.6364	1.2763
52.333	-0.5	8.6962	14.1832	46.1887	16.4811	36.3066	1.1758	46.1887	16.4811	36.3066	1.305
52.333	-0.333	8.3268	14.1494	46.8584	18.242	33.9954	1.1891	46.8584	18.242	33.9954	1.3293
52.333	-0.167	8.169	13.2208	39.4975	24.6601	35.0296	1.2155	39.4975	24.6601	35.0296	1.3589
52.333	0.167	16.6738	40.7877	40.463	25.2222	33.0648	0.9303	40.463	25.2222	33.0648	1.0805
52.333	0.333	18.5412	46.0006	31.652	32.5049	34.4265	0.8767	31.652	32.5049	34.4265	0.9854
52.333	0.5	11.0553	23.912	11.3301	70.201	17.0766	1.1335	11.3301	70.201	17.0766	1.2157
52.333	0.667	7.9701	15.9338	10.3472	76.1991	11.9444	1.1374	10.3472	76.1991	11.9444	1.2925
52.333	0.833	7.7188	14.223	19.599	57.8614	21.0495	1.239	19.599	57.8614	21.0495	1.3423
52.333	1	6.9206	12.6259	32.5484	35.8341	30.0507	1.3101	32.5484	35.8341	30.0507	1.4188
52.333	1.167	7.0561	12.9414	36.6232	30.5217	31.1981	1.2993	36.6232	30.5217	31.1981	1.4147
52.333	1.333	7.4045	13.1561	39.507	26.2326	32.7814	1.2759	39.507	26.2326	32.7814	1.4093
52.333	1.5	7.5362	13.5556	35.3221	32.1587	31.101	1.2692	35.3221	32.1587	31.101	1.3946
52.333	0	12.1767	28.7024	46.8702	18.8269	32.9663	1.0809	46.8702	18.8269	32.9663	1.1811
52.5	-4	13.8354	26.3637	22.3455	32.135	41.7273	0.9014	21.904	32.425	42.2814	1.0124
52.5	-3.833	19.2438	30.0075	16.2995	38.2028	43.7742	0.6891	16.2995	38.2028	43.7742	0.9398
52.5	-3.667	18.1333	30.7668	18.7929	36.6616	43.0101	0.7532	18.7929	36.6616	43.0101	0.956
52.5	-3.5	14.1607	24.1404	23.4493	32.6522	42.6039	0.9475	23.4493	32.6522	42.6039	1.1418
52.5	-3.333	13.5343	24.5309	24.9241	28.625	44.8929	0.9453	24.9241	28.625	44.8929	1.1462
52.5	-3.167	11.603	19.0175	24.4258	26.0957	47.7895	0.9994	24.4258	26.0957	47.7895	1.1777
52.5	-3	9.6306	14.8449	22.5124	22.7214	53.204	1.0445	22.5124	22.7214	53.204	1.2362
52.5	-2.833	10.1375	14.0769	18.8981	37.7083	41.9907	1.0742	18.8981	37.7083	41.9907	1.2554
52.5	-2.667	7.8375	11.9879	23.2222	23.5556	51.7525	1.1709	23.2222	23.5556	51.7525	1.3308
52.5	-2.5	7.1545	10.7202	22.4242	25.6566	50.6061	1.2191	22.4242	25.6566	50.6061	1.3529
52.5	-2.333	7.2468	10.6161	14.8072	58.9103	24.9058	1.244	14.8072	58.9103	24.9058	1.3887
52.5	-2.167	8.033	12.1921	20.7464	49.7081	28.0957	1.214	20.7464	49.7081	28.0957	1.3682
52.5	-2	8.1336	12.3529	26.8846	37.8894	33.6923	1.206	26.8846	37.8894	33.6923	1.4114
52.5	-1.833	8.8789	14.8883	26.84	44.2844	27.4711	1.1625	26.84	44.2844	27.4711	1.332
52.5	-1.667	8.1209	12.8009	26.2647	38.9902	33.3088	1.2106	26.2647	38.9902	33.3088	1.4064
52.5	-1.5	8.3573	12.4463	32.4343	29.6768	36.4293	1.2093	32.4343	29.6768	36.4293	1.4107
52.5	-1.333	7.4962	11.662	34	32.2864	32.4223	1.2687	34	32.2864	32.4223	1.426
52.5	-1.167	8.2772	13.1855	39.2885	25.6106	33.8702	1.2296	39.2885	25.6106	33.8702	1.3926
52.5	-1	8.789	14.3526	45.7065	16.9652	36.0896	1.1724	45.7065	16.9652	36.0896	1.3469
52.5	-0.833	8.8296	14.1379	42.9439	20.5234	35.2523	1.1569	42.9439	20.5234	35.2523	1.3245
52.5	-0.667	9.276	14.1767	39.7207	26.7477	32.4459	1.1299	39.7207	26.7477	32.4459	1.2959
52.5	-0.5	9.6307	14.9888	44.2808	19.6355	35.0246	1.1125	44.2808	19.6355	35.0246	1.2579
52.5	-0.333	9.9888	18.8942	43.9045	22.3668	32.9598	1.1297	43.9045	22.3668	32.9598	1.2464
52.5	-0.167	20.4857	53.2318	41.3048	15.919	41.5857	0.8025	41.3048	15.919	41.5857	0.9374
52.5	0.167	19.6564	45.8882	30.1386	25.4505	43.0198	0.8635	30.1386	25.4505	43.0198	1.0265
52.5	0.333	21.1183	52.5767	33.8744	20.0186	44.7581	0.7785	33.8744	20.0186	44.7581	0.9461
52.5	0.5	18.3844	56.326	15.264	61.7563	21.7107	0.8647	15.264	61.7563	21.7107	0.898
52.5	0.667	8.9937	19.8177	7.7673	79.3416	11.3762	1.024	7.7673	79.3416	11.3762	1.2056
52.5	0.833	8.7269	18.7145	10.4654	76.2995	11.7327	1.1944	10.4654	76.2995	11.7327	1.3031
52.5	1	7.6531	14.6657	23.1643	48	27.2174	1.291	23.1643	48	27.2174	1.3915
52.5	1.167	6.7804	10.9706	30.9528	36.0849	31.2689	1.3205	30.9528	36.0849	31.2689	1.4409
52.5	1.333	6.9852	12.3609	30.4369	37.568	30.3981	1.3033	30.4369	37.568	30.3981	1.4191
52.5	1.5	9.5147	21.406	29.3256	38.4884	30.8651	1.2032	29.3256	38.4884	30.8651	1.2961
52.5	1.667	8.7578	15.7282	22.7958	47.6839	28.0518	1.2013	22.5803	47.6528	28.0933	1.2985
52.5	0	21.3105	45.2573	36.4387	13.9906	48.283	0.7807	36.4387	13.9906	48.283	1.0171
52.666	-4	18.0354	34.1017	17.731	38.9898	41.6447	0.7548	17.731	38.9898	41.6447	0.9227
52.666	-3.833	17.743	28.6469	17.4527	38.9851	41.9552	0.6974	17.4527	38.9851	41.9552	0.9379
52.666	-3.667	18.274	34.7839	20.2201	34.9952	43.177	0.7501	20.2201	34.9952	43.177	0.9298
52.666	-3.5	21.2394	46.3376	21.5333	32.0762	45.081	0.6827	21.5333	32.0762	45.081	0.9366
52.666	-3.333	10.7215	17.1873	26.9949	25.1061	46.0455	0.9931	26.9949	25.1061	46.0455	1.2083
52.666	-3.167	10.4489	17.1198	26.303	23.7879	48.1667	1.0256	26.303	23.7879	48.1667	1.2109
52.666	-3	10.2771	16.7011	25.4299	25.4208	47.5701	1.0646	25.4299	25.4208	47.5701	1.2682
52.666	-2.833	9.0022	12.9537	19.784	49.0141	29.7981	1.1786	19.784	49.0141	29.7981	1.3569
52.666	-2.667	8.0013	11.7323	21.6459	49.2967	27.5742	1.2396	21.6459	49.2967	27.5742	1.419
52.666	-2.5	9.3231	18.1526	22.0574	41.8421	34.7129	1.1382	22.0574	41.8421	34.7129	1.3322
52.666	-2.333	7.3829	10.9256	18.1974	56.9737	23.2588	1.2634	18.1974	56.9737	23.2588	1.4301
52.666	-2.167	8.1617	12.2349	22.0287	50.2201	26.1675	1.2291	22.0287	50.2201	26.1675	1.4315
52.666	-2	9.1428	13.314	20.8134	50.9904	27.4593	1.1386	20.8134	50.9904	27.4593	1.3608
52.666	-1.833	8.6482	14.9256	13.3774	65.2689	19.8632	1.2303	13.3774	65.2689	19.8632	1.3461
52.666	-1.667	8.3785	13.0165	28.6489	33.9244	35.9022	1.2256	28.6489	33.9244	35.9022	1.4017
52.666	-1.5	7.9329	12.3316	28.4976	33.1292	36.9856	1.2493	28.4976	33.1292	36.9856	1.4285
52.666	-1.333	8.0776	11.9403	31.7273	31.7033	35.1053	1.2248	31.7273	31.7033	35.1053	1.4303
52.666	-1.167	9.1698	14.4486	36.482	27.4054	34.8739	1.1702	36.482	27.4054	34.8739	1.3658
52.666	-1	8.3588	13.4512	40.8333	23.9714	34.0095	1.211	40.8333	23.9714	34.0095	1.3777
52.666	-0.833	8.262	13.6929	47	17.0202	34.697	1.1669	47	17.0202	34.697	1.335
52.666	-0.667	8.1287	12.1366	37.0398	27.9055	33.4876	1.1598	37.0398	27.9055	33.4876	1.2721
52.666	-0.5	9.5195	13.2633	35.6636	28.2318	34.65	1.1146	35.6636	28.2318	34.65	1.1897
52.666	-0.333	11.542	20.2244	32.3585	35.1981	30.9953	1.0904	32.3585	35.1981	30.9953	1.1872
52.666	-0.167	15.4404	30.009	38.4378	17.791	42.3085	0.995	38.4378	17.791	42.3085	1.1416
52.666	0.167	10.0913	19.6932	25.9037	25.3991	47.1147	1.134	25.9037	25.3991	47.1147	1.2571
52.666	0.333	13.2619	26.6406	26.7304	27.4804	44.5441	1.0568	26.7304	27.4804	44.5441	1.2044
52.666	0.5	11.0499	26.8322	12.5388	68.0049	18.0437	1.1481	12.5388	68.0049	18.0437	1.2167
52.666	0.667	7.0728	13.2409	11.7639	70.6481	16.2546	1.2863	11.7639	70.6481	16.2546	1.2954
52.666	0.833	6.9774	12.492	25.8049	43.9024	28.722	1.3168	25.8049	43.9024	28.722	1.4165
52.666	1	7.6126	13.8316	23.8199	44.5545	29.9905	1.2971	23.8199	44.5545	29.9905	1.409
52.666	1.167	8.5253	17.3974	10.4488	68.1268	19.722	1.2237	10.4488	68.1268	19.722	1.3185
52.666	1.333	8.9099	19.0623	12.8326	61.8558	23.7209	1.2413	12.8326	61.8558	23.7209	1.3167
52.666	1.5	11.5292	30.0751	21.52	46.765	30.405	1.1404	21.52	46.765	30.405	1.1889
52.666	1.667	9.479	18.756	32.1902	35.2529	31.954	1.1527	30.5517	35.5517	32.4023	1.233
52.666	0	14.3472	33.6121	39.6298	11.7067	47.2548	1.0078	39.6298	11.7067	47.2548	1.108
52.833	-4.167	9.5946	16.8655	13.5217	57.2338	27.1711	1.0762	12.9605	55.7403	29.0526	1.185
52.833	-4	23.3063	73.2198	15.3218	40.9554	42.2327	0.6294	15.3218	40.9554	42.2327	0.7154
52.833	-3.833	22.5678	54.5451	14.905	44.11	39.6	0.6121	14.905	44.11	39.6	0.8084
52.833	-3.667	21.2191	50.4194	19.6237	36.0914	42.7151	0.6958	19.6237	36.0914	42.7151	0.8619
52.833	-3.5	22.8273	54.3302	19.1136	35.9886	43.25	0.5865	19.1136	35.9886	43.25	0.7747
52.833	-3.333	15.9406	29.1148	21.0909	33.2249	44.0191	0.852	21.0909	33.2249	44.0191	1.011
52.833	-3.167	11.4885	18.5294	24.0717	29.9283	44.3139	1.0137	24.0717	29.9283	44.3139	1.164
52.833	-3	10.0031	20.2709	16.881	54.5762	27.0333	1.1654	16.881	54.5762	27.0333	1.3038
52.833	-2.833	11.1593	25.1793	21.8883	48.9492	27.7411	1.1021	21.8883	48.9492	27.7411	1.2227
52.833	-2.667	8.2498	13.0541	20.9747	53.6717	23.8232	1.2345	20.9747	53.6717	23.8232	1.3876
52.833	-2.5	8.7837	14.9762	19.1699	56.199	23.2087	1.2299	19.1699	56.199	23.2087	1.366
52.833	-2.333	8.7561	14.87	19.0385	54.9087	24.5865	1.2007	19.0385	54.9087	24.5865	1.3725
52.833	-2.167	8.7934	15.5854	29.8636	35.9949	32.6566	1.1969	29.8636	35.9949	32.6566	1.372
52.833	-2	9.0464	15.4651	25.4091	43.9646	29.4141	1.1765	25.4091	43.9646	29.4141	1.3427
52.833	-1.833	9.1148	14.0389	34	31.3939	33.2273	1.1705	34	31.3939	33.2273	1.3765
52.833	-1.667	9.3285	14.6094	30.9213	32.7963	34.8472	1.1813	30.9213	32.7963	34.8472	1.3622
52.833	-1.5	8.6765	13.5084	25.132	38.7665	34.7563	1.2075	25.132	38.7665	34.7563	1.3571
52.833	-1.333	8.787	13.9436	29.5152	31.899	37.1061	1.2112	29.5152	31.899	37.1061	1.3737
52.833	-1.167	8.6293	14.0083	37.0758	25.303	36.3232	1.2164	37.0758	25.303	36.3232	1.3858
52.833	-1	8.506	14.122	46.8995	17.2831	34.5297	1.1833	46.8995	17.2831	34.5297	1.3499
52.833	-0.833	8.2486	13.2824	42.2326	23.2372	33.1023	1.1872	42.2326	23.2372	33.1023	1.3275
52.833	-0.667	8.4805	12.1112	34.1579	31.4593	32.9234	1.1769	34.1579	31.4593	32.9234	1.28
52.833	-0.5	8.2605	11.9935	38.275	26.995	33.295	1.1841	38.275	26.995	33.295	1.3019
52.833	-0.333	10.1246	19.0481	35.0049	25.9126	37.4612	1.1392	35.0049	25.9126	37.4612	1.2525
52.833	-0.167	8.6097	14.8018	16.5917	33.4266	48.4679	1.2241	16.5917	33.4266	48.4679	1.3348
52.833	0.167	7.9659	13.898	10.1271	40.1197	45.3983	1.2523	10.1271	40.1197	45.3983	1.362
52.833	0.667	5.5497	9.3796	16.3382	61.7295	20.7826	1.4037	16.3382	61.7295	20.7826	1.3669
52.833	0.833	6.498	11.736	18.8667	55.5048	24.3714	1.3571	18.8667	55.5048	24.3714	1.3774
52.833	1	6.9906	11.9918	21.7291	49.4631	27.3448	1.3044	21.7291	49.4631	27.3448	1.4016
52.833	1.167	7.6219	14.002	10.7395	64.3721	23.4279	1.2999	10.7395	64.3721	23.4279	1.3588
52.833	1.333	8.2387	15.8806	10.5758	62.7475	25.1818	1.2927	10.5758	62.7475	25.1818	1.3401
52.833	1.5	10.1066	24.7385	14.4957	53.4783	30.5217	1.2025	14.4957	53.4783	30.5217	1.2602
52.833	0	8.3078	14.5272	15.3467	34.4264	46.6784	1.2363	15.3467	34.4264	46.6784	1.34
53	-4.167	18.0593	34.1249	16.6168	40.6636	40.4206	0.7901	16.6168	40.6636	40.4206	0.9626
53	-4	20.8036	48.5139	15.7629	42.3402	40.134	0.6776	15.7629	42.3402	40.134	0.8095
53	-3.833	27.5113	81.4317	17.3862	37.2414	44.0207	0.4589	17.3862	37.2414	44.0207	0.5632
53	-3.667	20.7655	46.6386	18.9113	37.2069	42.6552	0.7203	18.9113	37.2069	42.6552	0.9215
53	-3.5	15.646	25.1004	21.447	32.9585	44.0783	0.8203	21.447	32.9585	44.0783	1.0422
53	-3.333	14.4947	25.3796	22.1579	32.0766	44.0431	0.8878	22.1579	32.0766	44.0431	1.0574
53	-3.167	14.9177	22.9344	20.1061	36.7172	41.7323	0.8842	20.1061	36.7172	41.7323	1.077
53	-3	8.9824	13.5103	24.5721	44.4826	29.8706	1.1782	24.5721	44.4826	29.8706	1.3802
53	-2.833	9.692	16.5852	32.8221	33.9663	31.899	1.1657	32.8221	33.9663	31.899	1.3583
53	-2.667	9.6921	17.0201	22.2967	51.6172	24.7177	1.167	22.2967	51.6172	24.7177	1.3551
53	-2.5	8.7413	13.1369	22.9912	50.6009	24.9035	1.2102	22.9912	50.6009	24.9035	1.4005
53	-2.333	8.884	14.3383	19.6172	52.6316	26.4402	1.1869	19.6172	52.6316	26.4402	1.3687
53	-2.167	8.8858	13.3394	24.8086	40.5407	33.823	1.1945	24.8086	40.5407	33.823	1.3797
53	-2	10.1908	15.029	23.6699	43.1722	32.201	1.1195	23.6699	43.1722	32.201	1.3193
53	-1.833	9.7625	14.5548	26.9665	26.9234	44.9378	1.1133	26.9665	26.9234	44.9378	1.2671
53	-1.667	9.0577	13.8245	32.2366	27.6339	39.2232	1.1816	32.2366	27.6339	39.2232	1.3622
53	-1.5	9.7508	14.9901	27.6761	32.7606	38.6432	1.154	27.6761	32.7606	38.6432	1.3335
53	-1.333	9.1932	14.0587	31.823	28.311	38.8995	1.1808	31.823	28.311	38.8995	1.3788
53	-1.167	8.3998	12.7616	18.7847	53.8182	25.8469	1.1742	18.7847	53.8182	25.8469	1.3071
53	-1	8.3917	13.5842	34.005	26.0896	38.6318	1.2332	34.005	26.0896	38.6318	1.4113
53	-0.833	9.3116	15.7261	42.2585	22.1512	34.3122	1.1814	42.2585	22.1512	34.3122	1.3344
53	-0.667	8.446	13.8944	39.4619	28.6762	30.4238	1.1958	39.4619	28.6762	30.4238	1.3254
53	-0.5	8.0514	11.3736	26.9336	42.455	29.1374	1.1928	26.9336	42.455	29.1374	1.2295
53	-0.333	8.4632	14.3896	37.6794	25.5981	35.2679	1.2215	37.6794	25.5981	35.2679	1.3393
53	-0.167	9.6612	16.4749	33.8182	19.5707	45.0909	1.1677	33.8182	19.5707	45.0909	1.2724
53	0	10.3858	17.3941	31.1188	18.4307	48.2426	1.1511	31.1188	18.4307	48.2426	1.2754
53.166	-4.333	8.5951	13.5656	18.3036	50.2703	31.2865	1.1423	16.9243	49.8	31.9081	1.3103
53.166	-4.167	13.4615	22.2016	16.9115	47.6979	34.2604	0.9447	16.9115	47.6979	34.2604	1.1696
53.166	-4	21.049	40.8279	16.6169	39.0149	42.8408	0.6915	16.6169	39.0149	42.8408	0.901
53.166	-3.833	14.7168	22.8809	21.1023	33.7814	43.3674	0.8281	21.1023	33.7814	43.3674	1.013
53.166	-3.667	16.6119	31.3819	21.3575	33.2271	43.8068	0.8448	21.3575	33.2271	43.8068	0.9779
53.166	-3.5	13.3506	21.0893	23.6919	32.5253	42.0404	0.9209	23.6919	32.5253	42.0404	1.0867
53.166	-3.333	11.6462	17.4735	20.628	41.2947	36.4396	0.9949	20.628	41.2947	36.4396	1.1738
53.166	-3.167	10.4043	15.9771	20.6068	42.3883	35.7961	1.0682	20.6068	42.3883	35.7961	1.2708
53.166	-3	9.2048	13.7552	20.767	44.7951	32.2524	1.1756	20.767	44.7951	32.2524	1.3824
53.166	-2.833	9.0146	14.8068	31.8971	35.848	30.7598	1.1952	31.8971	35.848	30.7598	1.3881
53.166	-2.667	8.8374	13.2034	20.2535	56.493	21.892	1.1938	20.2535	56.493	21.892	1.3702
53.166	-2.5	9.3363	14.4412	37.7739	26.9598	33.8392	1.2006	37.7739	26.9598	33.8392	1.4017
53.166	-2.333	8.6756	13.0622	17.101	60.0707	21.2323	1.2168	17.101	60.0707	21.2323	1.396
53.166	-2.167	9.7047	16.0097	20.1818	51.8232	26.7677	1.1704	20.1818	51.8232	26.7677	1.3536
53.166	-2	16.3626	33.0226	27.6051	34.3538	37.1077	0.9173	27.6051	34.3538	37.1077	1.1113
53.166	-1.833	11.3173	14.7066	24.4242	17.4798	57.4798	1.0407	24.4242	17.4798	57.4798	1.1409
53.166	-1.667	10.9993	14.4706	20.9242	24.0202	54.3485	1.0466	20.9242	24.0202	54.3485	1.1672
53.166	-1.5	12.5751	18.5461	21.307	38.8419	39.0884	1.036	21.307	38.8419	39.0884	1.2351
53.166	-1.333	9.3776	13.7266	26.0854	34.6281	38.2462	1.1627	26.0854	34.6281	38.2462	1.3077
53.166	-1.167	8.1272	11.5446	10.0347	71.3416	17.0198	1.1305	10.0347	71.3416	17.0198	1.289
53.166	-1	7.5924	11.6893	25.3493	42.7177	30.3923	1.2102	25.3493	42.7177	30.3923	1.3868
53.166	-0.833	8.5753	13.5175	33.4354	30.6555	34.5072	1.2181	33.4354	30.6555	34.5072	1.3845
53.166	-0.667	8.7948	13.6374	24.2899	50.4541	23.5942	1.2001	24.2899	50.4541	23.5942	1.3612
53.166	-0.5	9.9491	16.4614	30.5931	34.8088	33.0147	1.1215	30.5931	34.8088	33.0147	1.1859
53.166	-0.333	14.9276	30.7009	32.9952	30.9082	34.6908	1.0134	32.9952	30.9082	34.6908	1.1888
53.166	-0.167	8.4039	12.5706	26.4486	44.1869	27.8972	1.2255	26.4486	44.1869	27.8972	1.3885
53.166	0.167	10.8574	16.7704	32.5628	25.2462	40.1859	1.154	32.5628	25.2462	40.1859	1.2942
53.166	0	9.1784	13.7849	30.7379	36.2961	31.6602	1.225	30.7379	36.2961	31.6602	1.3448
53.333	-4.333	9.8511	17.3719	24.5078	32.8031	41.3938	1.1113	24.5078	32.8031	41.3938	1.3001
53.333	-3	7.9881	11.7314	20.7579	53.6968	23.3947	1.2233	20.7579	53.6968	23.3947	1.4174
53.333	-2.833	10.0969	15.5636	26.9667	41.1844	28.7222	1.1653	26.9667	41.1844	28.7222	1.3691
53.333	-2.667	8.3183	12.6177	24.7115	45.1827	28.6875	1.2203	24.7115	45.1827	28.6875	1.3969
53.333	-2.5	9.7328	17.9406	29.5885	38.2249	30.8612	1.178	29.5885	38.2249	30.8612	1.3542
53.333	-2.333	9.6424	16.5366	22.3876	51.4545	24.6077	1.1762	22.3876	51.4545	24.6077	1.3576
53.333	-2.167	9.0453	13.5104	26.0813	44.4689	28.2105	1.1834	26.0813	44.4689	28.2105	1.384
53.333	-2	14.8123	26.775	18.976	47.3606	32.9856	0.9837	18.976	47.3606	32.9856	1.1654
53.333	-1.833	16.6511	35.1103	18.7961	34.4612	45.9563	0.8873	18.7961	34.4612	45.9563	0.9807
53.333	-1.667	18.566	33.9989	18.5507	41.0435	39.4251	0.8301	18.5507	41.0435	39.4251	1.0338
53.333	-1.5	11.2677	18.32	27.9171	30.2293	40.8732	1.0793	27.9171	30.2293	40.8732	1.2652
53.333	-1.333	8.7923	13.4279	24.2798	34.8716	39.6789	1.1938	24.2798	34.8716	39.6789	1.3257
53.333	-1.167	8.7574	13.376	22.1408	45.7793	30.5399	1.1479	22.1408	45.7793	30.5399	1.2463
53.333	-1	8.4477	16.2257	13.4924	66.7157	18.0558	1.2327	13.4924	66.7157	18.0558	1.3289
53.333	-0.833	8.5785	13.5756	36.0808	26.2172	36.2879	1.2177	36.0808	26.2172	36.2879	1.3929
53.333	-0.667	8.0408	12.6469	38.3512	28.1707	32	1.2452	38.3512	28.1707	32	1.3835
53.333	-0.5	8.8303	13.5363	35.7788	28.7356	33.9375	1.1905	35.7788	28.7356	33.9375	1.2764
53.333	-0.333	8.2812	12.5997	33.8155	36.2039	28.2913	1.2247	33.8155	36.2039	28.2913	1.3885
53.333	-0.167	7.9712	11.2874	32.9646	28.2576	36.0808	1.2238	32.9646	28.2576	36.0808	1.2686
53.333	0.167	8.7163	14.2746	35.9698	22.5075	39.1407	1.1983	36.0804	22.2613	39.2462	1.3333
53.333	0	7.7997	10.8942	31.689	26.7608	38.5933	1.2387	31.689	26.7608	38.5933	1.3094
53.5	-3	12.7858	25.3879	13.9435	68.9632	14.5638	1.0817	13.3564	69.7947	14.7737	1.2189
53.5	-2.833	13.9461	25.8517	15.5769	67.1346	15.8221	1.088	15.5769	67.1346	15.8221	1.2693
53.5	-2.667	8.4214	12.4461	29.8081	37.9899	31.303	1.2235	29.8081	37.9899	31.303	1.4284
53.5	-2.5	12.0031	27.551	27.9679	39.8342	31.2995	1.0957	27.9679	39.8342	31.2995	1.2675
53.5	-2.333	9.5436	17.4585	18.3906	53.3542	27.2448	1.1543	18.3906	53.3542	27.2448	1.3343
53.5	-2.167	8.6546	13.6148	24.9545	44.096	30.4596	1.2141	24.9545	44.096	30.4596	1.4004
53.5	-2	18.4949	43.8259	20.0714	47.6868	31.6429	0.859	20.0714	47.6868	31.6429	1.0148
53.5	-1.833	27.3074	79.6789	16.052	54.5491	28.5318	0.5559	16.052	54.5491	28.5318	0.6556
53.5	-1.667	17.2985	36.9469	22.4894	40.6489	35.9415	0.8887	22.4894	40.6489	35.9415	1.0612
53.5	-1.5	9.976	15.3111	30.4192	28.202	40.197	1.1278	30.4192	28.202	40.197	1.2947
53.5	-1.333	8.5162	13.3867	26.8384	30.697	41.1818	1.2156	26.8384	30.697	41.1818	1.3363
53.5	-1.167	9.4831	16.3456	27.4038	36.4712	34.8173	1.152	27.4038	36.4712	34.8173	1.2314
53.5	-1	12.4737	31.1897	13.3527	65.5459	19.7005	1.0946	13.3527	65.5459	19.7005	1.1943
53.5	-0.833	10.7981	23.3539	20.3649	37.2417	40.6967	1.1501	20.3649	37.2417	40.6967	1.2694
53.5	-0.667	8.6743	13.6025	19.8465	48.2426	30.3465	1.2106	19.8465	48.2426	30.3465	1.329
53.5	-0.5	10.8937	19.6611	32.607	34.4726	31.6517	1.1269	32.607	34.4726	31.6517	1.2265
53.5	-0.333	8.4317	11.3284	17.8502	51.7005	26.0773	1.2168	17.8502	51.7005	26.0773	1.2889
53.5	-0.167	7.401	10.5838	27.8095	33.2952	36.3571	1.2578	27.8095	33.2952	36.3571	1.3261
53.5	0	8.1485	13.706	34.4514	25.0417	38.9375	1.2146	34.4514	25.0417	38.9375	1.3638
53.666	-2.833	13.8163	31.644	20.7322	47.2787	27.5924	1.0521	20.7322	47.2787	27.5924	1.2065
53.666	-2.667	8.7345	13.6712	31.0048	36.4163	31.3445	1.1907	31.0048	36.4163	31.3445	1.3974
53.666	-2.5	18.7087	42.5082	21.7158	42.6	34.9632	0.8516	21.7158	42.6	34.9632	1.0564
53.666	-2.333	16.3964	30.2632	20.8373	43.6459	35.0383	0.9275	20.8373	43.6459	35.0383	1.1488
53.666	-2.167	17.011	35.4062	17.6425	50.1256	31.6329	0.9019	17.6425	50.1256	31.6329	1.0878
53.666	-2	21.8362	49.2339	17.7077	48.4513	33.0974	0.7319	17.7077	48.4513	33.0974	0.9075
53.666	-1.833	10.372	15.2443	17.5359	46.512	35.0431	1.0972	17.5359	46.512	35.0431	1.2524
53.666	-1.667	9.7768	15.0555	30.0287	28.4402	40.4067	1.1472	30.0287	28.4402	40.4067	1.3032
53.666	-1.5	8.9791	14.0164	29.2392	29.445	40.1244	1.1901	29.2392	29.445	40.1244	1.3236
53.666	-1.333	8.6036	13.0526	25.756	34.3684	38.5455	1.2047	25.756	34.3684	38.5455	1.3019
53.666	-1.167	8.6326	14.5846	27.8687	39.9848	30.8535	1.2347	27.8687	39.9848	30.8535	1.3094
53.666	-1	9.0768	18.2473	30.1616	27.3737	40.9242	1.2251	30.1616	27.3737	40.9242	1.3169
53.666	-0.833	10.8828	25.7953	22.8168	13.5707	62.0628	1.13	22.8168	13.5707	62.0628	1.216
53.666	-0.667	8.2104	14.4624	26.1535	26.7327	44.8465	1.2061	26.1535	26.7327	44.8465	1.2815
53.666	-0.5	8.537	12.8081	29.9485	33.3247	35.5361	1.1845	29.9485	33.3247	35.5361	1.2585
53.666	-0.333	8.2327	13.0555	33.7921	30.5819	33.9888	1.2059	33.7921	30.5819	33.9888	1.337
53.666	-0.167	9.0856	16.1341	39.3987	14.4183	44.4706	1.1544	39.3987	14.4183	44.4706	1.2733
53.833	-2.833	13.8326	33.151	32.7463	30.922	34.9512	1.0361	32.7463	30.922	34.9512	1.2021
53.833	-2.667	11.1508	18.1133	30.3689	34.4854	34.0194	1.1217	30.3689	34.4854	34.0194	1.3326
53.833	-2.5	10.2202	15.1402	27.8586	37.4444	34.0505	1.1502	27.8586	37.4444	34.0505	1.362
53.833	-2.333	11.5686	18.7231	26.3586	38.0404	35.0303	1.1211	26.3586	38.0404	35.0303	1.3151
53.833	-2.167	16.6103	33.9657	23.3737	40.9368	35.1	0.9474	23.3737	40.9368	35.1	1.1408
53.833	-2	21.5077	50.832	22.5213	40.5638	36.1755	0.7697	22.5213	40.5638	36.1755	0.9534
53.833	-1.833	12.4524	18.2405	23.0758	40.9394	35.404	1.0614	23.0758	40.9394	35.404	1.2804
53.833	-1.667	9.8537	14.984	30.6414	31.2475	37.3384	1.1528	30.6414	31.2475	37.3384	1.3392
53.833	-1.5	9.4706	14.3753	30.2995	31.8832	36.934	1.1467	30.2995	31.8832	36.934	1.3194
53.833	-1.333	9.2495	13.0226	24.9423	37.4183	36.4904	1.1294	24.9423	37.4183	36.4904	1.1979
53.833	-1.167	8.2789	13.7699	26.3732	42.3254	29.8995	1.2508	26.3732	42.3254	29.8995	1.3766
53.833	-1	8.6725	14.7328	21.689	48.6459	28.1005	1.2518	21.689	48.6459	28.1005	1.3609
53.833	-0.833	9.1462	16.1653	28.9471	43.5865	26.0529	1.2323	28.9471	43.5865	26.0529	1.338
53.833	-0.667	8.8568	13.8308	20.4293	48.9495	28.2677	1.1939	20.4293	48.9495	28.2677	1.2441
53.833	-0.5	8.0313	12.4447	27.1566	33.0101	38.3737	1.2344	27.1566	33.0101	38.3737	1.3149
53.833	-0.333	11.5469	21.9964	35.8517	28.7847	34.4689	1.1291	35.8517	28.7847	34.4689	1.2773
53.833	-0.167	6.3381	9.9044	28.7062	37.7175	32.2373	1.3278	28.7062	37.7175	32.2373	1.4772
53.999	-2.667	20.7415	44.7643	20.8135	44.9896	33.3161	0.7831	20.8135	44.9896	33.3161	0.9904
53.999	-2.5	24.1286	60.9509	23.1579	40.2684	35.7263	0.6791	23.1579	40.2684	35.7263	0.8636
53.999	-2.333	13.8106	24.1795	25.049	35.9706	38.3284	1.023	25.049	35.9706	38.3284	1.2522
53.999	-2.167	13.513	21.5037	22.6842	35.8756	40.89	1.0305	22.6842	35.8756	40.89	1.2527
53.999	-2	16.816	30.4866	23.0392	37.8235	38.3627	0.9098	23.0392	37.8235	38.3627	1.1207
53.999	-1.833	18.5928	35.7672	24.1707	37.7659	37.2878	0.8508	24.1707	37.7659	37.2878	1.0908
53.999	-1.667	10.7091	16.0293	29.866	34.8182	34.7608	1.1267	29.866	34.8182	34.7608	1.3481
53.999	-1.5	8.6137	13.6213	30.067	35.9761	33.2727	1.2187	30.067	35.9761	33.2727	1.3759
53.999	-1.333	7.8729	13.086	26.6432	40.8995	31.1457	1.274	26.6432	40.8995	31.1457	1.3887
53.999	-1.167	8.6966	15.9052	34.1162	32.5556	31.6667	1.2399	34.1162	32.5556	31.6667	1.3616
53.999	-1	9.1795	14.1089	20.4256	56.5026	21.6974	1.2457	20.4256	56.5026	21.6974	1.3828
53.999	-0.833	8.1995	12.2735	29.804	35.2261	32.9146	1.2026	29.804	35.2261	32.9146	1.3098
53.999	-0.667	9.0678	11.1392	23.8927	18.239	48.761	1.1227	23.8927	18.239	48.761	1.0725
53.999	-0.5	8.057	11.1594	25.1942	26.8689	43.1748	1.213	25.1942	26.8689	43.1748	1.2349
53.999	-0.333	7.9824	13.2366	26.4847	34.9898	36.4235	1.2602	26.4847	34.9898	36.4235	1.3488
54.166	-2.833	14.6959	30.6698	22.7881	27.1533	45.4702	0.8592	22.7881	27.1533	45.4702	1.0054
54.166	-2.667	9.9988	15.2093	21.6244	39.4518	37.7919	1.1185	21.6244	39.4518	37.7919	1.2835
54.166	-2.5	16.436	31.7419	21.6634	37.8317	39.599	0.9063	21.6634	37.8317	39.599	1.1119
54.166	-2.333	22.1837	53.2072	23.75	30.9783	44.2228	0.7171	23.75	30.9783	44.2228	0.8665
54.166	-2.167	23.803	57.4528	27.3968	27.1164	44.4339	0.6506	27.3968	27.1164	44.4339	0.7969
54.166	-2	26.5345	71.611	23.9217	33.3313	41.7892	0.5767	23.9217	33.3313	41.7892	0.7053
54.166	-1.833	23.8708	57.4047	20.1444	42.4944	36.4722	0.6573	20.1444	42.4944	36.4722	0.8542
54.166	-1.667	11.6928	19.3121	23.8291	39.9447	35.392	1.0659	23.8291	39.9447	35.392	1.2794
54.166	-1.5	8.2387	14.1511	23.4712	45.9663	29.4327	1.2523	23.4712	45.9663	29.4327	1.378
54.166	-1.333	8.2991	13.4378	23.4089	50.0296	25.33	1.2638	23.4089	50.0296	25.33	1.3829
54.166	-1.167	9.1348	13.4094	23.3568	45.2211	30.4121	1.143	23.3568	45.2211	30.4121	1.3146
54.166	-1	8.9572	14.016	28.0922	37.1214	33.6262	1.1784	28.0922	37.1214	33.6262	1.3109
54.166	-0.833	8.785	15.5033	33.9064	30.6207	34.1872	1.2064	33.9064	30.6207	34.1872	1.3029
54.166	-0.667	8.248	11.7818	21.6061	42.8182	32.096	1.2005	21.6061	42.8182	32.096	1.233
54.166	-0.5	9.8166	16.788	19.9307	35.9356	37.4356	1.141	19.9307	35.9356	37.4356	1.1382
54.166	-0.333	8.7405	15.1935	24.0955	28.5506	41.9213	1.1801	24.0955	28.5506	41.9213	1.1944
54.333	-3.333	16.7338	37.8124	13.8394	50.9016	33.6218	0.8406	13.8601	51.0104	33.6736	0.9965
54.333	-3.167	22.714	59.98	17.8226	39.1613	41.6183	0.6347	17.8226	39.1613	41.6183	0.7775
54.333	-3	19.3637	38.6463	20.7424	34.8333	42.899	0.6482	20.7424	34.8333	42.899	0.9254
54.333	-2.833	13.4818	22.1506	23.2677	31.3687	43.6717	0.9414	23.2677	31.3687	43.6717	1.0726
54.333	-2.667	12.9982	20.8781	22.5909	33.2323	42.4444	0.965	22.5909	33.2323	42.4444	1.1291
54.333	-2.5	18.7049	37.6029	20.3859	36.1359	42.0489	0.7795	20.3859	36.1359	42.0489	0.9829
54.333	-2.333	28.7854	78.2996	22.6954	35.3908	41.0287	0.515	22.6954	35.3908	41.0287	0.7035
54.333	-2.167	23.8633	62.2613	22.8201	35.0317	41.1852	0.6808	22.8201	35.0317	41.1852	0.8552
54.333	-2	19.1996	43.3602	20.8168	41.3911	36.8069	0.822	20.8168	41.3911	36.8069	0.9975
54.333	-1.833	13.4776	20.3276	23.4976	38.4163	37.1292	1.0247	23.4976	38.4163	37.1292	1.2245
54.333	-1.667	9.0252	15.482	22.0097	42.3285	34.8454	1.2042	22.0097	42.3285	34.8454	1.3573
54.333	-1.5	8.9778	15.4083	31.254	34.8466	32.7937	1.2145	31.254	34.8466	32.7937	1.3753
54.333	-1.333	10.2422	15.4253	33.3175	30.1111	35.7354	1.1272	33.3175	30.1111	35.7354	1.3519
54.333	-1.167	15.0831	23.6297	32.1263	28.7525	38.0202	0.9193	32.1263	28.7525	38.0202	1.1349
54.333	-1	15.8099	27.9647	30.3655	32.1015	36.3959	0.9082	30.3655	32.1015	36.3959	1.0987
54.333	-0.833	16.0622	27.1476	31.7416	31.311	35.8278	0.863	31.7416	31.311	35.8278	1.1045
54.333	-0.667	17.5296	24.7188	27.7033	38.3062	32.8756	0.7844	27.7033	38.3062	32.8756	1.0771
54.333	-0.5	12.9081	18.2026	28.5345	36.1782	34.2184	0.9829	28.5345	36.1782	34.2184	1.215
54.499	-3.5	11.3247	18.4118	17.4975	51.9204	29.403	1.0655	17.4975	51.9204	29.403	1.2414
54.499	-3.333	21.4967	60.1452	15.3354	43.8571	39.3292	0.6279	15.3354	43.8571	39.3292	0.7208
54.499	-3.167	23.1325	72.179	11.0149	50.097	37.1045	0.601	11.0149	50.097	37.1045	0.6508
54.499	-3	19.5373	52.2946	8.6878	53.6931	35.8254	0.6929	8.6878	53.6931	35.8254	0.7988
54.499	-2.833	22.3413	64.3928	11.8895	49.3779	37.0988	0.6574	11.8895	49.3779	37.0988	0.7478
54.499	-2.667	16.1016	36.853	23.5417	35.375	40.0104	0.9257	23.5417	35.375	40.0104	1.0706
54.499	-2.5	9.8151	14.2316	23.1196	41.0813	34.5598	1.1429	23.1196	41.0813	34.5598	1.3143
54.499	-2.333	17.5974	44.0544	20.2381	46.375	32.25	0.9028	20.2381	46.375	32.25	1.0529
54.499	-2.167	31.1161	98.3984	24.8926	35.719	38.6694	0.4521	24.8926	35.719	38.6694	0.5359
54.499	-2	19.3728	43.8067	22.266	41.803	35.0788	0.8555	22.266	41.803	35.0788	1.0498
54.499	-1.833	10.2787	15.2591	20.4258	48.8756	29.8134	1.1773	20.4258	48.8756	29.8134	1.3299
54.499	-1.667	8.1028	12.536	28.8702	36.8029	33.8413	1.2527	28.8702	36.8029	33.8413	1.4161
54.499	-1.5	8.7296	13.5235	40.0052	23.089	35.8115	1.2307	40.0052	23.089	35.8115	1.4208
54.499	-1.333	8.8888	13.6565	41.5604	20.4879	36.7488	1.216	41.5604	20.4879	36.7488	1.4124
54.499	-1.167	8.6347	13.3695	35.2402	28.8725	35.3235	1.1886	35.2402	28.8725	35.3235	1.3858
54.499	-1	12.6782	20.0796	37.1442	25.1346	36.7404	1.0144	37.1442	25.1346	36.7404	1.2577
54.499	-0.833	10.0181	14.9688	31.0176	33.4471	34.4706	1.1278	31.0176	33.4471	34.4706	1.3435
54.666	-3.333	10.6688	15.536	23.4306	37.7703	37.7847	1.1159	23.4306	37.7703	37.7847	1.2856
54.666	-3.167	14.9403	33.0279	20.3202	40.0148	38.3645	0.8928	20.3202	40.0148	38.3645	1.0261
54.666	-3	14.3711	30.8046	21.8503	40.0374	36.9626	0.9608	21.8503	40.0374	36.9626	1.1281
54.666	-2.833	9.0576	14.1075	21.4536	48.2887	28.8918	1.1713	21.4536	48.2887	28.8918	1.3765
54.666	-2.667	8.5154	12.4574	14.3737	63.5455	20.4747	1.187	14.3737	63.5455	20.4747	1.3682
54.666	-2.5	23.0408	63.1236	17.5435	49.5942	31.558	0.7524	17.5435	49.5942	31.558	0.8581
54.666	-2.333	33.1563	104.5734	21.48	36.93	40.85	0.3988	21.48	36.93	40.85	0.4726
54.666	-2.167	22.1387	58.726	25.5152	35.7455	37.9455	0.748	25.5152	35.7455	37.9455	0.9082
54.666	-2	21.3814	41.9707	20.829	41.3679	36.9171	0.7847	20.829	41.3679	36.9171	1.0319
54.666	-1.833	9.5169	14.1755	27.9646	37.1717	34.2778	1.1893	27.9646	37.1717	34.2778	1.3957
54.666	-1.667	8.2592	12.4068	29.2278	35.6667	34.6278	1.2352	29.2278	35.6667	34.6278	1.4306
54.666	-1.5	9.0227	15.6236	32.5482	32.3909	34.2944	1.209	32.5482	32.3909	34.2944	1.37
54.666	-1.333	8.295	12.9841	37.0714	27.5714	34.7194	1.2237	37.0714	27.5714	34.7194	1.4204
54.666	-1.167	7.6049	12.1158	35.6	29.1781	33.8356	1.1773	35.411	28.2603	34.9726	1.3215
54.833	-5	999	999	999	999	999	999	999	999	999	999
54.833	-4.667	999	999	999	999	999	999	999	999	999	999
54.833	-4.5	999	999	999	999	999	999	999	999	999	999
54.833	-4.167	999	999	999	999	999	999	999	999	999	999
54.833	-3.5	7.2723	15.3494	9.8333	52.5789	28.7895	1.1147	9.6842	57	29.5789	1.2058
54.833	-3.333	10.4493	20.5238	15.9937	45.1006	33.7925	1.1245	16.0063	45.2327	33.8176	1.2858
54.833	-3.167	10.1518	18.7979	21.9235	41.9235	34.3316	1.1521	21.9235	41.9235	34.3316	1.3384
54.833	-3	8.5005	12.414	20.4356	53.2772	24.6832	1.2073	20.4356	53.2772	24.6832	1.4233
54.833	-2.833	9.2718	13.8793	13.8053	65.0158	19.8211	1.1613	13.8053	65.0158	19.8211	1.3663
54.833	-2.667	17.6903	42.6373	12.7527	62.1989	23.7581	0.9109	12.7527	62.1989	23.7581	1.0546
54.833	-2.5	26.0274	70.669	24.2529	35.0824	39.9647	0.6308	24.2529	35.0824	39.9647	0.8036
54.833	-2.333	21.9754	52.6979	25.0957	33.9521	40.2872	0.7524	25.0957	33.9521	40.2872	0.9795
54.833	-2.167	22.681	50.1453	24.0437	34.918	40.3005	0.7178	24.0437	34.918	40.3005	0.9789
54.833	-2	17.6469	30.5581	23.8846	38.4231	37.0288	0.8763	23.8846	38.4231	37.0288	1.1551
54.833	-1.833	9.1868	13.5955	27.4928	37.5455	34.5981	1.1817	27.4928	37.5455	34.5981	1.4093
54.833	-1.667	8.1685	12.1909	27.4474	38.4737	33.6421	1.2348	27.4474	38.4737	33.6421	1.4338
54.833	-1.5	8.2368	12.8337	30.0574	36.1866	33.244	1.2323	30.0574	36.1866	33.244	1.4057
54.833	-1.333	7.7532	12.2176	32.2136	32.8641	34.3301	1.2369	32.2136	32.8641	34.3301	1.4031
54.999	-4.833	999	999	999	999	999	999	999	999	999	999
54.999	-4.667	999	999	999	999	999	999	999	999	999	999
54.999	-4.5	999	999	999	999	999	999	999	999	999	999
54.999	-4.333	999	999	999	999	999	999	999	999	999	999
54.999	-4.167	999	999	999	999	999	999	999	999	999	999
54.999	-4	999	999	999	999	999	999	999	999	999	999
54.999	-3.833	999	999	999	999	999	999	999	999	999	999
54.999	-3.667	999	999	999	999	999	999	999	999	999	999
54.999	-3.5	999	999	999	999	999	999	999	999	999	999
54.999	-3.333	25.9716	86.727	15	4999	38.5	0.573	15	4999	38.5	0.6424
54.999	-3.167	16.8164	38.1102	18.8519	37.7963	38.2222	1.0233	18.8519	37.7963	38.2222	1.1476
54.999	-3	11.945	21.3318	20.4624	50.7168	25.3931	1.1396	20.4624	50.7168	25.3931	1.3503
54.999	-2.833	10.5211	18.8966	21.945	50.165	26.18	1.1458	21.945	50.165	26.18	1.3638
54.999	-2.667	17.0068	32.2168	21.0221	44.105	33.7072	0.8902	21.0221	44.105	33.7072	1.1652
54.999	-2.5	21.9566	53.6924	24.4635	35.2031	39.5208	0.7273	24.4635	35.2031	39.5208	0.9599
54.999	-2.333	17.3003	31.4713	25.0051	35.6954	38.6091	0.881	25.0051	35.6954	38.6091	1.1682
54.999	-2.167	10.1059	15.0706	23.8722	40.85	34.6444	1.1517	23.8722	40.85	34.6444	1.3579
54.999	-2	8.7333	13.0903	27.3788	36.9747	35.2525	1.2027	27.3788	36.9747	35.2525	1.4026
54.999	-1.833	8.2025	12.5386	28.899	37.2525	33.4798	1.2424	28.899	37.2525	33.4798	1.4319
54.999	-1.667	8.8488	15.6062	32.5537	32.8347	34.0579	1.2099	32.5537	32.8347	34.0579	1.3849
54.999	-1.5	8.1996	13.5071	39.7595	23.3165	36.1266	1.2064	39.7595	23.3165	36.1266	1.3566
55.166	-4.667	999	999	999	999	999	999	999	999	999	999
55.166	-4.5	999	999	999	999	999	999	999	999	999	999
55.166	-4.333	999	999	999	999	999	999	999	999	999	999
55.166	-4.167	999	999	999	999	999	999	999	999	999	999
55.166	-4	999	999	999	999	999	999	999	999	999	999
55.166	-3.833	999	999	999	999	999	999	999	999	999	999
55.166	-3.667	999	999	999	999	999	999	999	999	999	999
55.166	-3.5	999	999	999	999	999	999	999	999	999	999
55.166	-3.333	999	999	999	999	999	999	999	999	999	999
55.166	-3.167	999	999	999	999	999	999	999	999	999	999
55.166	-3	15.7783	21.5181	24.6667	47.1667	26.5	1.3603	24.6667	47.1667	26.5	1.527
55.166	-2.833	18.1866	32.9144	23.2051	43.4615	31.641	0.7986	23.2051	43.4615	31.641	1.1313
55.166	-2.667	29.302	78.3898	22.3404	38.7801	37.0496	0.395	22.3404	38.7801	37.0496	0.6459
55.166	-2.5	29.4406	62.6254	22.0355	35.0102	41.9949	0.3721	22.0355	35.0102	41.9949	0.7841
55.166	-2.333	22.1716	36.0479	23.6077	35.8995	39.6555	0.6807	23.6077	35.8995	39.6555	1.0649
55.166	-2.167	16.9501	26.5853	24.7368	37.2053	37.2316	0.915	24.7368	37.2053	37.2316	1.1986
55.166	-2	15.0952	24.2148	27.512	34.9522	36.9282	0.9688	27.512	34.9522	36.9282	1.2413
55.166	-1.833	8.6349	13.2112	31.868	34.1726	33.6853	1.2258	31.868	34.1726	33.6853	1.4164
55.166	-1.667	8.1772	12.8716	33.3333	31.2778	35.0238	1.2466	33.3333	31.2778	35.0238	1.4295
55.333	-4.667	999	999	999	999	999	999	999	999	999	999
55.333	-4.5	999	999	999	999	999	999	999	999	999	999
55.333	-4.333	999	999	999	999	999	999	999	999	999	999
55.333	-4.167	999	999	999	999	999	999	999	999	999	999
55.333	-4	999	999	999	999	999	999	999	999	999	999
55.333	-3.833	999	999	999	999	999	999	999	999	999	999
55.333	-3.667	999	999	999	999	999	999	999	999	999	999
55.333	-3.5	999	999	999	999	999	999	999	999	999	999
55.333	-3.333	999	999	999	999	999	999	999	999	999	999
55.333	-3.167	999	999	999	999	999	999	999	999	999	999
55.333	-3	999	999	999	999	999	999	999	999	999	999
55.333	-2.833	999	999	999	999	999	999	999	999	999	999
55.333	-2.667	18.1829	40.7346	19.7887	50.7324	27.1127	0.5355	19.7887	50.7324	27.1127	0.8271
55.333	-2.5	24.1107	57.2262	18.7785	50.1646	29.6962	0.6564	18.7785	50.1646	29.6962	0.8868
55.333	-2.333	23.2928	48.4927	18.5487	43.2564	37.0462	0.6332	18.5487	43.2564	37.0462	0.9186
55.333	-2.167	19.6596	41.1397	18.3466	44.2784	36.2727	0.7069	18.3466	44.2784	36.2727	0.904
55.333	-2	12.7747	19.3536	23.2778	42.702	33.2222	1.0539	23.2778	42.702	33.2222	1.2492
55.333	-1.833	13.9125	20.5552	24.9778	40.3389	33.9944	1.0463	24.9778	40.3389	33.9944	1.2693
55.333	-1.667	7.6279	11.4977	27.1406	41.0547	31.2188	1.262	27.1406	41.0547	31.2188	1.432
55.499	-5.333	999	999	999	999	999	999	999	999	999	999
55.499	-4.667	999	999	999	999	999	999	999	999	999	999
55.499	-4.5	999	999	999	999	999	999	999	999	999	999
55.499	-4.333	999	999	999	999	999	999	999	999	999	999
55.499	-4.167	999	999	999	999	999	999	999	999	999	999
55.499	-4	999	999	999	999	999	999	999	999	999	999
55.499	-3.833	999	999	999	999	999	999	999	999	999	999
55.499	-3.667	999	999	999	999	999	999	999	999	999	999
55.499	-3.5	999	999	999	999	999	999	999	999	999	999
55.499	-3.333	999	999	999	999	999	999	999	999	999	999
55.499	-3.167	999	999	999	999	999	999	999	999	999	999
55.499	-3	999	999	999	999	999	999	999	999	999	999
55.499	-2.833	999	999	999	999	999	999	999	999	999	999
55.499	-2.667	999	999	999	999	999	999	999	999	999	999
55.499	-2.5	17.72	25.5035	17.1429	53.7143	28.2	1.3705	17.1429	53.7143	28.2	1.4753
55.499	-2.333	19.1035	30.6973	12.7766	57.0319	28.6117	1.1619	12.7766	57.0319	28.6117	1.2605
55.499	-2.167	19.0063	46.8875	11.5055	53.2418	33.956	0.6985	11.5055	53.2418	33.956	0.7971
55.499	-2	11.2208	18.8854	13.9187	55.9091	28.9713	1.0831	13.9187	55.9091	28.9713	1.1932
55.499	-1.833	14.0397	20.6389	25.0632	38.8211	35.4421	1.0637	25.0632	38.8211	35.4421	1.2726
55.499	-1.667	8.3951	13.0098	24.8986	39.2536	35.3261	1.2213	24.9348	39.2971	35.3623	1.4011
55.666	-6.333	999	999	999	999	999	999	999	999	999	999
55.666	-5.5	999	999	999	999	999	999	999	999	999	999
55.666	-5.333	999	999	999	999	999	999	999	999	999	999
55.666	-5.167	999	999	999	999	999	999	999	999	999	999
55.666	-4.833	999	999	999	999	999	999	999	999	999	999
55.666	-4.667	999	999	999	999	999	999	999	999	999	999
55.666	-4.5	999	999	999	999	999	999	999	999	999	999
55.666	-4.333	999	999	999	999	999	999	999	999	999	999
55.666	-4.167	999	999	999	999	999	999	999	999	999	999
55.666	-4	999	999	999	999	999	999	999	999	999	999
55.666	-3.833	999	999	999	999	999	999	999	999	999	999
55.666	-3.667	999	999	999	999	999	999	999	999	999	999
55.666	-3.5	999	999	999	999	999	999	999	999	999	999
55.666	-3.333	999	999	999	999	999	999	999	999	999	999
55.666	-3.167	999	999	999	999	999	999	999	999	999	999
55.666	-3	999	999	999	999	999	999	999	999	999	999
55.666	-2.833	999	999	999	999	999	999	999	999	999	999
55.666	-2.667	999	999	999	999	999	999	999	999	999	999
55.666	-2.5	999	999	999	999	999	999	999	999	999	999
55.666	-2.333	9.5463	13.0447	22.7209	47.2791	28.4651	1.4103	22.7209	47.2791	28.4651	1.4557
55.666	-2.167	7.6457	11.5865	19.189	51.1102	28.8504	1.2865	19.189	51.1102	28.8504	1.3997
55.666	-2	8.8758	13.2914	31.8495	34.7128	32.6223	1.2203	31.6489	34.8723	32.75	1.3962
55.833	-6.167	999	999	999	999	999	999	999	999	999	999
55.833	-5.5	999	999	999	999	999	999	999	999	999	999
55.833	-5.333	999	999	999	999	999	999	999	999	999	999
55.833	-5.167	999	999	999	999	999	999	999	999	999	999
55.833	-5	999	999	999	999	999	999	999	999	999	999
55.833	-4.833	999	999	999	999	999	999	999	999	999	999
55.833	-4.667	999	999	999	999	999	999	999	999	999	999
55.833	-4.5	999	999	999	999	999	999	999	999	999	999
55.833	-4.333	999	999	999	999	999	999	999	999	999	999
55.833	-4.167	999	999	999	999	999	999	999	999	999	999
55.833	-4	999	999	999	999	999	999	999	999	999	999
55.833	-3.833	999	999	999	999	999	999	999	999	999	999
55.833	-3.667	999	999	999	999	999	999	999	999	999	999
55.833	-3.5	999	999	999	999	999	999	999	999	999	999
55.833	-3.333	999	999	999	999	999	999	999	999	999	999
55.833	-3.167	999	999	999	999	999	999	999	999	999	999
55.833	-3	999	999	999	999	999	999	999	999	999	999
55.833	-2.833	999	999	999	999	999	999	999	999	999	999
55.833	-2.667	999	999	999	999	999	999	999	999	999	999
55.833	-2.5	999	999	999	999	999	999	999	999	999	999
55.833	-2.333	999	999	999	999	999	999	999	999	999	999
55.833	-2.167	999	999	999	999	999	999	999	999	999	999
55.999	-5.667	999	999	999	999	999	999	999	999	999	999
55.999	-5.5	999	999	999	999	999	999	999	999	999	999
55.999	-5.333	999	999	999	999	999	999	999	999	999	999
55.999	-5.167	999	999	999	999	999	999	999	999	999	999
55.999	-5	999	999	999	999	999	999	999	999	999	999
55.999	-4.833	999	999	999	999	999	999	999	999	999	999
55.999	-4.667	999	999	999	999	999	999	999	999	999	999
55.999	-4.5	999	999	999	999	999	999	999	999	999	999
55.999	-4.333	999	999	999	999	999	999	999	999	999	999
55.999	-4.167	999	999	999	999	999	999	999	999	999	999
55.999	-4	999	999	999	999	999	999	999	999	999	999
55.999	-3.833	999	999	999	999	999	999	999	999	999	999
55.999	-3.667	999	999	999	999	999	999	999	999	999	999
55.999	-3.5	999	999	999	999	999	999	999	999	999	999
55.999	-3.333	999	999	999	999	999	999	999	999	999	999
55.999	-3.167	999	999	999	999	999	999	999	999	999	999
55.999	-2.667	999	999	999	999	999	999	999	999	999	999
56.166	-5.5	999	999	999	999	999	999	999	999	999	999
56.166	-5.333	999	999	999	999	999	999	999	999	999	999
56.166	-5.167	999	999	999	999	999	999	999	999	999	999
56.166	-5	999	999	999	999	999	999	999	999	999	999
56.166	-4.833	999	999	999	999	999	999	999	999	999	999
56.166	-4.667	999	999	999	999	999	999	999	999	999	999
56.166	-4.5	999	999	999	999	999	999	999	999	999	999
56.166	-4.333	999	999	999	999	999	999	999	999	999	999
56.166	-4.167	999	999	999	999	999	999	999	999	999	999
56.166	-4	999	999	999	999	999	999	999	999	999	999
56.166	-3.833	999	999	999	999	999	999	999	999	999	999
56.166	-3.667	999	999	999	999	999	999	999	999	999	999
56.166	-3.5	999	999	999	999	999	999	999	999	999	999
56.166	-3.333	999	999	999	999	999	999	999	999	999	999
56.166	-2.833	999	999	999	999	999	999	999	999	999	999
56.332	-5.667	999	999	999	999	999	999	999	999	999	999
56.332	-5.333	999	999	999	999	999	999	999	999	999	999
56.332	-5.167	999	999	999	999	999	999	999	999	999	999
56.332	-5	999	999	999	999	999	999	999	999	999	999
56.332	-4.833	999	999	999	999	999	999	999	999	999	999
56.332	-4.667	999	999	999	999	999	999	999	999	999	999
56.332	-4.5	999	999	999	999	999	999	999	999	999	999
56.332	-4.333	999	999	999	999	999	999	999	999	999	999
56.332	-4.167	999	999	999	999	999	999	999	999	999	999
56.332	-4	999	999	999	999	999	999	999	999	999	999
56.332	-3.833	999	999	999	999	999	999	999	999	999	999
56.332	-3.667	999	999	999	999	999	999	999	999	999	999
56.332	-3.5	999	999	999	999	999	999	999	999	999	999
56.332	-3.333	999	999	999	999	999	999	999	999	999	999
56.332	-3.167	999	999	999	999	999	999	999	999	999	999
56.332	-3	999	999	999	999	999	999	999	999	999	999
56.332	-2.833	999	999	999	999	999	999	999	999	999	999
56.499	-6.167	999	999	999	999	999	999	999	999	999	999
56.499	-6	999	999	999	999	999	999	999	999	999	999
56.499	-5.833	999	999	999	999	999	999	999	999	999	999
56.499	-5.5	999	999	999	999	999	999	999	999	999	999
56.499	-5.333	999	999	999	999	999	999	999	999	999	999
56.499	-5.167	999	999	999	999	999	999	999	999	999	999
56.499	-5	999	999	999	999	999	999	999	999	999	999
56.499	-4.833	999	999	999	999	999	999	999	999	999	999
56.499	-4.667	999	999	999	999	999	999	999	999	999	999
56.499	-4.5	999	999	999	999	999	999	999	999	999	999
56.499	-4.333	999	999	999	999	999	999	999	999	999	999
56.499	-4.167	999	999	999	999	999	999	999	999	999	999
56.499	-4	999	999	999	999	999	999	999	999	999	999
56.499	-3.833	999	999	999	999	999	999	999	999	999	999
56.499	-3.667	999	999	999	999	999	999	999	999	999	999
56.499	-3.5	999	999	999	999	999	999	999	999	999	999
56.499	-3.333	999	999	999	999	999	999	999	999	999	999
56.499	-3.167	999	999	999	999	999	999	999	999	999	999
56.499	-3	999	999	999	999	999	999	999	999	999	999
56.666	-6	999	999	999	999	999	999	999	999	999	999
56.666	-5.833	999	999	999	999	999	999	999	999	999	999
56.666	-5.667	999	999	999	999	999	999	999	999	999	999
56.666	-5.5	999	999	999	999	999	999	999	999	999	999
56.666	-5.333	999	999	999	999	999	999	999	999	999	999
56.666	-5.167	999	999	999	999	999	999	999	999	999	999
56.666	-5	999	999	999	999	999	999	999	999	999	999
56.666	-4.833	999	999	999	999	999	999	999	999	999	999
56.666	-4.667	999	999	999	999	999	999	999	999	999	999
56.666	-4.5	999	999	999	999	999	999	999	999	999	999
56.666	-4.333	999	999	999	999	999	999	999	999	999	999
56.666	-4.167	999	999	999	999	999	999	999	999	999	999
56.666	-4	999	999	999	999	999	999	999	999	999	999
56.666	-3.833	999	999	999	999	999	999	999	999	999	999
56.666	-3.667	999	999	999	999	999	999	999	999	999	999
56.666	-3.5	999	999	999	999	999	999	999	999	999	999
56.666	-3.333	999	999	999	999	999	999	999	999	999	999
56.666	-3.167	999	999	999	999	999	999	999	999	999	999
56.666	-3	999	999	999	999	999	999	999	999	999	999
56.666	-2.833	999	999	999	999	999	999	999	999	999	999
56.666	-2.667	999	999	999	999	999	999	999	999	999	999
56.832	-5.667	999	999	999	999	999	999	999	999	999	999
56.832	-5.5	999	999	999	999	999	999	999	999	999	999
56.832	-5.333	999	999	999	999	999	999	999	999	999	999
56.832	-5.167	999	999	999	999	999	999	999	999	999	999
56.832	-5	999	999	999	999	999	999	999	999	999	999
56.832	-4.833	999	999	999	999	999	999	999	999	999	999
56.832	-4.667	999	999	999	999	999	999	999	999	999	999
56.832	-4.5	999	999	999	999	999	999	999	999	999	999
56.832	-4.333	999	999	999	999	999	999	999	999	999	999
56.832	-4.167	999	999	999	999	999	999	999	999	999	999
56.832	-4	999	999	999	999	999	999	999	999	999	999
56.832	-3.833	999	999	999	999	999	999	999	999	999	999
56.832	-3.667	999	999	999	999	999	999	999	999	999	999
56.832	-3.5	999	999	999	999	999	999	999	999	999	999
56.832	-3.333	999	999	999	999	999	999	999	999	999	999
56.832	-3.167	999	999	999	999	999	999	999	999	999	999
56.832	-3	999	999	999	999	999	999	999	999	999	999
56.832	-2.833	999	999	999	999	999	999	999	999	999	999
56.832	-2.667	999	999	999	999	999	999	999	999	999	999
56.832	-2.5	999	999	999	999	999	999	999	999	999	999
56.999	-5.833	999	999	999	999	999	999	999	999	999	999
56.999	-5.667	999	999	999	999	999	999	999	999	999	999
56.999	-5.5	999	999	999	999	999	999	999	999	999	999
56.999	-5.333	999	999	999	999	999	999	999	999	999	999
56.999	-5.167	999	999	999	999	999	999	999	999	999	999
56.999	-5	999	999	999	999	999	999	999	999	999	999
56.999	-4.833	999	999	999	999	999	999	999	999	999	999
56.999	-4.667	999	999	999	999	999	999	999	999	999	999
56.999	-4.5	999	999	999	999	999	999	999	999	999	999
56.999	-4.333	999	999	999	999	999	999	999	999	999	999
56.999	-4.167	999	999	999	999	999	999	999	999	999	999
56.999	-4	999	999	999	999	999	999	999	999	999	999
56.999	-3.833	999	999	999	999	999	999	999	999	999	999
56.999	-3.667	999	999	999	999	999	999	999	999	999	999
56.999	-3.5	999	999	999	999	999	999	999	999	999	999
56.999	-3.333	999	999	999	999	999	999	999	999	999	999
56.999	-3.167	999	999	999	999	999	999	999	999	999	999
56.999	-3	999	999	999	999	999	999	999	999	999	999
56.999	-2.833	999	999	999	999	999	999	999	999	999	999
56.999	-2.667	999	999	999	999	999	999	999	999	999	999
56.999	-2.5	999	999	999	999	999	999	999	999	999	999
56.999	-2.333	999	999	999	999	999	999	999	999	999	999
57.166	-6	999	999	999	999	999	999	999	999	999	999
57.166	-5.833	999	999	999	999	999	999	999	999	999	999
57.166	-5.667	999	999	999	999	999	999	999	999	999	999
57.166	-5.5	999	999	999	999	999	999	999	999	999	999
57.166	-5.333	999	999	999	999	999	999	999	999	999	999
57.166	-5.167	999	999	999	999	999	999	999	999	999	999
57.166	-5	999	999	999	999	999	999	999	999	999	999
57.166	-4.833	999	999	999	999	999	999	999	999	999	999
57.166	-4.667	999	999	999	999	999	999	999	999	999	999
57.166	-4.5	999	999	999	999	999	999	999	999	999	999
57.166	-4.333	999	999	999	999	999	999	999	999	999	999
57.166	-4.167	999	999	999	999	999	999	999	999	999	999
57.166	-4	999	999	999	999	999	999	999	999	999	999
57.166	-3.833	999	999	999	999	999	999	999	999	999	999
57.166	-3.667	999	999	999	999	999	999	999	999	999	999
57.166	-3.5	999	999	999	999	999	999	999	999	999	999
57.166	-3.333	999	999	999	999	999	999	999	999	999	999
57.166	-3.167	999	999	999	999	999	999	999	999	999	999
57.166	-3	999	999	999	999	999	999	999	999	999	999
57.166	-2.833	999	999	999	999	999	999	999	999	999	999
57.166	-2.667	999	999	999	999	999	999	999	999	999	999
57.166	-2.5	999	999	999	999	999	999	999	999	999	999
57.166	-2.333	999	999	999	999	999	999	999	999	999	999
57.166	-2.167	999	999	999	999	999	999	999	999	999	999
57.332	-6.5	999	999	999	999	999	999	999	999	999	999
57.332	-6.333	999	999	999	999	999	999	999	999	999	999
57.332	-6.167	999	999	999	999	999	999	999	999	999	999
57.332	-6	999	999	999	999	999	999	999	999	999	999
57.332	-5.667	999	999	999	999	999	999	999	999	999	999
57.332	-5.5	999	999	999	999	999	999	999	999	999	999
57.332	-5.333	999	999	999	999	999	999	999	999	999	999
57.332	-5.167	999	999	999	999	999	999	999	999	999	999
57.332	-5	999	999	999	999	999	999	999	999	999	999
57.332	-4.833	999	999	999	999	999	999	999	999	999	999
57.332	-4.667	999	999	999	999	999	999	999	999	999	999
57.332	-4.5	999	999	999	999	999	999	999	999	999	999
57.332	-4.333	999	999	999	999	999	999	999	999	999	999
57.332	-4.167	999	999	999	999	999	999	999	999	999	999
57.332	-4	999	999	999	999	999	999	999	999	999	999
57.332	-3.833	999	999	999	999	999	999	999	999	999	999
57.332	-3.667	999	999	999	999	999	999	999	999	999	999
57.332	-3.5	999	999	999	999	999	999	999	999	999	999
57.332	-3.333	999	999	999	999	999	999	999	999	999	999
57.332	-3.167	999	999	999	999	999	999	999	999	999	999
57.332	-3	999	999	999	999	999	999	999	999	999	999
57.332	-2.833	999	999	999	999	999	999	999	999	999	999
57.332	-2.667	999	999	999	999	999	999	999	999	999	999
57.332	-2.5	999	999	999	999	999	999	999	999	999	999
57.332	-2.333	999	999	999	999	999	999	999	999	999	999
57.332	-2.167	999	999	999	999	999	999	999	999	999	999
57.499	-6.5	999	999	999	999	999	999	999	999	999	999
57.499	-6.333	999	999	999	999	999	999	999	999	999	999
57.499	-6.167	999	999	999	999	999	999	999	999	999	999
57.499	-5.667	999	999	999	999	999	999	999	999	999	999
57.499	-5.5	999	999	999	999	999	999	999	999	999	999
57.499	-5.333	999	999	999	999	999	999	999	999	999	999
57.499	-5.167	999	999	999	999	999	999	999	999	999	999
57.499	-5	999	999	999	999	999	999	999	999	999	999
57.499	-4.833	999	999	999	999	999	999	999	999	999	999
57.499	-4.667	999	999	999	999	999	999	999	999	999	999
57.499	-4.5	999	999	999	999	999	999	999	999	999	999
57.499	-4.333	999	999	999	999	999	999	999	999	999	999
57.499	-4.167	999	999	999	999	999	999	999	999	999	999
57.499	-4	999	999	999	999	999	999	999	999	999	999
57.499	-3.833	999	999	999	999	999	999	999	999	999	999
57.499	-3.667	999	999	999	999	999	999	999	999	999	999
57.499	-3.5	999	999	999	999	999	999	999	999	999	999
57.499	-3.333	999	999	999	999	999	999	999	999	999	999
57.499	-3.167	999	999	999	999	999	999	999	999	999	999
57.499	-3	999	999	999	999	999	999	999	999	999	999
57.499	-2.833	999	999	999	999	999	999	999	999	999	999
57.499	-2.667	999	999	999	999	999	999	999	999	999	999
57.499	-2.5	999	999	999	999	999	999	999	999	999	999
57.499	-2.333	999	999	999	999	999	999	999	999	999	999
57.499	-2.167	999	999	999	999	999	999	999	999	999	999
57.499	-2	999	999	999	999	999	999	999	999	999	999
57.666	-5.667	999	999	999	999	999	999	999	999	999	999
57.666	-5.5	999	999	999	999	999	999	999	999	999	999
57.666	-5.333	999	999	999	999	999	999	999	999	999	999
57.666	-5.167	999	999	999	999	999	999	999	999	999	999
57.666	-5	999	999	999	999	999	999	999	999	999	999
57.666	-4.833	999	999	999	999	999	999	999	999	999	999
57.666	-4.667	999	999	999	999	999	999	999	999	999	999
57.666	-4.5	999	999	999	999	999	999	999	999	999	999
57.666	-4.333	999	999	999	999	999	999	999	999	999	999
57.666	-4.167	999	999	999	999	999	999	999	999	999	999
57.666	-4	999	999	999	999	999	999	999	999	999	999
57.666	-3.833	999	999	999	999	999	999	999	999	999	999
57.666	-3.333	999	999	999	999	999	999	999	999	999	999
57.666	-3.167	999	999	999	999	999	999	999	999	999	999
57.832	-5.5	999	999	999	999	999	999	999	999	999	999
57.832	-5.333	999	999	999	999	999	999	999	999	999	999
57.832	-5.167	999	999	999	999	999	999	999	999	999	999
57.832	-5	999	999	999	999	999	999	999	999	999	999
57.832	-4.833	999	999	999	999	999	999	999	999	999	999
57.832	-4.667	999	999	999	999	999	999	999	999	999	999
57.832	-4.5	999	999	999	999	999	999	999	999	999	999
57.832	-4.333	999	999	999	999	999	999	999	999	999	999
57.832	-4.167	999	999	999	999	999	999	999	999	999	999
57.832	-4	999	999	999	999	999	999	999	999	999	999
57.999	-6.833	999	999	999	999	999	999	999	999	999	999
57.999	-6.667	999	999	999	999	999	999	999	999	999	999
57.999	-5.333	999	999	999	999	999	999	999	999	999	999
57.999	-5.167	999	999	999	999	999	999	999	999	999	999
57.999	-5	999	999	999	999	999	999	999	999	999	999
57.999	-4.833	999	999	999	999	999	999	999	999	999	999
57.999	-4.667	999	999	999	999	999	999	999	999	999	999
57.999	-4.5	999	999	999	999	999	999	999	999	999	999
57.999	-4.333	999	999	999	999	999	999	999	999	999	999
57.999	-4.167	999	999	999	999	999	999	999	999	999	999
58.166	-6.833	999	999	999	999	999	999	999	999	999	999
58.166	-6.667	999	999	999	999	999	999	999	999	999	999
58.166	-6.5	999	999	999	999	999	999	999	999	999	999
58.166	-5.167	999	999	999	999	999	999	999	999	999	999
58.166	-5	999	999	999	999	999	999	999	999	999	999
58.166	-4.833	999	999	999	999	999	999	999	999	999	999
58.166	-4.667	999	999	999	999	999	999	999	999	999	999
58.166	-4.5	999	999	999	999	999	999	999	999	999	999
58.166	-4.333	999	999	999	999	999	999	999	999	999	999
58.166	-4.167	999	999	999	999	999	999	999	999	999	999
58.166	-4	999	999	999	999	999	999	999	999	999	999
58.166	-3.833	999	999	999	999	999	999	999	999	999	999
58.332	-6.333	999	999	999	999	999	999	999	999	999	999
58.332	-5	999	999	999	999	999	999	999	999	999	999
58.332	-4.833	999	999	999	999	999	999	999	999	999	999
58.332	-4.667	999	999	999	999	999	999	999	999	999	999
58.332	-4.5	999	999	999	999	999	999	999	999	999	999
58.332	-4.333	999	999	999	999	999	999	999	999	999	999
58.332	-4.167	999	999	999	999	999	999	999	999	999	999
58.332	-4	999	999	999	999	999	999	999	999	999	999
58.332	-3.833	999	999	999	999	999	999	999	999	999	999
58.332	-3.667	999	999	999	999	999	999	999	999	999	999
58.332	-3.5	999	999	999	999	999	999	999	999	999	999
58.499	-4.833	999	999	999	999	999	999	999	999	999	999
58.499	-4.667	999	999	999	999	999	999	999	999	999	999
58.499	-4.5	999	999	999	999	999	999	999	999	999	999
58.499	-4	999	999	999	999	999	999	999	999	999	999
58.499	-3.833	999	999	999	999	999	999	999	999	999	999
58.499	-3.667	999	999	999	999	999	999	999	999	999	999
58.499	-3.5	999	999	999	999	999	999	999	999	999	999
58.499	-3.333	999	999	999	999	999	999	999	999	999	999
58.499	-3.167	999	999	999	999	999	999	999	999	999	999
58.832	-3	999	999	999	999	999	999	999	999	999	999
58.999	-3.167	999	999	999	999	999	999	999	999	999	999
58.999	-3	999	999	999	999	999	999	999	999	999	999
