 -2.500  -62.500
1901    30.49   89.24   98.22   97.19   94.55   88.28   87.74   92.36   90.50   93.89   92.98   90.43    1045.9
1902   111.27  118.77  126.16  124.68  115.61  114.31  112.82  109.26  109.99  116.31  113.09  119.84    1392.1
1903   132.57  131.69  141.91  138.80  132.38  122.36  119.00  120.45  113.51  118.09  130.09  134.42    1535.3
1904   140.95  139.94  152.98  152.48  146.97  127.62  126.31  124.39  123.63  132.88  139.93  137.68    1645.8
1905   132.55  137.25  159.16  144.85  148.89  130.38  126.95  125.44  130.20  134.76  144.17  139.20    1653.8
1906   146.52  144.81  147.96  156.12  143.20  138.56  128.49  124.57  129.67  137.11  148.90  146.39    1692.3
1907   148.34  138.19  159.30  154.11  146.38  139.99  126.48  129.19  124.79  141.53  151.02  149.39    1708.7
1908   145.28  146.34  166.35  161.54  147.39  140.94  121.41  126.58  122.24  132.53  153.25  149.27    1713.1
1909   136.58  140.23  143.35  153.27  152.66  139.34  132.21  134.17  137.42  146.61  149.88  144.93    1710.6
1910   155.87  152.54  152.41  133.46  137.61  143.12  130.88  121.32  130.64  145.03  137.25  136.26    1676.4
1911   154.77  149.18  160.95  154.44  140.53  147.34  120.99  129.57  111.08  126.54  125.20  139.52    1660.1
1912   122.20  124.05  144.86  154.75  144.30  140.19  125.50  130.43  136.53  150.52  133.27  162.20    1668.8
1913   156.00  151.27  161.28  152.70  150.55  141.88  138.80  123.48  128.31  135.56  139.09  171.86    1750.8
1914   172.28  171.73  166.84  147.34  159.09  133.12  136.57  136.75  127.96  146.50  157.10  176.02    1831.3
1915   156.40  141.38  151.53  169.18  137.86  144.24  146.02  133.82  134.48  131.33  127.59  127.70    1701.5
1916   163.50  156.46  148.27  149.74  141.38  149.06  133.43  114.97  109.25  144.57  137.92  136.13    1684.7
1917   132.91  141.33  151.43  157.26  146.35  151.56  142.77  129.62  124.33  132.15  147.90  145.49    1703.1
1918   139.31  144.83  144.51  144.32  148.36  139.14  133.80  122.02  105.86  137.13  145.25  147.55    1652.1
1919   163.02  160.58  153.98  160.94  145.95  147.69  138.13  127.39  134.26  155.80  147.53  147.87    1783.1
1920   158.02  153.97  159.78  160.56  161.12  136.63  139.68  117.80  118.99  137.98  125.84  123.98    1694.3
1909   140.09  143.70  146.45  164.29  163.89  152.57  140.59  145.23  144.30  148.39  149.73  147.46    1786.7
1902   152.99  146.73  160.95  156.52  150.44  155.00  144.19  132.88  125.49  145.71  132.26  154.93    1758.1
1916   163.03  158.71  154.28  156.57  146.49  150.03  132.57  115.57  110.72  144.63  136.85  134.87    1704.3
1912   132.18  133.85  159.07  168.06  151.03  148.13  131.91  131.19  135.05  149.37  133.54  161.88    1735.3
1919   167.52  167.45  160.03  166.93  144.30  146.38  139.09  128.71  133.70  154.10  145.97  148.56    1802.7
1907   157.46  150.05  170.66  164.27  155.21  154.58  137.44  141.97  129.29  145.36  153.35  151.59    1811.2
1914   177.60  178.66  176.85  153.31  166.09  139.21  137.95  135.91  127.33  146.59  156.51  178.01    1874.0
1901   151.26  169.36  150.43  155.42  158.71  142.20  135.23  138.20  139.84  139.48  150.31  168.03    1798.5
1915   162.92  145.78  156.17  175.51  143.55  148.16  144.88  132.40  134.16  131.20  127.80  129.72    1732.2
1913   162.07  155.28  166.22  158.88  158.42  150.80  141.97  121.56  126.36  135.04  140.76  179.51    1796.9
1906   154.92  153.75  156.53  169.86  153.86  149.46  139.20  135.40  139.57  146.68  157.29  151.68    1808.2
1911   163.71  153.58  165.14  164.43  150.52  153.48  127.05  132.77  109.12  124.99  126.71  144.02    1715.5
1920   153.53  153.17  163.19  161.52  158.84  136.09  138.68  117.01  118.13  137.02  127.89  126.60    1691.7
1908   154.11  154.48  178.72  175.05  158.58  154.85  127.77  133.14  125.87  134.95  159.00  153.81    1810.3
1910   165.39  159.80  159.98  137.78  147.86  153.97  138.11  127.05  129.81  147.40  138.48  137.29    1742.9
1904   160.22  162.69  176.61  180.25  168.53  137.64  145.16  138.50  139.03  147.00  164.54  146.30    1866.5
1905   140.53  148.92  178.06  155.86  165.69  140.10  139.73  135.37  144.34  145.01  153.38  142.46    1789.5
1918   144.74  150.60  149.59  148.63  148.92  137.22  132.06  123.12  108.75  139.41  146.37  149.90    1679.3
1917   133.91  144.97  155.93  160.71  148.41  148.34  140.42  130.57  125.79  133.44  148.21  146.03    1716.7
1903   153.30  154.70  166.35  163.74  154.67  144.59  134.64  146.82  124.87  134.31  155.23  148.66    1781.9
1902   157.97  149.60  160.04  153.77  146.55  152.80  144.86  133.61  125.72  146.27  134.27  157.83    1763.3
1907   159.37  147.40  167.84  162.55  153.37  152.93  138.25  143.99  131.22  147.17  155.56  154.31    1814.0
1919   171.42  164.45  157.09  163.47  142.98  147.50  140.29  129.02  134.70  156.17  148.07  151.01    1806.2
1906   155.02  152.84  155.94  167.79  152.17  152.00  143.01  137.26  140.86  147.72  154.76  150.43    1809.8
1912   137.56  136.98  158.14  163.78  150.80  150.77  132.95  130.27  135.07  151.47  134.83  164.37    1747.0
1909   141.02  145.56  147.17  160.68  163.69  153.28  141.76  145.58  144.12  148.30  152.03  149.29    1792.5
1905   138.94  147.22  174.94  155.40  169.06  142.27  141.51  137.53  143.72  144.14  152.59  141.46    1788.8
1913   158.98  153.04  164.82  159.95  159.63  151.29  144.01  123.14  127.72  136.38  139.03  174.84    1792.8
1918   140.81  148.60  148.77  150.50  151.72  138.77  134.26  123.96  107.30  138.38  145.61  149.27    1677.9
1917   132.20  143.08  156.36  163.46  150.20  150.24  142.61  130.55  125.48  132.44  147.33  144.58    1718.5
1901   147.79  165.47  151.28  156.85  158.46  141.99  135.47  140.52  141.79  140.20  151.37  164.03    1795.2
1902   155.98  150.17  162.25  155.90  148.65  155.88  145.16  132.94  125.05  145.67  133.22  155.71    1766.6
1903   151.87  155.74  168.63  165.55  156.84  147.58  136.04  145.68  123.58  133.60  154.07  146.88    1786.1
1904   160.85  164.05  176.87  179.54  169.73  139.38  146.30  140.41  139.07  145.08  162.79  145.98    1870.1
1905   141.25  149.54  177.58  155.71  167.17  141.47  142.06  136.74  142.74  142.44  151.38  142.94    1791.0
1906   156.56  154.53  156.79  170.24  154.00  150.81  141.60  136.35  140.04  146.32  154.25  151.32    1812.8
1907   160.26  147.70  169.50  164.44  155.82  154.94  136.64  141.62  130.18  146.14  156.02  154.98    1818.2
1908   155.56  154.74  178.96  175.30  158.64  156.80  128.47  133.63  126.29  134.41  158.74  154.59    1816.1
1909   143.23  146.56  149.33  162.44  163.33  151.59  140.73  144.51  143.04  148.28  152.41  151.02    1796.5
1910   165.13  160.52  160.57  137.94  148.97  155.36  138.87  127.42  130.13  146.28  138.74  137.51    1747.4
 -2.500  -50.100
1901    36.14  101.74  105.93  107.20   98.66   97.32   94.49   85.23   77.42   81.22   77.90   79.86    1043.1
1902   121.20  142.14  143.11  140.47  125.47  121.49  114.56   98.66   89.50   91.81   89.50  109.16    1387.1
1903   131.09  149.32  154.29  158.52  133.49  126.51  121.60   96.81   91.97   98.01   91.03  118.61    1471.2
1904   141.16  150.42  159.94  159.01  146.06  128.71  113.99   94.26   92.74   92.88   97.59  122.63    1499.4
1905   143.00  159.50  153.48  164.86  148.83  134.62  114.59   99.50   93.48   94.18   97.33  129.47    1532.8
1906   157.07  163.67  162.05  154.93  142.62  132.18  120.11  100.01   98.93   96.78   96.36  130.72    1555.4
1907   157.03  150.35  164.73  171.28  155.97  137.81  121.71  101.77   97.64   87.78   99.14  120.75    1566.0
1908   171.31  174.34  177.24  167.49  159.14  135.50  121.23  107.45   98.63   95.90   96.64  115.74    1620.6
1909   138.70  162.93  162.91  166.59  158.82  139.29  131.15  102.59   98.60  100.23   89.72  131.89    1583.4
1910   150.65  148.74  168.13  168.31  135.58  138.05  118.91  107.37  102.73   90.52   94.89  134.29    1558.2
1911   128.35  177.61  159.42  152.08  156.21  140.50  122.84  105.10   94.89   95.17   98.56  129.07    1559.8
1912   147.96  146.22  156.61  160.83  145.14  137.63  121.60  104.42  100.70   95.71   97.09  117.30    1531.2
1913   152.79  164.96  179.46  163.69  163.80  133.51  128.03  106.61   94.54  104.12   99.27  109.10    1599.9
1914   144.43  160.05  159.11  163.83  151.05  153.15  152.80  126.87  100.11   89.23   67.69  101.31    1569.7
1915   149.22  172.40  166.11  178.69  155.57  152.66  159.82  127.68   86.93   70.79   71.12  120.11    1611.1
1916   156.20  192.64  178.65  163.97  163.45  123.72  100.69   72.37   60.12   47.45   71.72  133.72    1464.7
1917   148.56  190.75  160.26  161.50  186.80  130.18  103.09   74.95   67.61   59.68   76.24  142.02    1501.6
1918   152.80  144.62  169.26  149.09  178.56  123.59  123.54   97.88   83.33   94.70   73.75   96.93    1488.1
1919   165.88  177.47  177.83  164.57  159.77  144.35  115.91  129.17  113.23  104.13   78.78   91.96    1623.1
1920   152.57  164.92  167.18  184.48  165.56  127.46  117.34  145.99  130.20  133.82  105.63  135.59    1730.7
1909   147.64  172.55  170.13  174.12  168.02  145.14  138.53  106.70  100.43  100.54   91.07  136.65    1651.5
1902   176.22  193.66  191.84  173.82  162.43  154.56  132.92  107.34   95.52   93.30   95.92  131.49    1709.0
1916   158.73  195.18  181.89  166.22  166.25  125.58   98.84   72.03   61.24   47.77   72.25  135.94    1481.9
1912   153.53  150.95  161.53  165.32  149.34  142.23  128.12  106.15  100.96   96.22   96.99  115.16    1566.5
1919   173.27  178.95  179.41  166.37  161.47  145.47  116.18  126.97  114.38  104.87   79.06   92.32    1638.7
1907   157.71  163.49  182.48  184.29  167.38  146.87  135.17  110.44   97.98   82.56  101.23  120.46    1650.1
1914   148.87  163.65  163.69  168.52  156.15  156.67  155.95  126.00  101.79   90.64   68.20  103.44    1603.6
1901   146.05  170.52  176.36  180.40  166.54  151.66  135.35  109.11   96.29  102.33   98.10  111.99    1644.7
1915   161.00  178.12  169.95  182.61  159.58  155.48  162.18  124.52   88.13   70.69   70.91  122.31    1645.5
1913   156.50  170.69  185.46  169.16  169.90  137.31  134.55  110.83   94.55  103.60   99.01  110.05    1641.6
1906   169.54  178.44  174.19  170.44  155.00  146.11  136.55  107.32   99.32   95.88   95.48  129.82    1658.1
1911   132.28  186.59  167.01  158.72  163.80  147.43  135.33  108.27   94.61   94.89   97.81  128.20    1614.9
1920   167.13  166.05  168.28  185.73  167.00  128.28  117.78  137.68  130.98  134.61  106.14  147.39    1757.0
1908   188.29  188.71  191.43  181.07  172.20  142.82  121.84  112.07  100.82   97.70   99.45  123.41    1719.8
1910   161.38  156.71  177.82  176.06  141.68  146.77  128.37  110.70  103.78   90.79   94.16  136.27    1624.5
1904   157.35  173.49  180.71  183.98  171.90  145.35  132.34  100.64   93.27   95.06   96.18  125.41    1655.7
1905   157.51  176.55  165.43  182.18  168.09  147.91  134.56  104.62   95.86   97.34   98.88  129.11    1658.0
1918   153.98  147.74  172.21  151.60  181.97  125.79  127.94  100.63   82.06   93.63   72.23   94.07    1503.8
1917   146.19  193.06  162.11  164.13  188.81  132.01  105.75   78.30   66.47   57.74   75.10  140.50    1510.2
1903   156.56  177.48  187.09  192.68  151.70  150.39  139.92  104.62   93.80  100.70   91.68  133.96    1680.6
1902   176.47  194.26  192.41  174.37  163.04  155.15  130.31  107.95   96.28   93.96   96.38  131.89    1712.5
1907   169.19  163.90  182.92  184.74  167.83  147.29  132.32  106.34  100.03   84.37  102.27  122.46    1663.7
1919   172.45  179.65  180.12  167.05  162.08  146.06  116.66  127.48  114.62  104.98   78.89   92.23    1642.3
1906   156.49  178.78  174.57  170.81  155.34  146.46  136.86  109.42   98.90   95.48   95.16  128.93    1647.2
1912   151.85  151.58  162.07  165.91  149.93  142.87  130.35  106.94  100.61   95.84   96.73  113.64    1568.3
1909   147.67  173.69  171.11  175.12  169.11  146.06  139.15  106.41  101.12  101.00   91.43  138.99    1660.9
1905   156.45  176.80  165.64  182.42  168.32  148.11  132.82  105.10   96.26   97.69   99.14  132.45    1661.2
1913   157.75  171.19  185.95  169.60  170.42  137.73  134.86  110.49   94.85  103.81   99.14  110.17    1646.0
1918   154.47  148.03  172.47  151.83  182.27  126.01  128.09  101.33   81.91   93.50   72.05   95.51    1507.5
1917   146.35  193.15  162.19  164.28  188.93  132.14  105.85   78.36   66.51   57.70   74.97  140.92    1511.3
1901   157.03  170.88  176.78  180.87  167.00  152.12  134.62  104.03   97.95  103.67   99.14  116.43    1660.5
1902   177.39  194.55  192.65  174.57  163.25  155.36  135.02  107.52   95.47   93.11   95.74  132.46    1717.1
1903   156.61  177.91  187.49  193.10  151.99  150.71  137.92  105.03   94.33  101.14   92.01  135.49    1683.7
1904   157.64  173.76  180.98  184.29  172.21  145.60  127.09  101.67   94.30   96.07   96.90  125.89    1656.4
1905   158.70  176.93  165.73  182.54  168.45  148.21  134.82  104.75   95.98   97.46   98.93  128.77    1661.3
1906   168.40  179.05  174.73  171.00  155.51  146.62  136.99  106.84   99.65   96.12   95.58  128.61    1659.1
1907   169.28  164.19  183.24  185.02  168.09  147.53  135.64  106.68   99.32   83.63  101.90  121.69    1666.2
1908   185.29  189.07  191.77  181.43  172.54  143.11  127.74  112.02   99.73   96.59   98.98  120.37    1718.6
1909   147.96  173.86  171.25  175.25  169.26  146.17  138.07  106.37  101.49  101.31   91.70  139.23    1661.9
1910   160.41  156.95  178.09  176.35  141.91  147.06  124.99  111.06  104.52   91.68   94.74  136.65    1624.4
 36.000  -84.250
1901     2.13    4.79   17.94   33.27   54.31   89.10  109.26   81.46   59.56   32.03    7.52    6.91     498.3
1902     5.64    4.50   17.39   34.73   86.91  113.16  111.75   97.62   71.00   50.44   25.61    8.22     627.0
1903     5.93   12.45   37.40   57.55   82.52   91.17  132.27  118.79   64.50   36.62   11.61    6.25     657.1
1904     8.37    7.13   27.36   40.28   74.23  118.75  107.73   96.23   84.94   35.77   14.76   11.56     627.1
1905     5.29   11.23   42.47   52.53   86.82  131.15  129.55  118.34   88.76   40.44   15.38   12.92     734.9
1906     8.08    6.78   17.73   54.34   73.81  128.17  150.59  116.98   91.32   37.87   24.89   11.95     722.5
1907    13.00    9.45   47.56   36.97   71.21  125.35  145.92  106.17   83.18   37.33   13.36    7.81     697.3
1908     7.14    7.81   48.47   66.34   90.82  120.65  121.43  110.90   89.01   44.09   17.27   13.26     737.2
1909    12.01   19.35   42.70   65.92   79.64  133.90  127.11  126.76   66.32   27.00   21.35    4.92     727.0
1910    13.65   10.40   35.78   47.14   71.22   97.79  145.23  109.78  115.50   57.42   12.10    8.24     724.3
1911    12.79   18.49   29.60   67.69   88.72  127.72  115.67  110.28  102.58   61.21   14.11   17.97     766.8
1912     5.13   10.46   17.59   82.87   96.65  110.81  145.12  115.47  102.58   46.77   15.44   10.42     759.3
1913    20.54   13.81   39.97   51.34   87.48  130.19  117.10   84.18   59.63   32.98   14.32    9.36     660.9
1914     9.01    6.65   17.69   64.17   89.83  117.57  126.85  121.09   82.84   63.27   16.17    9.93     725.1
1915    12.34    9.68   11.03   51.07   96.46  116.38  128.69  123.41   91.21   70.28   34.79   11.44     756.8
1916    17.68   11.61   21.37   50.61  101.81  127.35  146.07  111.78   79.13   39.43   17.68   11.25     735.8
1917    12.61    9.72   26.70   64.82   61.78  115.50  136.36  118.34   82.09   41.69   15.03    4.58     689.2
1918     4.63   16.61   36.90   61.34  101.19  130.94  108.94  122.05   64.12   59.26   13.75   16.18     735.9
1919    10.17    7.83   26.10   54.14   88.34  123.09  109.80   95.90   69.90   64.76   26.59   12.19     688.8
1920    13.49    9.54   24.42   62.40   88.29  122.74  118.28  126.06  104.22   49.30   17.46   12.61     748.8
1909    13.49   20.56   40.83   69.71   82.59  138.51  131.27  130.41   67.89   31.32   22.30    5.09     754.0
1902    12.84    5.00   27.96   41.10   99.57  133.27  122.80  103.51   78.85   53.74   28.63   10.93     718.2
1916    18.53   11.90   23.03   51.33  102.55  128.18  146.65  112.18   79.55   39.51   16.19   11.25     740.9
1912     5.53   10.86   18.29   85.75   98.70  113.46  148.07  117.26  104.54   47.37   15.77   10.80     776.4
1919    10.49    8.14   27.09   54.86   89.08  123.80  110.22   96.24   70.06   64.99   26.67   12.22     693.8
1907    14.17   10.18   50.55   39.95   73.98  133.91  153.98  110.76   88.87   40.62   14.29    8.59     739.9
1914     9.61    6.84   19.28   66.96   91.53  119.20  127.92  122.32   84.57   65.22   16.33   10.30     740.1
1901    10.35    6.34   30.93   48.29   79.01  126.64  145.79  110.50   97.27   45.50   11.40    9.06     721.1
1915    12.10    9.89   11.24   51.86   98.10  118.57  130.41  124.95   92.51   72.24   35.97   11.65     769.5
1913    20.92   14.29   35.69   53.04   90.15  132.97  118.44   84.52   60.79   33.98   15.52    9.75     670.1
1906     9.08    7.31   16.58   55.70   78.26  135.73  158.21  123.82   93.97   40.11   32.33   13.11     764.2
1911    12.39   19.43   27.55   71.11   91.91  130.90  118.32  112.44  105.04   64.96   15.16   18.86     788.1
1920    13.57    9.21   24.08   63.10   89.79  124.38  119.47  127.43  105.63   49.69   17.72   12.85     756.9
1908     8.21    9.29   54.26   71.21   95.44  125.47  126.00  114.02   91.41   45.73   17.69   14.17     772.9
1910    13.35   11.29   38.38   50.14   74.10  100.46  150.27  112.98  119.76   59.81   12.57    8.62     751.7
1904     9.57    8.38   35.33   46.47   81.43  130.70  114.13  100.36   90.67   37.92   16.19   13.40     684.5
1905     5.82   13.03   47.85   56.69   93.40  142.41  138.54  125.50   94.99   42.74   16.88   14.58     792.4
1918     4.66   16.43   39.09   62.83  103.42  133.16  110.94  123.55   65.40   56.66   14.06   16.70     746.9
1917    14.05   12.14   36.48   66.22   62.27  115.62  134.61  113.58   76.51   39.19   13.29    4.59     688.6
1903     7.17   15.03   49.23   67.01   90.19   99.39  147.90  129.38   67.34   38.80   13.77    7.58     732.8
1902    12.33    5.09   28.94   41.64  100.55  134.62  123.65  104.02   79.38   54.28   28.62   10.98     724.1
1907    14.67   10.29   50.98   40.47   74.74  134.83  154.69  111.24   89.26   41.03   14.35    8.62     745.2
1919    10.30    7.63   26.45   55.46   90.26  125.02  110.96   96.89   70.32   65.51   27.14   12.48     698.4
1906     9.26    7.83   17.03   56.29   78.72  136.63  158.97  124.49   94.51   40.47   32.70   13.28     770.2
1912     5.46   11.35   18.26   86.83   99.83  114.52  149.16  118.04  105.36   47.84   15.86   10.84     783.3
1909    13.00   20.97   41.18   71.04   84.01  140.28  132.84  131.78   68.63   33.31   22.63    5.13     764.8
1905     6.00   13.40   47.70   57.06   94.08  143.50  139.37  126.33   95.65   42.99   17.14   14.84     798.1
1913    21.19   14.48   41.48   53.75   90.94  133.74  118.82   84.73   60.97   33.30   14.85    9.80     678.1
1918     4.64   16.10   39.01   63.17  103.68  133.48  111.20  123.79   65.52   56.69   14.05   16.65     748.0
1917    14.07   12.18   37.04   66.71   62.60  116.02  134.98  113.95   76.75   39.28   13.35    4.60     691.5
1901     9.42    6.22   30.90   48.88   80.26  128.33  147.03  111.30   98.47   46.22   11.61    9.15     727.8
1902    12.16    5.10   26.30   41.90  100.89  134.84  123.85  104.16   79.47   54.52   29.52   10.96     723.7
1903     7.45   15.31   44.86   67.21   90.47   99.61  147.80  129.36   67.52   40.98   13.76    7.54     731.9
1904     9.74    8.40   33.93   46.37   81.88  131.24  114.54  100.66   90.96   38.07   16.23   13.43     685.5
1905     5.83   13.08   48.07   57.08   93.90  143.05  139.14  126.00   95.41   42.97   16.98   14.65     796.2
1906     9.21    7.77   21.21   58.90   79.07  137.33  159.44  124.96   94.80   40.73   27.71   13.47     774.6
1907    14.49   10.36   51.56   41.07   75.24  135.71  155.46  111.85   89.90   41.34   14.45    8.71     750.1
1908     7.85    8.75   53.43   71.38   96.40  126.48  126.95  114.67   91.62   46.07   17.83   14.33     775.8
1909    13.09   21.23   45.29   71.20   84.26  140.61  133.11  132.03   68.77   28.21   22.63    5.14     765.6
1910    14.87   11.11   37.50   50.64   75.08  101.35  151.59  113.94  120.81   60.43   12.74    8.75     758.8
 54.000 -105.100
1901     0.34    0.94    1.85    9.61   44.44   42.18   67.71   47.16   19.12   11.41    1.65    0.58     247.0
1902     1.08    0.95    2.10   14.65   42.83   45.32   71.14   61.91   19.41    7.81    2.60    0.41     270.2
1903     0.78    0.90    1.70   16.70   35.78   60.97   58.63   47.63   18.41   12.34    1.77    0.60     256.2
1904     0.47    0.45    1.91   14.84   36.69   68.06   70.60   46.52   23.57    9.39    3.99    0.74     277.2
1905     0.41    1.26    5.50   15.96   38.28   52.21   69.87   86.40   33.13    6.73    8.34    1.45     319.5
1906     0.99    0.72    3.69   24.90   33.79   81.12   76.81   49.92   26.80   14.43    1.92    0.50     315.6
1907     0.65    0.82    3.72    6.69   18.03   76.75   74.47   63.07   20.98   13.35    2.52    1.93     283.0
1908     1.82    1.18    1.95   22.82   46.87   85.53   68.03   46.34   27.32   11.81    5.79    1.29     320.7
1909     0.72    0.81    2.99   12.81   49.04   74.74  101.12   67.90   40.63   13.18    2.14    0.70     366.8
1910     1.21    1.39   11.42   17.08   33.84   56.63   68.16   36.34   21.26    7.78    2.61    0.79     258.5
1911     0.48    1.41    4.51   15.11   43.24   90.08   61.87   61.68   32.79   10.36    3.61    1.63     326.8
1912     0.52    0.96    2.58   16.87   42.34   97.14   79.90   64.49   31.33   10.32    4.07    2.09     352.6
1913     0.28    0.84    2.72   22.72   32.37   64.55   94.11   74.74   41.33    9.05    3.59    1.40     347.7
1914     0.55    0.70    5.01   16.44   51.09   69.70   79.56   39.18   26.25   13.19    2.31    0.52     304.5
1915     0.73    2.09    5.76   26.75   35.17   58.58   68.75   65.48   22.19   10.34    1.49    1.25     298.6
1916     0.61    0.81    3.22   17.48   37.54   60.51  107.71   72.46   28.24    7.89    4.43    0.61     341.5
1917     0.32    1.05    5.11   10.02   48.97   57.70   77.38   43.84   31.17    6.65    6.72    0.43     289.4
1918     0.41    0.63    5.90   20.86   29.12   63.62   66.19   60.18   26.21    9.92    3.14    1.21     287.4
1919     0.94    1.12    2.60   20.12   44.81   77.65   74.87   80.81   54.45    5.06    1.30    0.56     364.3
1920     0.52    2.03    3.01    8.14   51.55   77.47   79.34   68.18   38.19   16.07    2.67    0.99     348.2
1909     0.74    0.83    3.06   13.05   48.84   75.49  103.14   68.63   41.20   13.34    2.18    0.72     371.2
1902     1.30    1.15    2.47   17.67   56.05   52.00   81.54   69.05   21.24    8.37    3.34    0.47     314.6
1916     0.61    0.82    3.25   17.82   39.25   60.78  108.09   72.63   28.33    7.93    4.44    0.61     344.6
1912     0.53    0.98    2.61   15.51   42.64   98.09   81.05   65.51   31.88   10.58    4.18    2.16     355.7
1919     0.95    1.14    2.64   20.96   45.42   78.14   75.11   81.27   54.83    5.09    1.31    0.56     367.4
1907     0.67    0.85    4.04    7.07   18.85   79.60   76.82   64.77   21.95   13.87    2.61    2.02     293.1
1914     0.56    0.71    5.08   16.93   51.24   69.87   79.54   39.16   26.33   13.25    2.31    0.52     305.5
1901     0.42    1.17    2.83   19.22   63.49   54.33  101.76   64.49   25.21   15.18    2.10    0.71     350.9
1915     0.74    2.13    5.89   26.41   35.29   58.91   69.04   65.54   22.36   10.37    1.50    1.25     299.4
1913     0.28    0.85    2.79   23.19   32.68   64.99   94.89   75.42   41.66    9.18    3.62    1.41     351.0
1906     1.04    0.75    3.85   25.17   35.38   85.11   78.60   50.87   27.71   15.26    2.03    0.52     326.3
1911     0.49    1.44    4.71   16.10   44.76   91.49   62.74   62.68   33.25   10.46    3.77    1.66     333.5
1920     0.53    2.04    3.03    8.27   52.56   77.90   79.52   68.32   38.36   16.16    2.68    0.99     350.4
1908     1.89    1.22    2.01   23.91   47.97   88.12   69.22   47.07   28.00   12.51    6.11    1.34     329.4
1910     1.24    1.42   11.83   14.99   33.92   56.44   68.21   36.35   21.33    7.82    2.64    0.80     257.0
1904     0.52    0.50    2.15   15.63   40.30   74.38   77.42   49.39   25.30   10.62    4.34    0.80     301.4
1905     0.44    1.37    5.96   17.17   40.63   55.11   71.84   90.62   34.96    7.09    9.30    1.53     336.0
1918     0.41    0.64    6.30   21.36   29.53   64.21   66.61   60.53   26.35   10.04    3.16    1.22     290.3
1917     0.32    1.06    5.09    9.99   49.27   57.74   77.32   43.86   31.20    6.68    6.73    0.42     289.7
1903     0.90    1.04    1.99   18.39   38.56   66.41   64.95   52.13   19.93   14.37    2.02    0.67     281.4
1902     1.30    1.15    2.49   17.81   52.36   51.69   81.13   68.81   21.17    8.35    3.32    0.47     310.1
1907     0.67    0.85    4.02    6.87   18.70   79.99   76.45   64.57   21.85   13.84    2.60    2.01     292.4
1919     0.95    1.14    2.64   20.26   44.79   77.61   74.74   80.74   54.47    5.06    1.31    0.56     364.3
1906     1.04    0.75    3.85   28.05   35.37   84.98   78.61   50.97   27.78   15.23    2.02    0.52     329.2
1912     0.53    0.98    2.61   16.55   42.52   97.78   80.79   65.26   31.76   10.52    4.16    2.15     355.6
1909     0.74    0.84    3.08   13.19   48.71   75.44  103.32   68.67   41.25   13.36    2.19    0.72     371.5
1905     0.44    1.37    5.80   21.56   41.74   55.40   71.97   90.87   35.07    7.11    9.35    1.53     342.2
1913     0.28    0.85    2.81   22.37   32.57   64.75   94.69   75.32   41.61    9.17    3.62    1.41     349.5
1918     0.41    0.64    6.30   21.04   29.42   64.36   66.71   60.60   26.39   10.06    3.16    1.22     290.3
1917     0.32    1.06    5.10   10.22   49.37   57.76   77.35   43.86   31.20    6.67    6.72    0.42     290.1
1901     0.42    1.17    2.79   18.20   63.43   54.05  101.19   64.18   25.11   15.09    2.09    0.70     348.4
1902     1.30    1.15    2.52   17.72   52.12   51.80   81.34   68.95   21.21    8.35    3.34    0.47     310.3
1903     0.90    1.04    1.99   19.33   40.70   66.57   65.18   52.30   19.97   14.43    2.03    0.67     285.1
1904     0.53    0.50    2.16   15.84   40.75   74.28   77.27   49.28   25.25   10.60    4.34    0.81     301.6
1905     0.44    1.37    5.96   17.34   40.60   54.97   71.66   90.52   34.91    7.08    9.31    1.53     335.7
1906     1.04    0.75    3.88   25.87   34.84   84.58   78.16   50.67   27.64   15.19    2.03    0.52     325.2
1907     0.67    0.85    4.01    6.91   18.76   79.09   76.34   64.53   21.83   13.83    2.61    2.01     291.4
1908     1.89    1.23    2.02   23.77   47.52   87.43   68.71   46.74   27.78   12.41    6.06    1.34     326.9
1909     0.74    0.83    3.11   13.09   49.46   75.22  102.77   68.29   41.10   13.31    2.19    0.72     370.8
1910     1.24    1.42   11.60   17.33   33.92   56.68   68.37   36.46   21.38    7.84    2.65    0.80     259.7
 48.670    7.080
1901     1.91    1.92    4.50   18.55   36.59   69.85   79.93   65.41   48.01   22.64    4.63    3.98     357.9
1902     2.90    3.08    8.76   30.54   34.19   67.70   80.53   70.39   43.86   20.21    6.26    3.39     371.8
1903     4.32    5.26   13.82   19.22   50.46   64.08   82.02   83.69   46.48   30.35    9.78    2.16     411.6
1904     1.98    8.47    7.88   29.01   65.72   79.48   85.42   68.05   43.89   21.01    8.63    5.55     425.1
1905     2.08    6.11   14.98   24.57   49.16   90.24  101.87   74.98   48.93   13.17   10.78    4.22     441.1
1906     4.41    4.79    9.90   22.41   59.97   65.19   81.06   75.15   44.02   26.71   12.13    5.42     411.2
1907     3.93    3.14   11.60   27.53   58.47   72.15   81.10   72.96   45.17   22.58   10.76    5.43     414.8
1908     2.63    7.09    6.83   15.32   76.18   85.86  101.29   77.64   48.46   16.61    9.67    4.27     451.9
1909     2.79    4.14    8.70   37.84   50.82   78.91   82.36   80.89   56.78   36.61   10.40    8.21     458.4
1910     6.54    7.81    8.17   21.45   52.78   95.95   94.39   84.50   43.24   27.69   17.37    7.86     467.8
1911     2.39    6.74   10.88   26.96   60.94   76.66   88.63   84.70   46.16   29.50   16.98    6.62     457.2
1912     4.92    8.46   20.17   26.05   63.61   81.50   91.91   72.62   31.13   25.38    7.11    7.58     440.4
1913     4.94    5.32   19.63   32.49   62.31   79.89   69.66   60.66   48.70   26.25   17.52    7.27     434.6
1914     3.30    7.48   15.03   42.58   62.85   87.79   94.31   93.60   59.11   22.00   10.47   10.77     509.3
1915     6.20    5.14    9.42   28.79   75.94   88.92   77.93   75.76   44.28   15.98    8.45   12.37     449.2
1916     7.35    8.68   12.16   38.78   68.39   68.68   88.65   86.65   50.25   36.36   13.51    7.01     486.5
1917     2.64    2.64    8.63   14.15   86.32  110.26   89.10   84.84   59.81   31.29   13.94    2.08     505.7
1918     4.30    5.33   11.17   40.49   68.96   65.38   89.66   71.31   68.25   23.64   11.42   10.30     470.2
1919     4.04    5.71   12.87   18.36   50.97   65.46   74.28   79.05   60.45   16.90   13.83   12.15     414.1
1920     7.36    6.16   18.92   41.70   74.68   70.47  100.70   66.75   59.46   22.26    4.16    6.84     479.4
1909     2.79    4.15    8.08   37.12   51.45   81.55   84.11   83.08   58.50   38.00   10.95    8.56     468.3
1902     4.68    4.29   11.90   34.78   39.23   73.84   86.76   76.57   47.38   22.55    7.38    3.84     413.2
1916     7.87    8.55   12.12   38.38   68.51   69.21   89.37   87.59   50.65   36.91   13.63    7.11     489.9
1912     5.13    8.64   22.29   26.67   64.72   82.77   92.88   73.81   31.79   25.80    7.09    7.82     449.4
1919     4.10    5.77   11.85   20.97   51.24   65.74   74.45   79.18   60.54   16.94   13.33   12.09     416.2
1907     2.96    3.30   12.45   29.15   60.32   73.83   82.94   73.85   45.73   22.81   11.12    5.53     424.0
1914     3.30    7.92   15.33   43.17   63.63   88.19   94.71   93.94   59.33   22.12   10.49   10.78     512.9
1901     2.45    2.67   11.42   35.16   48.69   89.22   97.89   79.76   61.64   30.27    7.30    6.37     472.8
1915     6.44    5.30    9.58   28.48   76.62   89.12   78.08   75.92   44.41   16.02    8.65   12.62     451.2
1913     5.27    5.58   19.65   32.79   63.32   80.60   70.03   60.89   48.91   26.51   19.95    7.28     440.8
1906     4.72    4.97   10.35   23.43   63.43   68.06   84.51   77.55   45.01   27.75   12.64    5.75     428.2
1911     2.46    7.56   11.41   27.30   61.95   77.85   89.11   84.99   46.69   29.93   17.23    6.73     463.2
1920     7.31    6.11   20.09   42.85   74.96   70.72  101.64   67.23   60.01   22.46    4.01    6.97     484.4
1908     2.25    6.67    6.89   18.73   79.45   87.42  103.85   79.82   49.71   16.90    9.65    4.30     465.6
1910     7.42    8.31    8.66   22.87   54.06   97.90   95.67   85.85   43.87   28.14   17.65    7.97     478.4
1904     2.18    9.01   10.25   31.97   70.07   82.60   87.38   70.12   45.49   22.14    9.11    5.90     446.2
1905     2.18    6.55   16.91   26.05   51.58   93.71  104.70   76.60   50.56   13.82   11.29    4.51     458.5
1918     3.91    5.17   10.86   39.88   68.82   65.45   90.24   71.69   68.73   23.81   11.38   10.35     470.3
1917     2.76    2.68    8.96   14.63   86.71  110.50   89.28   85.03   59.93   31.39   13.99    2.08     507.9
1903     5.14    5.59   15.56   19.47   53.71   68.79   88.49   90.92   49.96   32.82   12.65    2.57     445.7
1902     5.21    4.19   11.40   31.19   39.47   74.79   87.67   77.56   47.95   22.83    8.21    3.95     414.4
1907     4.17    3.30   12.96   28.23   60.34   74.41   83.99   74.31   46.05   22.95   11.33    5.60     427.6
1919     4.74    5.81   13.10   17.70   51.26   65.75   74.64   79.35   60.69   17.05   13.99   12.51     416.6
1906     4.54    5.05   11.33   24.94   63.46   67.43   83.19   76.70   44.69   27.33   12.44    5.56     426.7
1912     5.89    8.58   19.86   26.66   64.83   82.78   92.90   73.78   31.78   26.05    7.36    7.78     448.3
1909     2.85    4.21    8.05   37.21   51.73   82.02   84.48   83.49   58.76   38.20   11.02    8.59     470.6
1905     1.78    6.59   17.12   26.36   51.88   94.02  104.89   76.68   50.68   13.89   11.34    4.56     459.8
1913     5.26    5.51   21.08   33.48   63.27   80.77   70.39   61.09   49.11   26.56   17.62    7.35     441.5
1918     3.98    5.21   10.77   40.29   69.10   65.95   90.73   71.98   69.21   24.01   11.52   10.43     473.2
1917     2.81    2.69    9.06   14.64   86.86  110.64   89.37   85.11   60.00   31.42   14.00    2.08     508.7
1901     2.48    2.71   12.24   37.25   49.54   89.46   97.51   79.37   61.41   30.13    7.22    6.28     475.6
1902     4.71    4.30   11.97   34.86   39.44   74.15   87.04   76.78   47.53   22.62    7.39    3.84     414.6
1903     5.03    6.20   16.02   21.97   54.23   68.42   87.95   90.46   49.75   32.58   10.72    2.36     445.7
1904     2.17    9.54    9.39   31.21   70.15   83.26   87.84   70.67   45.80   22.45    9.20    6.02     447.7
1905     2.20    6.64   17.24   26.35   51.64   93.77  104.74   76.62   50.59   13.83   11.29    4.51     459.4
1906     4.64    5.00   10.86   23.86   63.11   67.71   84.08   77.28   44.91   27.61   12.56    5.68     427.3
1907     4.15    3.28   12.45   28.89   60.52   74.29   83.84   74.23   46.00   22.92   11.29    5.59     427.5
1908     2.71    7.55    7.29   16.24   79.09   87.38  104.19   80.13   49.86   16.90   10.21    4.48     466.0
1909     2.94    4.30    9.29   39.31   52.15   81.50   83.93   82.80   58.24   37.75   10.85    8.46     471.5
1910     6.92    8.16    8.48   22.12   53.82   98.20   96.34   86.46   44.16   28.35   17.85    8.09     478.9
 41.750   12.370
1901     0.54    1.96   22.24   38.29   71.90   97.04   75.02   45.91   85.55   52.00   18.14   19.30     527.9
1902     8.57   31.33   31.86   62.98   72.18   89.65   88.96   45.13   24.54   43.56   25.50   12.02     536.3
1903    10.14   21.17   37.84   41.34   81.95   86.59  107.29   66.19   31.75   28.94   29.10   23.00     565.3
1904    16.70   26.62   48.34   62.08   76.15  101.33  117.59   63.73   34.56   38.97   18.19   16.51     620.8
1905     6.66   14.41   34.29   61.89   96.30  124.19  107.70   76.11   57.84   29.47   34.05   12.82     655.7
1906    12.96   23.99   38.00   54.47   88.80  114.19   87.26   58.03   39.02   42.79   31.59   18.81     609.9
1907    11.73   24.93   20.12   46.03   79.50   83.64   69.17   42.30   25.61   68.66   27.76   24.92     524.4
1908     7.40   15.90   32.64   50.79   78.19   76.04   68.45   50.94   22.04   36.99   17.75   14.66     471.8
1909     6.15    6.85   32.03   55.13   87.71   95.01  109.25   84.33   79.74   60.04   29.49   21.00     666.7
1910    10.33   28.64   29.51   59.02   87.91  110.82   78.99   61.40   36.15   50.43   32.16   25.85     611.2
1911     8.31   11.97   42.75   48.44   92.59  122.00   97.91   73.26   83.34   43.40   31.14   18.01     673.1
1912    17.27   39.45   41.47   44.48   74.34   94.61   83.35   41.36   19.09   40.34   24.33   16.28     536.4
1913    13.72   23.76   35.45   67.72   91.94  110.10   72.15   54.93   40.17   29.95   21.20   16.87     578.0
1914     6.23   24.08   36.95   49.27   94.04   89.44   79.50   86.65   33.42   25.39   21.62   25.23     571.8
1915    23.25   36.95   38.92   56.20   98.52  118.07   97.76   62.20   35.26   42.93   28.38   28.11     666.5
1916     8.09   18.80   55.70   70.65   90.30   82.11   64.97   43.51   58.35   47.10   34.94   29.10     603.6
1917    23.25   22.16   38.33   38.48   90.41   94.30   68.38   33.60   17.43   22.25   25.96   21.56     496.1
1918     8.20   12.49   31.15   63.40   95.10   91.69   73.69   55.51   32.33   43.04   23.30   17.07     547.0
1919    17.51   18.02   41.34   56.73   65.30   95.92   60.56   45.56   34.88   38.14   26.41   15.28     515.7
1920    15.65   19.36   37.54   57.16   89.13   83.90   73.11   48.49   35.45   29.99   20.97   23.23     534.0
1909    11.63   19.58   41.38   55.38   85.83   91.77  103.19   75.30   61.30   48.23   31.56   23.17     648.3
1902    12.46   38.32   33.34   65.11   75.09   88.68   86.92   44.93   25.08   45.44   28.44   14.49     558.3
1916     8.12   18.99   55.64   70.36   90.27   79.59   62.88   44.28   59.06   48.33   36.94   30.00     604.5
1912    18.55   39.12   41.21   44.40   73.50   91.16   82.23   41.26   19.37   39.88   25.37   16.96     533.0
1919    18.61   17.90   40.56   55.49   64.62   93.36   60.95   46.12   35.31   37.51   26.62   15.23     512.3
1907    14.05   28.54   21.54   47.97   81.44   82.13   67.81   42.24   26.66   76.38   32.53   28.22     549.5
1914     7.18   23.45   36.52   49.06   90.56   85.97   78.10   85.22   35.13   26.43   22.68   26.99     567.3
1901     4.89    6.47   32.59   45.74   80.69  102.72   75.19   47.17   91.18   57.48   26.47   28.19     598.8
1915    26.02   36.93   40.45   56.76   97.18  113.37   93.80   60.99   36.61   46.80   30.78   30.29     670.0
1913    14.86   24.61   37.03   69.63   91.44  107.59   70.52   55.09   42.44   32.77   23.22   18.83     588.0
1906    14.39   23.27   37.24   54.09   87.12  108.88   84.85   56.38   37.63   44.00   34.16   20.52     602.5
1911     8.88   11.56   41.50   46.75   88.78  114.19   94.00   71.60   80.44   43.97   31.73   18.77     652.2
1920    13.57   19.94   38.27   58.27   87.46   82.84   74.40   50.01   36.37   32.08   22.71   23.74     539.7
1908    10.49   20.51   34.57   54.14   79.44   73.96   68.13   50.45   20.61   40.08   19.51   17.02     488.9
1910    11.60   28.81   28.67   58.25   86.82  106.77   75.55   60.21   34.98   51.59   33.97   27.25     604.5
1904    18.17   27.45   49.85   63.96   75.68   98.06  115.91   64.20   35.78   40.53   20.16   18.21     628.0
1905     8.03   16.39   35.05   63.36   97.66  119.96  105.12   75.71   58.66   30.78   37.45   14.07     662.2
1918     8.47   13.65   32.84   66.90  102.89   92.92   74.90   57.38   33.65   51.70   27.70   18.64     581.6
1917    24.33   22.01   38.46   38.70   91.37   91.39   66.68   35.68   18.37   22.29   27.79   21.88     499.0
1903    10.59   20.72   36.84   40.47   80.92   82.75   99.86   64.32   30.51   28.87   29.42   24.60     549.9
1902    11.79   39.01   33.88   66.16   76.15   88.52   87.45   45.34   25.26   46.04   29.12   14.39     563.1
1907    14.19   28.98   21.68   48.13   81.60   82.12   67.89   42.36   26.72   76.80   32.71   28.10     551.3
1919    17.63   17.70   39.59   54.11   61.82   92.30   61.81   46.50   35.08   35.65   25.51   14.96     502.7
1906    13.57   23.94   38.14   55.13   89.92  110.83   85.18   56.82   38.34   44.85   34.68   20.59     612.0
1912    17.83   36.11   39.34   43.50   72.36   89.24   82.41   40.65   18.65   36.98   22.79   16.47     516.3
1909    11.12   19.05   41.07   55.32   85.65   88.95  102.87   75.78   61.35   49.56   31.45   23.26     645.4
1905     7.83   16.40   34.94   63.24   96.58  119.24  104.80   75.71   58.73   30.76   37.80   14.11     660.2
1913    14.23   24.91   37.59   69.94   95.91  108.77   70.07   54.45   42.18   31.50   22.58   18.86     591.0
1918     8.58   13.34   32.71   65.87   99.79   93.93   73.45   56.50   33.01   47.10   26.22   18.08     568.6
1917    23.40   21.85   38.52   38.79   91.61   92.30   66.15   35.41   18.26   22.28   27.96   21.90     498.4
1901     5.85    7.16   30.90   43.90   78.88  100.54   74.31   45.96   87.77   55.67   23.89   26.63     581.5
1902    10.76   36.37   33.95   66.42   75.72   88.35   87.64   45.49   25.36   46.02   29.12   13.98     559.2
1903    11.71   22.67   39.32   42.83   84.34   83.70  103.71   65.54   32.08   30.53   32.72   25.93     575.1
1904    18.71   27.31   49.89   64.10   77.42   97.63  115.38   63.93   35.74   40.59   20.28   18.54     629.5
1905     7.94   16.26   35.09   63.46   97.80  119.89  105.15   75.87   58.73   30.86   37.57   14.09     662.7
1906    14.51   25.16   38.90   55.68   90.38  112.26   84.88   57.05   38.70   45.13   35.00   20.64     618.3
1907    13.04   26.47   20.61   46.80   79.93   79.97   67.75   42.15   25.62   73.66   30.74   27.28     534.0
1908     8.39   16.52   33.12   51.70   76.60   73.47   67.39   51.61   23.14   38.27   19.33   16.11     475.7
1909     7.28    8.09   32.63   55.88   88.17   91.54  106.54   82.42   78.39   64.05   32.28   22.85     670.1
1910    11.36   29.57   29.97   59.77   85.83  106.72   76.15   60.66   36.24   53.17   35.05   28.15     612.6
 64.120   19.450
1901     0.59    1.12    2.46    6.67   16.12   51.90   51.85   28.28   12.80    9.84    1.56    0.38     183.6
1902     0.60    0.99    2.81    6.67   18.88   31.19   46.98   45.21   21.81    3.83    1.79    0.87     181.6
1903     0.75    3.78    5.92    8.41   17.29   45.34   53.23   49.05   28.64    9.75    1.18    2.12     225.4
1904     2.04    0.84    2.22   12.87   25.44   52.64   46.75   47.52   24.92    9.73    2.50    0.35     227.8
1905     0.77    2.11    5.31    6.97   27.46   65.58   64.85   46.83   28.86    7.57    3.41    1.12     260.8
1906     2.42    2.43    2.91   11.87   26.07   54.25   61.50   37.67   18.20    7.86    1.69    1.91     228.8
1907     1.01    5.35    4.49   11.87   21.42   59.90   52.90   43.47   20.03   14.25    2.77    0.75     238.2
1908     1.21    1.42    3.77    8.05   16.86   48.43   63.32   49.46   25.16    9.61    1.83    1.63     230.7
1909     1.66    2.15    6.82    7.05   14.81   42.45   60.78   49.06   31.40   21.34    1.29    2.45     241.2
1910     1.32    4.12    6.35   15.17   30.96   59.72   64.21   37.15   24.09   10.69    2.95    1.40     258.1
1911     2.32    4.47    4.80    9.76   34.01   46.78   58.79   59.01   29.60   10.72    1.73    1.33     263.3
1912     0.94    2.66    6.29   11.97   31.11   62.82   59.16   51.66   28.85    7.77    2.92    1.91     268.1
1913     0.76    2.04    7.48   10.91   30.09   56.89   91.22   55.61   27.09    8.85    4.70    0.70     296.4
1914     0.92    1.28    3.99   17.16   33.84   68.91   76.09   43.76   24.92    5.81    3.49    2.95     283.1
1915     0.96    1.17    2.91   11.03   31.48   45.07   86.61   47.33   28.35    7.00    2.11    0.27     264.3
1916     0.65    1.86    3.26   12.93   29.74   48.26   88.13   41.85   19.47    8.06    7.31    1.53     263.1
1917     0.61    1.89    2.12   15.51   29.16   62.98   46.25   47.16   30.41   11.48    3.33    0.87     251.8
1918     0.93    3.48    4.60    9.45   31.79   57.71   70.96   42.31   31.45   10.84    8.36    1.26     273.1
1919     1.08    2.12    6.28   12.34   31.35   81.33   92.16   59.75   35.76    7.58    1.49    1.13     332.4
1920     0.92    2.58   13.69   11.45   36.61   48.82   80.04   44.94   32.44   12.33    4.32    0.95     289.1
1909     1.71    2.21    7.08    7.20   16.16   43.34   62.16   50.03   32.50   21.85    1.33    2.48     248.1
1902     0.94    1.28    4.64    7.97   21.53   35.07   61.09   57.41   28.50    5.06    2.12    1.22     226.8
1916     0.65    1.87    3.29   12.36   25.45   48.26   88.34   42.01   19.58    8.12    7.35    1.54     258.8
1912     0.96    2.74    6.48   12.20   35.66   64.30   59.62   52.39   29.36    7.89    2.95    1.92     276.5
1919     1.09    2.13    7.01   13.58   31.79   82.20   92.71   60.20   36.17    7.70    1.51    1.13     337.2
1907     1.06    5.83    5.59   12.95   23.45   62.83   55.18   44.85   21.36   15.52    2.86    0.79     252.3
1914     0.94    1.30    4.06   16.80   33.29   68.99   76.52   44.10   25.21    5.88    3.52    2.97     283.6
1901     1.68    1.48    4.64   17.19   22.53   73.92   65.07   33.33   14.10   17.60    2.19    0.48     254.2
1915     0.98    1.17    2.90   10.99   31.68   45.20   87.08   47.56   28.52    7.05    2.13    0.27     265.5
1913     0.78    2.06    7.63   12.21   30.39   57.59   92.09   56.21   27.38    8.99    4.77    0.70     300.8
1906     2.69    2.64    3.05   14.98   27.92   56.47   63.15   39.40   19.10    8.46    1.78    2.04     241.7
1911     2.06    4.57    4.75   10.11   35.26   47.53   59.42   59.89   30.21   10.98    1.77    1.34     267.9
1920     0.93    2.61   12.81   11.36   36.61   48.90   80.28   45.17   32.58   12.40    4.35    0.96     289.0
1908     1.26    1.48    3.95    8.63   17.73   50.58   64.86   50.42   26.29    9.98    1.94    1.68     238.8
1910     1.36    4.28    6.30   15.77   32.02   61.10   65.29   37.22   24.59   11.00    3.01    1.38     263.3
1904     2.80    0.96    2.64   15.60   29.10   57.92   50.74   54.72   28.91   11.20    3.04    0.39     258.0
1905     0.85    2.32    6.00    8.20   29.55   67.49   68.36   50.23   29.73    8.14    3.74    1.23     275.8
1918     0.96    3.60    3.54    7.78   29.55   57.25   71.01   42.57   32.06   11.07    8.58    1.30     269.3
1917     0.61    1.91    2.14   13.63   27.31   62.88   46.11   47.00   30.57   11.57    3.35    0.88     248.0
1903     0.97    5.68    8.57   11.81   20.23   51.80   62.56   59.30   34.68   13.28    1.36    2.89     273.1
1902     0.95    1.28    4.69    7.99   20.27   34.98   61.27   57.51   28.59    5.08    2.13    1.25     226.0
1907     1.01    5.60    4.73   12.67   23.18   62.64   55.04   44.80   21.35   15.54    2.85    0.79     250.2
1919     1.09    2.14    6.24   12.56   32.54   82.57   92.53   60.13   36.21    7.71    1.51    1.14     336.4
1906     2.71    2.65    3.05   15.56   28.54   56.36   63.04   39.40   19.09    8.46    1.78    2.05     242.7
1912     0.96    2.78    6.50   12.21   33.27   63.97   59.38   52.26   29.35    7.89    2.95    1.91     273.4
1909     1.74    2.23    7.64    8.40   16.52   43.67   62.65   50.12   32.52   21.87    1.33    2.49     251.2
1905     0.86    2.34    6.01    8.17   28.90   67.26   68.23   50.09   29.68    8.11    3.73    1.23     274.6
1913     0.78    2.07    7.18   10.46   29.96   57.00   91.82   56.10   27.31    8.98    4.78    0.71     297.2
1918     0.94    3.57    4.67    8.18   31.69   57.90   70.87   42.45   31.89   11.00    8.52    1.27     272.9
1917     0.61    1.90    2.13   13.74   27.25   62.63   46.04   46.94   30.47   11.53    3.34    0.87     247.4
1901     1.68    1.48    4.64   18.71   22.91   73.67   64.99   33.34   14.12   17.57    2.19    0.48     255.8
1902     0.97    1.25    4.62    7.91   23.60   35.35   61.23   57.25   28.44    5.05    2.12    1.22     229.0
1903     0.97    5.32    7.73   12.36   20.61   51.60   62.28   59.05   34.53   13.24    1.35    2.84     271.9
1904     2.70    0.96    2.65   14.99   29.08   57.73   50.62   54.58   28.83   11.18    3.04    0.39     256.8
1905     0.85    2.32    5.99    8.16   29.27   67.20   68.10   50.02   29.66    8.12    3.74    1.23     274.7
1906     2.63    2.64    3.04   12.87   27.53   56.07   62.84   39.28   18.99    8.42    1.77    2.11     238.2
1907     1.06    5.82    4.76   12.64   22.70   62.20   54.69   44.62   21.19   15.42    2.84    0.79     248.7
1908     1.26    1.48    3.95    8.51   17.49   50.20   64.44   50.14   26.14    9.89    1.93    1.68     237.1
1909     1.72    2.22    7.23    7.28   15.23   42.95   62.00   49.76   32.28   21.76    1.33    2.48     246.2
1910     1.37    4.26    6.62   15.80   31.47   60.41   64.84   37.02   24.47   10.93    3.00    1.42     261.6
 44.080    0.080
1901     0.96    1.17    8.24   36.35   56.86   81.07  101.41   67.86   69.58   27.31    7.16    7.49     465.5
1902     3.90    6.28   25.97   44.25   47.43   91.19  105.90   73.49   56.92   31.97   16.11    7.81     511.2
1903     5.19    8.59   15.86   33.55   64.19   81.70  104.86   83.20   65.01   46.53   23.61   11.34     543.6
1904     7.75   20.85   20.94   42.43   72.37   93.83  100.52   63.71   36.52   17.46    9.91    9.06     495.3
1905     5.01    7.40   34.37   39.49   58.14   97.27   99.05   90.60   67.67   22.89   20.53    6.97     549.4
1906    12.14   19.24   24.73   47.90   60.14   70.53   72.92   53.55   26.48   28.15   22.11   10.34     448.2
1907     4.84    6.67   19.10   45.35   80.29   77.45   93.95   67.20   46.21   46.49   15.62   13.73     516.9
1908     5.13   14.44   28.24   41.35   76.63  108.44   92.83   79.31   67.28   36.54   11.70   14.15     576.0
1909     5.83    4.83   20.39   45.60   66.44   93.03   83.38   95.00   59.09   44.54   11.32   14.87     544.3
1910     9.50   20.72   23.48   38.36   70.43  104.24   85.16   86.03   44.50   30.92   26.26   11.66     551.3
1911     3.35    7.08   17.89   34.62   77.18  113.08  111.64   72.44   59.44   38.19   20.39   16.21     571.5
1912    10.99   21.19   47.06   39.49   82.71   82.29  113.16   87.21   39.43   36.57   14.92    9.91     584.9
1913    15.90   14.11   42.10   48.73   73.38   93.48   99.42   81.39   50.23   36.90   23.98    9.93     589.6
1914     3.07   17.68   39.98   47.76   62.02   81.57   92.22   73.50   51.53   25.36   15.02   12.08     521.8
1915    13.97   27.98   20.51   38.27   83.33  100.42   88.03   57.84   47.02   23.95   16.34   19.52     537.2
1916     7.57   16.85   30.78   45.73   71.43   65.78   81.59   78.45   49.63   31.18   20.71   12.45     512.1
1917     4.73    5.82   21.64   29.92   84.27  114.73   93.22   80.52   57.87   35.81   17.02    4.01     549.6
1918     6.20   12.25   25.61   40.78   84.17   75.92   73.16   55.11   57.06   20.52   13.90   14.78     479.4
1919     9.71   16.18   36.84   42.21   75.83   78.31   73.69   77.55   55.23   32.03   16.94   14.10     528.6
1920     7.75   11.37   34.13   49.19   70.78   97.19   85.66   68.44   60.53   37.60   14.26    7.95     544.9
1909     6.32    5.19   21.75   46.53   67.47   94.77   84.22   96.02   59.62   45.27   11.63   15.32     554.1
1902     6.81    9.38   32.47   49.15   51.70  100.57  111.00   76.25   59.39   34.93   18.65    9.74     560.0
1916     7.45   17.92   32.79   47.56   73.20   67.15   82.62   79.52   50.52   32.43   22.22   12.85     526.2
1912    11.27   23.11   47.25   39.81   83.97   83.14  114.06   88.10   39.16   36.22   15.29   10.23     591.6
1919     9.87   16.12   37.72   42.95   76.88   78.79   73.97   77.91   55.55   32.43   17.36   14.51     534.1
1907     5.74    8.48   20.20   47.28   84.09   79.67   95.56   67.25   46.95   47.51   16.55   14.46     533.7
1914     3.33   19.02   40.70   47.96   61.99   81.52   92.20   73.53   51.70   25.51   14.99   12.09     524.5
1901     7.91    5.61   22.55   52.87   69.65   92.94  118.09   69.97   84.87   31.36    9.50   13.69     579.0
1915     9.59   18.30   20.40   39.27   85.21  101.82   89.83   63.90   58.31   26.66   16.37   16.73     546.4
1913    15.85   14.21   42.58   49.23   73.74   93.98   99.79   81.60   50.54   37.27   24.12   10.04     593.0
1906    12.84   21.33   26.30   50.73   62.84   71.80   74.95   54.21   27.19   29.25   23.56   11.00     466.0
1911     3.64    7.32   19.20   35.02   77.66  113.66  111.96   72.59   59.52   38.31   20.48   16.29     575.6
1920     7.86   11.32   35.18   49.83   71.33   97.79   85.94   68.65   60.81   37.81   14.39    8.01     548.9
1908     5.64   15.50   28.77   42.85   79.00  112.05   93.96   80.44   68.97   37.01   11.95   15.15     591.3
1910     9.86   22.11   23.78   39.19   72.69  106.41   87.00   87.47   44.38   31.09   27.12   12.06     563.2
1904     8.97   24.26   22.69   44.67   76.45   97.95  101.88   63.93   37.20   17.12   11.18    9.87     516.2
1905     6.21    8.59   37.24   40.71   60.58  100.40  100.22   92.76   70.17   23.46   21.59    7.59     569.5
1918     6.34   12.47   26.17   41.03   84.37   76.15   73.37   55.22   57.04   20.48   13.94   14.78     481.4
1917     5.47    5.91   22.54   30.11   84.62  115.09   93.43   80.75   57.93   35.78   17.09    4.03     552.8
1903     6.69    9.93   19.77   37.27   68.69   86.03  109.44   85.66   67.22   49.29   25.33   13.21     578.5
1902     6.88    9.33   32.42   49.39   51.87  100.78  111.18   76.33   59.41   34.79   18.65    9.75     560.8
1907     5.64    8.46   19.87   47.56   84.38   79.92   95.73   67.27   46.99   48.02   16.61   14.50     534.9
1919     9.95   16.61   38.37   42.89   76.40   78.62   73.93   77.72   55.40   32.80   17.06   14.22     534.0
1906    12.91   20.27   25.63   50.10   62.31   71.66   74.55   54.08   27.03   29.05   23.23   10.87     461.7
1912    11.14   22.35   47.31   39.64   83.41   82.87  113.82   87.81   39.54   35.75   15.10   10.05     588.8
1909     6.28    5.04   24.48   47.10   67.91   95.37   84.61   96.42   59.80   44.60   11.71   15.43     558.7
1905     6.57    9.48   40.02   41.05   60.91  100.55  100.23   92.93   70.39   23.70   21.71    7.66     575.2
1913    15.08   14.00   42.90   49.27   73.82   93.95   99.94   82.37   50.94   37.05   24.06    9.98     593.4
1918     6.07   12.37   26.16   41.44   85.48   76.70   73.62   55.52   57.52   20.87   14.12   15.04     484.9
1917     5.56    5.99   22.50   30.19   84.78  115.25   93.53   80.84   57.95   35.92   17.12    4.04     553.7
1901     7.95    5.80   22.54   53.25   69.91   93.19  118.25   69.97   85.07   31.71    9.55   13.75     580.9
1902     6.88    9.48   32.60   49.19   51.70  100.50  111.09   76.27   59.32   34.81   18.57    9.65     560.1
1903     6.71   10.06   19.27   37.20   68.72   86.08  109.48   85.67   67.22   49.43   25.39   13.21     578.5
1904     9.04   23.37   22.84   45.00   76.24   97.56  101.77   63.89   37.38   17.59   11.01    9.78     515.5
1905     6.12    8.58   37.11   40.71   60.60  100.42  100.23   92.79   70.20   23.63   21.61    7.60     569.6
1906    12.96   20.59   26.15   50.23   62.24   71.61   74.52   54.08   27.04   29.05   23.21   10.86     462.5
1907     5.54    7.58   20.25   47.17   83.46   79.34   95.38   67.27   46.78   47.62   16.37   14.30     531.1
1908     5.66   14.97   29.82   42.90   78.76  111.54   93.81   80.30   68.88   37.62   11.90   15.02     591.2
1909     6.38    5.31   21.61   46.80   67.80   95.25   84.50   96.35   59.76   45.35   11.70   15.42     556.2
1910    10.00   21.25   24.08   39.21   72.24  105.89   86.55   87.12   44.70   31.89   26.92   11.95     561.8
 61.850   24.280
1901     0.88    1.40    4.24    7.16   20.15   61.80   66.96   43.49   19.08   13.40    3.21    0.47     242.3
1902     0.76    1.86    3.74    6.14   28.61   47.06   57.18   44.84   23.32    5.07    2.05    0.92     221.5
1903     2.88    3.86    6.38   12.68   39.60   66.88   65.00   58.26   27.54    6.42    4.45    2.87     296.8
1904     1.84    2.00    3.92   13.92   27.47   56.95   55.84   47.27   19.54   16.17    2.68    1.50     249.1
1905     1.78    4.16    6.09    7.93   32.62   92.94   75.92   47.78   25.30   10.57    5.58    2.27     312.9
1906     2.54    4.07    4.68   18.64   49.73   73.92   73.07   41.15   15.62   10.53    4.03    2.11     300.1
1907     0.97    3.86    7.77   10.12   35.88   84.21   78.37   46.33   23.15   20.74    5.94    0.51     317.8
1908     1.50    4.41    4.93   11.25   27.05   62.23   60.25   56.35   18.93    8.49    3.46    2.78     261.6
1909     3.50    2.94    4.56    9.54   23.34   71.51   68.05   51.84   32.22   27.35    3.20    1.80     299.8
1910     1.82    4.50    5.27   16.46   41.62   60.18   85.18   34.98   33.26    9.94    3.68    2.44     299.3
1911     2.69    3.10    6.43    8.58   39.28   57.86   62.97   72.88   44.36   11.04    8.92    4.77     322.9
1912     1.32    1.58    7.00    9.03   30.46   91.96   81.27   69.79   32.58    7.78    5.28    3.20     341.2
1913     1.96    1.80    8.87   14.16   31.69   73.37   91.33   59.81   25.68   10.03    6.53    1.82     327.0
1914     1.39    3.24    5.57   20.66   42.90   78.53   96.85   35.28   29.19    7.60    6.28    4.46     332.0
1915     1.42    4.02    2.57   12.16   33.45   55.63  101.32   51.04   35.26    7.55    1.99    0.43     306.8
1916     4.51    4.00    5.62   12.53   31.03   72.67   92.97   38.37   24.90    8.71    8.35    5.63     309.3
1917     1.46    1.22    1.82   17.01   31.79   89.51   56.11   56.33   32.26   19.09    8.91    3.16     318.7
1918     1.07    4.17    5.95   14.00   27.58   64.91   81.31   48.69   38.31   23.77    7.83    3.80     321.4
1919     2.22    2.27    3.45   17.39   41.12   87.07   98.62   51.62   35.75   11.97    2.29    1.52     355.3
1920     1.33    4.51    9.06   20.67   57.25   58.14   76.90   47.10   35.25    7.08    7.57    3.06     327.9
1909     3.64    3.00    4.83    9.92   24.19   73.33   69.32   52.96   33.20   28.53    3.37    1.73     308.0
1902     1.14    2.41    5.76    7.45   34.06   59.50   71.59   59.16   30.76    7.01    2.83    1.22     282.9
1916     4.45    3.70    5.67   12.60   30.92   72.96   93.26   38.51   25.02    8.77    8.42    5.68     309.9
1912     1.34    1.61    7.28   10.30   35.07   93.83   81.76   70.76   33.40    7.96    5.18    3.04     351.5
1919     2.30    2.28    3.48   17.28   41.35   87.59   99.00   52.00   36.03   12.10    2.31    1.52     357.2
1907     1.11    4.25    8.40   11.85   38.18   88.35   80.81   47.71   24.91   22.14    6.37    0.53     334.6
1914     1.42    3.28    5.68   22.25   44.18   78.97   96.89   35.43   29.56    7.69    6.40    4.39     336.1
1901     4.74    1.92    8.03   16.91   28.88   91.35   92.94   57.96   23.69   23.07    6.82    0.58     356.9
1915     1.51    4.06    2.60   13.01   33.30   56.06  102.16   51.48   35.59    7.64    2.01    0.44     309.8
1913     2.12    2.18    9.16   17.38   34.25   74.25   91.83   60.26   25.85   10.18    6.38    1.67     335.5
1906     3.00    4.52    5.03   20.30   52.07   76.51   74.96   43.62   16.65   11.57    4.46    2.12     314.8
1911     2.95    3.24    6.62    8.84   41.61   58.95   63.72   74.06   45.71   11.28    9.35    4.84     331.2
1920     1.34    4.55    8.73   19.53   57.50   58.41   77.17   47.26   35.40    7.11    7.68    3.09     327.8
1908     1.56    4.62    4.81   11.50   26.50   63.13   62.26   57.92   19.53    8.78    3.72    2.95     267.3
1910     1.89    4.48    5.45   16.99   46.12   61.13   87.29   35.18   33.76   10.25    3.81    2.36     308.7
1904     2.48    2.61    4.56   16.39   31.81   62.89   61.63   52.60   21.55   18.74    3.19    1.68     280.1
1905     2.13    4.69    6.73    9.29   35.07   99.55   80.66   51.50   27.01   11.68    6.31    2.53     337.1
1918     1.04    4.26    5.36   14.28   26.66   65.95   81.99   49.15   39.01   24.17    7.99    3.93     323.8
1917     1.47    1.23    1.84   16.45   31.16   89.70   56.61   56.71   32.42   19.19    8.97    3.24     319.0
1903     3.90    5.42    8.66   16.49   46.19   74.13   75.43   70.82   33.44    8.08    5.84    3.28     351.7
1902     1.12    2.43    5.82    7.52   33.69   59.86   72.02   59.62   30.97    7.07    2.86    1.23     284.2
1907     1.01    4.27    8.44   10.89   37.49   88.67   81.01   47.82   25.05   22.27    6.43    0.54     333.9
1919     2.31    2.29    3.49   18.38   42.26   88.20   99.18   52.18   36.17   12.16    2.32    1.52     360.5
1906     3.06    4.57    5.06   22.25   52.64   76.46   74.87   43.67   16.68   11.61    4.45    2.11     317.4
1912     1.36    1.62    7.33   10.95   35.14   94.14   81.92   70.93   33.52    7.99    5.16    3.05     353.1
1909     3.76    3.05    4.90   10.58   24.84   73.71   69.47   53.15   33.36   28.76    3.40    1.71     310.7
1905     2.14    4.72    6.58    9.09   35.22   99.68   80.63   51.48   27.00   11.68    6.31    2.54     337.1
1913     1.89    1.84    9.21   15.10   33.74   74.48   92.02   60.49   25.92   10.27    6.66    1.72     333.3
1918     1.08    4.26    6.06   14.12   26.79   66.21   82.11   49.17   38.98   24.17    7.98    3.93     324.8
1917     1.47    1.23    1.84   15.86   30.75   89.71   56.65   56.75   32.41   19.16    8.96    3.22     318.0
1901     4.79    1.92    8.04   16.84   28.82   91.34   92.99   58.01   23.71   23.13    6.85    0.58     357.0
1902     1.14    2.41    5.78    7.50   35.63   59.69   71.86   59.47   30.89    7.05    2.85    1.22     285.5
1903     3.90    5.13    8.69   16.92   46.40   74.08   75.41   70.81   33.42    8.08    5.83    3.27     351.9
1904     2.28    2.63    4.59   16.65   33.49   63.23   61.81   52.84   21.64   18.86    3.21    1.69     282.9
1905     2.14    4.73    6.76    9.37   35.17   99.80   80.76   51.57   27.04   11.71    6.33    2.53     337.9
1906     2.76    4.57    5.06   20.47   52.30   76.54   74.95   43.68   16.67   11.61    4.49    2.19     315.3
1907     1.04    4.27    8.43   11.22   37.79   88.59   80.95   47.77   24.98   22.20    6.41    0.54     334.2
1908     1.58    4.64    5.24   12.16   28.16   64.07   61.99   57.56   19.43    8.75    3.70    2.90     270.2
1909     3.73    3.05    4.90   10.20   24.25   73.55   69.41   53.08   33.31   28.71    3.40    1.83     309.4
1910     1.90    4.66    5.46   17.41   42.70   61.78   87.56   35.24   33.88   10.28    3.83    2.50     307.2
