 -2.500  -62.500
1901     0.13    0.68    0.73    0.73    0.73    0.73    0.73    0.72    0.68    0.68    0.68    0.69       0.7
1902     1.17    1.50    1.51    1.51    1.51    1.51    1.51    1.45    1.42    1.42    1.42    1.53       1.5
1903     2.10    2.19    2.19    2.19    2.19    2.19    2.18    2.10    2.10    2.10    2.10    2.54       2.2
1904     2.85    2.89    2.88    2.88    2.88    2.88    2.83    2.78    2.78    2.78    2.86    3.57       2.9
1905     3.56    3.60    3.60    3.60    3.60    3.59    3.50    3.50    3.49    3.49    3.90    4.38       3.7
1906     4.23    3.80    3.76    3.76    3.76    3.71    3.65    3.65    3.65    3.69    4.44    4.59       3.9
1907     4.20    3.96    3.96    3.96    3.95    3.86    3.84    3.84    3.84    4.21    4.77    4.77       4.1
1908     4.18    4.15    4.15    4.15    4.10    4.04    4.03    4.02    4.04    4.82    5.01    4.76       4.3
1909     4.30    4.34    4.34    4.34    4.24    4.22    4.21    4.21    4.54    5.18    5.20    4.71       4.5
1910     4.50    4.53    4.53    4.49    4.41    4.40    4.40    4.40    5.17    5.42    5.19    4.81       4.7
1911     4.69    4.72    4.72    4.62    4.59    4.59    4.58    4.86    5.57    5.59    5.06    4.98       4.9
1912     4.85    4.91    4.87    4.78    4.78    4.77    4.76    5.50    5.80    5.58    5.15    5.17       5.1
1913     5.06    5.09    5.00    4.96    4.96    4.95    5.18    5.93    5.98    5.42    5.32    5.35       5.3
1914     5.24    5.24    5.14    5.13    5.13    5.12    5.78    6.15    5.95    5.44    5.49    5.51       5.4
1915     5.39    5.33    5.29    5.29    5.29    5.45    6.23    6.30    5.75    5.58    5.63    5.65       5.6
1916     5.50    5.43    5.42    5.42    5.41    5.99    6.42    6.24    5.67    5.69    5.77    5.76       5.7
1917     5.55    5.53    5.53    5.53    5.64    6.43    6.51    5.99    5.73    5.82    5.85    5.82       5.8
1918     5.43    5.48    5.48    5.48    5.95    6.41    6.28    5.69    5.66    5.77    5.77    5.69       5.8
1919     5.54    5.58    5.58    5.65    6.40    6.50    6.04    5.70    5.80    5.88    5.82    5.72       5.9
1920     5.64    5.66    5.66    6.06    6.56    6.46    5.84    5.80    5.91    5.91    5.83    5.79       5.9
1909     5.68    5.72    5.76    6.49    6.61    6.22    5.82    5.91    5.98    5.99    5.84    5.84       6.0
1902     5.74    5.77    6.11    6.64    6.59    5.96    5.89    6.00    6.03    5.96    5.88    5.88       6.0
1916     5.77    5.80    6.49    6.65    6.32    5.88    5.96    6.04    6.06    5.91    5.89    5.88       6.1
1912     5.74    6.06    6.62    6.61    6.00    5.90    6.01    6.07    5.99    5.88    5.88    5.87       6.1
1919     5.75    6.43    6.63    6.35    5.89    5.95    6.05    6.06    5.91    5.90    5.88    5.85       6.1
1907     5.99    6.58    6.59    6.02    5.89    6.00    6.06    5.99    5.89    5.88    5.86    5.84       6.0
1914     6.32    6.59    6.37    5.88    5.92    6.03    6.05    5.90    5.88    5.86    5.83    6.00       6.1
1901     6.50    6.56    6.04    5.87    5.97    6.04    5.99    5.86    5.86    5.85    5.82    6.33       6.1
1915     6.52    6.37    5.86    5.89    6.00    6.03    5.89    5.87    5.84    5.82    5.93    6.54       6.0
1913     6.50    6.05    5.84    5.94    6.01    5.98    5.84    5.84    5.83    5.79    6.24    6.57       6.0
1906     6.34    5.86    5.81    5.89    5.92    5.79    5.81    5.93    5.92    5.99    6.51    6.56       6.0
1911     6.05    5.81    5.83    5.90    5.89    5.74    5.89    5.93    5.89    5.86    6.20    6.41       6.0
1920     5.82    5.80    5.87    5.91    5.86    5.85    5.93    5.91    5.88    5.89    6.43    6.16       5.9
1908     5.78    5.83    5.90    5.91    5.84    5.89    5.94    5.89    5.86    6.14    6.42    5.93       5.9
1910     5.78    5.87    5.92    5.87    5.85    5.93    5.93    5.88    5.87    6.39    6.18    5.88       5.9
1904     5.80    5.91    5.97    5.95    5.99    6.04    5.96    5.77    5.96    6.32    5.91    5.88       6.0
1905     5.85    5.94    5.97    5.96    6.03    6.04    5.86    5.76    6.25    6.39    6.18    5.92       6.0
1918     5.85    5.90    5.87    5.91    5.95    5.90    5.75    5.98    6.41    6.44    6.04    5.95       6.0
1917     5.86    5.89    5.87    5.95    5.96    5.80    5.79    6.26    6.43    6.28    5.97    5.96       6.0
1903     5.88    5.88    5.91    5.96    5.92    5.76    5.95    6.40    6.44    6.08    5.97    5.97       6.0
1902     5.87    5.88    5.96    5.97    5.82    5.80    6.22    6.43    6.32    5.98    5.97    5.97       6.0
1907     5.86    5.92    5.97    5.94    5.77    5.93    6.39    6.43    6.11    5.98    5.97    5.97       6.0
1919     5.86    6.03    6.07    5.94    5.89    6.27    6.47    6.29    5.94    5.93    5.92    5.93       6.0
1906     5.92    6.06    6.05    5.87    6.00    6.46    6.42    6.08    5.93    5.92    5.92    5.95       6.0
1912     5.97    6.07    5.95    5.89    6.22    6.46    6.30    5.94    5.92    5.91    5.92    5.99       6.0
1909     6.00    6.05    5.87    5.97    6.42    6.40    6.10    5.92    5.91    5.91    5.93    6.04       6.0
1905     6.02    5.92    5.84    6.13    6.40    6.26    5.92    5.99    5.98    5.98    5.99    6.09       6.0
1913     5.99    5.83    5.89    6.34    6.34    6.07    5.94    5.98    5.98    5.97    6.02    6.09       6.0
1918     5.88    5.83    6.07    6.35    6.23    5.89    5.95    5.94    5.95    6.07    6.08    6.06       6.0
1917     5.78    5.86    6.27    6.29    6.05    5.89    5.94    5.93    5.98    6.08    6.07    5.98       6.0
1901     5.78    6.03    6.33    6.23    5.89    5.94    5.94    5.94    6.05    6.08    6.06    5.89       6.0
1902     5.83    6.29    6.34    6.12    5.94    5.99    5.97    5.91    6.01    6.01    5.97    5.87       6.0
1903     6.00    6.37    6.28    5.95    5.98    6.00    5.92    5.97    6.01    6.01    5.90    5.91       6.0
1904     6.20    6.30    6.09    5.90    5.96    5.93    5.88    6.05    6.05    5.91    5.87    6.05       6.0
1905     6.29    6.23    5.92    5.94    5.96    5.88    5.98    6.05    6.01    5.84    5.92    6.24       6.0
1906     6.27    6.10    5.89    5.95    5.94    5.87    6.05    6.05    5.92    5.86    6.02    6.36       6.0
1907     6.21    5.94    5.94    5.96    5.89    5.97    6.05    6.03    5.85    5.91    6.20    6.34       6.0
1908     6.08    5.89    5.96    5.95    5.86    6.05    6.05    5.94    5.86    6.00    6.34    6.28       6.0
1909     5.93    5.97    6.03    5.97    6.03    6.12    6.11    5.86    5.90    6.16    6.33    6.18       6.0
1910     5.89    6.01    6.03    5.94    6.12    6.13    5.99    5.85    5.94    6.18    6.26    6.04       6.0
 -2.500  -50.100
1901     0.19    0.78    0.90    0.91    0.91    0.91    0.91    0.83    0.64    0.63    0.63    0.63       0.7
1902     1.54    1.99    2.04    2.04    2.04    2.04    2.02    1.76    1.63    1.63    1.63    1.90       1.9
1903     2.38    2.57    2.60    2.60    2.60    2.60    2.53    2.22    2.17    2.17    2.17    2.85       2.5
1904     3.03    3.17    3.21    3.21    3.21    3.21    2.98    2.79    2.75    2.75    2.90    3.77       3.1
1905     3.60    3.77    3.82    3.82    3.82    3.78    3.45    3.38    3.33    3.33    3.33    3.99       3.6
1906     4.15    3.95    3.97    3.97    3.97    3.97    3.74    3.51    3.46    3.46    3.46    4.13       3.8
1907     4.15    4.11    4.15    4.15    4.15    4.15    3.91    3.66    3.62    3.61    3.61    3.90       3.9
1908     4.13    4.29    4.33    4.33    4.33    4.33    4.23    3.82    3.77    3.77    3.77    3.92       4.1
1909     4.30    4.47    4.51    4.51    4.51    4.51    4.37    3.97    3.92    3.92    3.87    4.33       4.3
1910     4.49    4.65    4.69    4.69    4.69    4.69    4.36    4.12    4.07    4.07    4.07    4.77       4.4
1911     4.62    4.81    4.86    4.86    4.86    4.86    4.51    4.28    4.23    4.22    4.22    4.71       4.6
1912     4.79    4.98    5.03    5.03    5.03    5.03    4.75    4.43    4.38    4.37    4.37    4.82       4.8
1913     4.98    5.15    5.20    5.20    5.20    5.20    5.00    4.58    4.53    4.53    4.53    4.44       4.9
1914     4.88    5.29    5.35    5.35    5.35    5.35    5.34    4.82    4.67    4.67    4.67    4.32       5.0
1915     4.81    5.45    5.49    5.49    5.49    5.49    5.48    5.04    4.80    4.80    4.80    4.59       5.1
1916     5.26    5.56    5.61    5.61    5.61    5.61    5.57    5.00    4.91    4.91    4.91    5.16       5.3
1917     5.49    5.66    5.72    5.72    5.72    5.72    5.53    5.06    5.01    5.01    5.01    5.55       5.4
1918     5.49    5.65    5.70    5.70    5.70    5.70    5.45    5.03    4.98    4.98    4.98    5.00       5.4
1919     5.57    5.75    5.80    5.80    5.80    5.80    5.78    5.22    5.09    5.09    5.09    5.15       5.5
1920     5.31    5.83    5.88    5.88    5.88    5.88    5.87    5.50    5.17    5.17    5.17    5.32       5.6
1909     5.79    5.91    5.95    5.95    5.95    5.95    5.91    5.30    5.23    5.23    5.23    5.86       5.7
1902     5.84    5.96    6.00    6.00    6.00    6.00    5.70    5.32    5.27    5.27    5.27    5.78       5.7
1916     5.78    5.95    6.00    6.00    6.00    6.00    5.72    5.32    5.27    5.27    5.27    5.82       5.7
1912     5.93    5.93    6.01    6.01    6.01    6.01    5.81    5.33    5.28    5.27    5.27    5.64       5.7
1919     6.26    5.98    6.01    6.01    6.01    6.01    5.88    5.32    5.27    5.27    5.27    5.30       5.7
1907     5.38    5.97    6.01    6.01    6.01    6.01    6.00    5.55    5.28    5.28    5.28    5.26       5.7
1914     5.68    5.95    6.01    6.01    6.01    6.01    5.93    5.34    5.27    5.27    5.27    4.99       5.6
1901     5.13    5.96    6.01    6.01    6.01    6.01    6.00    5.60    5.27    5.27    5.27    5.28       5.7
1915     5.73    5.97    6.01    6.01    6.01    6.01    5.95    5.34    5.27    5.27    5.27    5.33       5.7
1913     5.69    5.96    6.02    6.02    6.02    6.02    5.99    5.37    5.28    5.28    5.28    5.32       5.7
1906     5.94    5.98    6.02    6.02    6.02    6.02    6.01    5.46    5.28    5.28    5.28    5.48       5.7
1911     5.79    5.98    6.03    6.03    6.03    6.03    5.96    5.36    5.29    5.29    5.29    5.62       5.7
1920     6.25    5.99    6.03    6.03    6.03    6.03    5.93    5.34    5.29    5.29    5.29    6.26       5.8
1908     5.97    5.99    6.03    6.03    6.03    6.03    5.64    5.33    5.29    5.29    5.29    5.80       5.7
1910     5.95    5.99    6.03    6.03    6.03    6.03    5.84    5.33    5.28    5.28    5.28    5.96       5.8
1904     6.11    5.99    6.03    6.03    6.03    6.03    5.78    5.32    5.28    5.28    5.28    5.97       5.8
1905     5.90    5.98    6.02    6.02    6.02    6.02    5.76    5.32    5.28    5.27    5.27    5.26       5.7
1918     5.67    5.97    6.02    6.02    6.02    6.02    6.00    5.40    5.27    5.27    5.27    4.82       5.6
1917     5.44    5.96    6.00    6.00    6.00    6.00    5.99    5.45    5.26    5.26    5.26    5.58       5.7
1903     5.78    5.95    6.01    6.01    6.01    6.01    5.84    5.31    5.26    5.26    5.26    6.20       5.7
1902     5.85    5.97    6.01    6.01    6.01    6.01    5.56    5.31    5.26    5.26    5.26    5.78       5.7
1907     5.84    5.98    6.03    6.03    6.03    6.03    5.74    5.32    5.27    5.27    5.27    5.63       5.7
1919     5.98    5.98    6.03    6.03    6.03    6.03    5.92    5.33    5.28    5.28    5.28    5.34       5.7
1906     5.49    5.98    6.03    6.03    6.03    6.03    6.01    5.58    5.28    5.28    5.28    5.38       5.7
1912     5.73    5.97    6.03    6.03    6.03    6.03    5.96    5.35    5.28    5.28    5.28    5.07       5.7
1909     5.78    5.99    6.03    6.03    6.03    6.03    5.93    5.33    5.28    5.28    5.28    5.97       5.7
1905     5.83    5.99    6.04    6.04    6.04    6.04    5.66    5.33    5.28    5.28    5.28    5.41       5.7
1913     5.77    5.99    6.04    6.04    6.04    6.04    5.98    5.36    5.29    5.29    5.29    5.33       5.7
1918     5.99    6.00    6.04    6.04    6.04    6.04    6.02    5.46    5.29    5.29    5.29    5.22       5.7
1917     5.56    5.97    6.02    6.02    6.02    6.02    6.00    5.46    5.27    5.27    5.27    5.68       5.7
1901     5.81    5.95    6.02    6.02    6.02    6.02    5.86    5.32    5.27    5.27    5.27    5.52       5.7
1902     5.83    5.99    6.03    6.03    6.03    6.03    5.78    5.32    5.27    5.27    5.27    6.02       5.7
1903     5.95    6.00    6.04    6.04    6.04    6.04    5.75    5.34    5.29    5.29    5.29    6.59       5.8
1904     6.15    6.01    6.05    6.05    6.05    6.05    5.54    5.33    5.29    5.29    5.29    6.04       5.8
1905     6.13    6.00    6.05    6.05    6.05    6.05    5.78    5.34    5.29    5.29    5.29    5.21       5.7
1906     5.66    6.00    6.04    6.04    6.04    6.04    6.02    5.42    5.29    5.29    5.29    5.31       5.7
1907     5.78    6.00    6.04    6.04    6.04    6.04    5.97    5.35    5.29    5.29    5.29    5.35       5.7
1908     5.78    6.00    6.04    6.04    6.04    6.04    5.94    5.34    5.29    5.29    5.29    5.23       5.7
1909     5.82    6.00    6.04    6.04    6.04    6.04    5.85    5.33    5.29    5.29    5.29    6.00       5.8
1910     5.86    6.01    6.05    6.05    6.05    6.05    5.67    5.34    5.29    5.29    5.29    5.97       5.7
 36.000  -84.250
1901     0.06    0.13    0.20    0.68    0.72    0.72    0.69    0.64    0.62    0.61    0.27    0.22       0.5
1902     0.18    0.23    0.34    1.35    1.67    1.78    1.78    1.78    1.78    1.70    0.95    0.76       1.2
1903     0.55    0.55    1.32    2.16    2.26    2.24    2.24    2.24    2.18    1.80    1.22    1.21       1.7
1904     0.83    0.83    1.29    2.26    2.46    2.48    2.48    2.48    2.46    2.11    1.42    1.40       1.9
1905     0.99    0.99    1.98    2.59    2.74    2.74    2.74    2.74    2.70    2.07    1.58    1.57       2.1
1906     1.18    1.18    1.17    2.31    2.78    3.01    3.01    3.01    3.01    2.90    1.90    1.72       2.3
1907     1.35    1.68    2.46    2.88    2.78    2.75    2.73    2.65    2.58    2.12    1.60    1.60       2.3
1908     1.16    1.01    1.85    2.90    3.15    3.17    3.17    3.17    3.13    2.66    1.81    1.79       2.4
1909     1.35    1.55    3.01    3.07    3.04    3.03    3.03    3.00    2.90    1.92    1.70    1.70       2.4
1910     1.32    1.21    1.70    3.05    3.33    3.36    3.36    3.36    3.34    2.90    1.93    1.90       2.6
1911     1.44    1.77    2.66    3.26    3.23    3.23    3.23    3.17    3.07    2.57    1.83    1.83       2.6
1912     1.42    1.21    1.34    3.05    3.48    3.60    3.60    3.60    3.59    3.48    2.23    2.00       2.7
1913     1.65    1.99    2.66    3.35    3.31    3.28    3.27    3.18    3.09    2.70    1.85    1.85       2.7
1914     1.40    1.27    1.35    3.05    3.48    3.61    3.61    3.61    3.59    3.49    2.25    1.97       2.7
1915     1.59    1.59    1.83    2.77    3.53    3.55    3.56    3.56    3.51    3.36    2.58    2.00       2.8
1916     1.64    2.00    2.14    3.43    3.49    3.50    3.49    3.41    3.34    3.25    2.08    2.02       2.8
1917     1.54    1.34    1.77    3.44    3.73    3.76    3.76    3.76    3.74    3.61    2.31    2.10       2.9
1918     1.65    1.65    2.70    3.57    3.68    3.67    3.67    3.67    3.62    3.02    2.04    2.03       2.9
1919     1.62    1.62    1.92    3.44    3.70    3.77    3.77    3.77    3.76    3.46    2.16    2.10       2.9
1920     1.67    1.67    1.92    3.51    3.74    3.82    3.82    3.82    3.82    3.63    2.21    2.10       3.0
1909     1.67    1.86    3.19    3.74    3.69    3.67    3.67    3.64    3.54    2.75    2.05    2.05       3.0
1902     1.66    1.54    1.57    3.41    3.81    3.94    3.94    3.94    3.94    3.81    2.39    2.20       3.0
1916     1.83    2.15    2.57    3.61    3.58    3.56    3.55    3.47    3.40    3.19    2.02    2.01       2.9
1912     1.58    1.42    1.71    3.46    3.86    3.98    3.98    3.98    3.97    3.87    2.45    2.20       3.0
1919     1.77    1.77    2.24    3.58    3.79    3.83    3.83    3.83    3.82    3.50    2.15    2.09       3.0
1907     1.79    2.12    3.12    3.67    3.64    3.62    3.61    3.53    3.46    2.79    2.05    2.04       3.0
1914     1.59    1.43    1.74    3.46    3.83    3.96    3.96    3.96    3.95    3.84    2.41    2.18       3.0
1901     1.77    1.77    1.89    3.49    3.75    3.82    3.82    3.82    3.82    3.68    2.26    2.10       3.0
1915     1.69    1.69    1.95    2.93    3.75    3.79    3.79    3.79    3.75    3.62    2.77    2.12       3.0
1913     1.78    2.15    2.36    3.68    3.72    3.73    3.71    3.63    3.55    3.46    2.20    2.13       3.0
1906     1.63    1.43    1.50    2.94    3.73    3.93    3.93    3.93    3.92    3.86    2.76    2.14       3.0
1911     1.74    2.06    2.69    3.82    3.74    3.70    3.70    3.64    3.53    3.26    2.08    2.07       3.0
1920     1.66    1.46    1.85    3.57    3.91    3.99    3.99    3.99    3.98    3.77    2.33    2.21       3.1
1908     1.77    1.77    2.69    3.83    3.93    3.93    3.93    3.93    3.91    3.30    2.19    2.17       3.1
1910     1.73    1.73    2.44    3.66    3.87    3.90    3.90    3.90    3.88    3.37    2.17    2.14       3.1
1904     1.72    1.71    2.58    3.78    3.86    3.88    3.88    3.88    3.85    3.31    2.18    2.15       3.1
1905     1.73    1.72    3.10    3.73    3.88    3.88    3.88    3.88    3.83    2.88    2.13    2.13       3.1
1918     1.71    1.71    3.22    3.81    3.92    3.92    3.92    3.92    3.87    2.87    2.19    2.18       3.1
1917     2.03    2.23    2.40    3.63    3.67    3.68    3.64    3.57    3.53    3.40    2.14    2.10       3.0
1903     1.47    1.55    3.05    3.81    3.94    3.94    3.94    3.94    3.88    2.98    2.21    2.20       3.1
1902     1.76    1.76    1.69    3.44    3.84    4.00    4.00    4.00    4.00    3.85    2.37    2.20       3.1
1907     1.85    2.17    3.14    3.72    3.67    3.64    3.63    3.55    3.48    2.80    2.04    2.04       3.0
1919     1.58    1.44    1.97    3.61    3.91    3.96    3.96    3.96    3.95    3.64    2.25    2.19       3.0
1906     1.76    1.76    1.67    2.93    3.77    4.01    4.01    4.01    4.01    3.95    2.83    2.19       3.1
1912     1.74    1.74    1.69    3.54    3.91    4.01    4.01    4.01    4.00    3.89    2.44    2.18       3.1
1909     1.74    1.92    3.04    3.83    3.78    3.76    3.76    3.73    3.62    2.99    2.08    2.08       3.0
1905     1.68    1.56    2.87    3.79    4.00    4.01    4.01    4.01    3.96    3.01    2.25    2.25       3.1
1913     1.88    2.24    2.90    3.76    3.76    3.76    3.75    3.67    3.59    3.14    2.15    2.14       3.1
1918     1.64    1.45    3.11    3.82    3.88    3.87    3.87    3.87    3.82    2.83    2.14    2.14       3.0
1917     2.02    2.22    2.49    3.69    3.69    3.69    3.65    3.58    3.54    3.41    2.15    2.12       3.0
1901     1.48    1.56    1.77    3.55    3.87    3.96    3.96    3.96    3.96    3.82    2.38    2.21       3.0
1902     1.78    1.78    1.69    3.40    3.82    3.96    3.96    3.96    3.96    3.87    2.46    2.16       3.1
1903     1.73    1.73    2.75    3.78    3.88    3.85    3.85    3.85    3.80    3.18    2.12    2.12       3.1
1904     1.70    1.70    2.31    3.65    3.87    3.89    3.89    3.89    3.87    3.32    2.18    2.16       3.0
1905     1.73    1.73    3.09    3.75    3.90    3.90    3.90    3.90    3.86    2.90    2.14    2.14       3.1
1906     1.72    1.71    1.78    3.35    3.84    4.09    4.09    4.09    4.09    3.94    2.47    2.26       3.1
1907     1.88    2.22    3.29    3.85    3.74    3.70    3.69    3.61    3.53    2.85    2.08    2.08       3.0
1908     1.61    1.45    2.48    3.76    4.02    4.04    4.04    4.04    4.01    3.40    2.27    2.24       3.1
1909     1.79    1.99    3.75    3.81    3.77    3.77    3.77    3.74    3.63    2.38    2.08    2.08       3.0
1910     1.69    1.57    2.14    3.70    4.00    4.04    4.04    4.04    4.02    3.50    2.29    2.26       3.1
 54.000 -105.100
1901     0.00    0.00    0.00    0.27    0.75    0.84    0.85    0.85    0.85    0.85    0.80    0.70       0.6
1902     0.60    0.60    0.60    0.84    1.58    1.67    1.68    1.68    1.68    1.68    1.62    1.46       1.3
1903     1.22    1.22    1.22    1.30    2.09    2.25    2.28    2.28    2.28    2.28    2.26    2.05       1.9
1904     1.77    1.77    1.77    1.82    2.64    2.80    2.82    2.82    2.82    2.82    2.80    2.58       2.4
1905     2.30    2.30    2.30    2.42    3.28    3.42    3.44    3.44    3.44    3.44    3.41    3.16       3.0
1906     2.87    2.87    2.87    3.08    3.51    3.57    3.57    3.57    3.57    3.57    3.48    3.28       3.3
1907     3.00    3.00    3.00    2.89    3.16    3.61    3.78    3.82    3.82    3.82    3.82    3.61       3.4
1908     3.18    3.18    3.18    3.36    3.82    3.85    3.84    3.82    3.82    3.82    3.76    3.51       3.6
1909     3.22    3.22    3.22    3.24    3.79    3.92    3.96    3.96    3.96    3.96    3.95    3.69       3.7
1910     3.29    3.29    3.30    3.86    4.04    3.97    3.95    3.95    3.95    3.94    3.82    3.65       3.8
1911     3.36    3.36    3.36    3.57    3.93    4.04    4.09    4.09    4.09    4.09    3.98    3.77       3.8
1912     3.47    3.47    3.47    3.73    4.23    4.11    4.11    4.11    4.11    4.11    4.05    3.79       3.9
1913     3.50    3.50    3.50    3.67    4.14    4.19    4.20    4.20    4.20    4.20    4.13    3.87       3.9
1914     3.58    3.58    3.58    3.77    4.24    4.26    4.27    4.27    4.27    4.27    4.22    3.94       4.0
1915     3.60    3.60    3.60    3.97    4.21    4.24    4.23    4.23    4.23    4.23    4.09    3.89       4.0
1916     3.64    3.64    3.64    3.57    4.13    4.26    4.29    4.29    4.29    4.29    4.24    3.96       4.0
1917     3.64    3.64    3.64    3.53    3.78    4.26    4.33    4.33    4.33    4.33    4.32    4.10       4.0
1918     3.60    3.60    3.60    3.80    4.18    4.15    4.13    4.13    4.13    4.12    4.07    3.80       3.9
1919     3.58    3.58    3.58    3.71    4.20    4.30    4.32    4.32    4.32    4.32    4.25    3.99       4.0
1920     3.71    3.71    3.71    3.43    3.86    4.27    4.37    4.38    4.38    4.38    4.37    4.15       4.1
1909     3.75    3.75    3.75    3.73    4.23    4.35    4.35    4.35    4.35    4.35    4.33    4.05       4.1
1902     3.75    3.75    3.75    4.08    4.61    4.38    4.37    4.37    4.37    4.37    4.28    4.03       4.2
1916     3.79    3.79    3.79    3.89    4.30    4.36    4.39    4.39    4.39    4.39    4.34    4.05       4.2
1912     3.79    3.79    3.79    3.92    4.32    4.40    4.42    4.42    4.42    4.42    4.36    4.08       4.2
1919     3.80    3.80    3.80    4.08    4.55    4.45    4.46    4.46    4.46    4.46    4.39    4.11       4.2
1907     3.83    3.83    3.83    3.81    3.91    4.29    4.43    4.47    4.47    4.47    4.47    4.26       4.2
1914     3.85    3.85    3.85    3.91    4.32    4.39    4.38    4.36    4.36    4.36    4.31    4.02       4.2
1901     3.76    3.76    3.76    4.27    4.39    4.40    4.40    4.40    4.40    4.39    4.24    4.05       4.2
1915     3.75    3.75    3.75    4.30    4.40    4.39    4.39    4.39    4.39    4.39    4.23    4.04       4.2
1913     3.77    3.77    3.77    3.88    4.28    4.35    4.37    4.37    4.37    4.37    4.30    4.03       4.1
1906     3.76    3.76    3.76    4.15    4.62    4.39    4.39    4.39    4.39    4.38    4.29    4.04       4.2
1911     3.77    3.77    3.77    4.05    4.33    4.38    4.41    4.41    4.41    4.41    4.32    4.06       4.2
1920     3.81    3.81    3.81    3.55    3.96    4.34    4.43    4.43    4.43    4.43    4.43    4.18       4.1
1908     3.81    3.81    3.81    3.77    4.35    4.42    4.41    4.41    4.41    4.41    4.34    4.06       4.2
1910     3.72    3.72    3.73    4.51    4.34    4.28    4.27    4.27    4.27    4.26    4.05    3.93       4.1
1904     3.69    3.69    3.69    3.62    4.16    4.30    4.35    4.35    4.35    4.35    4.30    4.01       4.1
1905     3.76    3.76    3.76    3.73    4.22    4.34    4.35    4.35    4.35    4.35    4.32    4.02       4.1
1918     3.75    3.75    3.75    4.44    4.53    4.33    4.31    4.31    4.31    4.31    4.14    3.98       4.2
1917     3.72    3.72    3.72    3.63    4.10    4.34    4.42    4.42    4.42    4.42    4.40    4.10       4.1
1903     3.81    3.81    3.81    3.53    4.22    4.32    4.33    4.33    4.33    4.33    4.30    4.00       4.1
1902     3.76    3.76    3.76    4.00    4.30    4.32    4.32    4.32    4.32    4.32    4.23    3.98       4.1
1907     3.78    3.78    3.78    3.71    3.81    4.25    4.40    4.44    4.44    4.44    4.44    4.22       4.1
1919     3.82    3.82    3.82    3.74    4.28    4.38    4.37    4.36    4.36    4.35    4.28    4.01       4.1
1906     3.76    3.76    3.76    4.15    4.40    4.36    4.36    4.36    4.36    4.36    4.24    4.02       4.2
1912     3.78    3.78    3.78    3.94    4.32    4.36    4.39    4.39    4.39    4.39    4.33    4.05       4.2
1909     3.80    3.80    3.80    3.69    4.16    4.36    4.40    4.40    4.40    4.40    4.39    4.09       4.1
1905     3.80    3.80    3.80    4.16    4.62    4.40    4.40    4.40    4.40    4.40    4.36    4.06       4.2
1913     3.80    3.80    3.80    3.96    4.33    4.38    4.39    4.39    4.39    4.39    4.32    4.04       4.2
1918     3.78    3.78    3.78    4.43    4.37    4.35    4.35    4.35    4.35    4.34    4.13    4.00       4.2
1917     3.74    3.74    3.74    3.75    4.15    4.33    4.41    4.41    4.41    4.41    4.37    4.08       4.1
1901     3.79    3.79    3.79    4.31    4.48    4.35    4.33    4.33    4.33    4.33    4.18    3.98       4.2
1902     3.76    3.76    3.76    3.86    4.30    4.37    4.38    4.38    4.38    4.38    4.29    4.04       4.1
1903     3.81    3.81    3.81    3.82    4.26    4.36    4.40    4.40    4.40    4.40    4.36    4.06       4.2
1904     3.79    3.79    3.79    3.49    4.15    4.33    4.35    4.35    4.35    4.35    4.33    4.03       4.1
1905     3.79    3.79    3.79    3.88    4.29    4.36    4.37    4.37    4.37    4.37    4.34    4.04       4.1
1906     3.79    3.79    3.79    3.93    4.32    4.37    4.38    4.38    4.38    4.37    4.26    4.03       4.1
1907     3.81    3.81    3.81    3.66    3.84    4.27    4.43    4.47    4.47    4.47    4.47    4.22       4.1
1908     3.84    3.84    3.84    4.03    4.37    4.38    4.37    4.35    4.35    4.35    4.28    4.01       4.2
1909     3.78    3.78    3.78    3.79    4.25    4.35    4.39    4.39    4.39    4.39    4.37    4.08       4.1
1910     3.73    3.73    3.74    4.29    4.38    4.30    4.28    4.28    4.28    4.27    4.15    3.95       4.1
 48.670    7.080
1901     0.00    0.00    0.00    0.27    0.90    1.38    1.41    1.41    1.41    1.37    1.12    0.79       0.8
1902     0.45    0.45    0.49    2.09    2.71    2.76    2.75    2.75    2.75    2.64    2.18    2.04       2.0
1903     1.10    1.10    1.84    2.80    2.89    2.86    2.86    2.86    2.81    2.61    2.23    2.22       2.3
1904     1.31    1.31    0.95    2.11    3.25    3.69    3.69    3.69    3.69    3.61    3.16    2.84       2.8
1905     1.63    1.63    1.72    3.09    3.33    3.40    3.40    3.40    3.39    3.27    2.74    2.60       2.8
1906     1.65    1.65    1.63    2.18    3.26    3.73    3.75    3.75    3.75    3.69    3.29    2.85       2.9
1907     1.73    1.73    1.73    2.96    3.51    3.70    3.69    3.69    3.69    3.60    3.17    2.80       3.0
1908     1.77    1.77    1.75    1.32    3.04    3.96    4.27    4.27    4.27    4.27    4.11    3.36       3.2
1909     1.95    1.95    1.95    2.95    3.71    3.91    3.84    3.84    3.84    3.78    3.36    2.88       3.2
1910     1.82    1.82    1.82    2.24    3.52    4.00    4.04    4.04    4.04    4.01    3.74    3.07       3.2
1911     1.91    1.91    1.92    3.36    3.84    3.99    3.97    3.97    3.97    3.87    3.41    3.00       3.3
1912     1.94    1.94    2.74    3.84    3.87    3.79    3.79    3.79    3.73    3.56    2.96    2.91       3.2
1913     1.89    1.89    2.15    3.59    3.91    3.98    3.98    3.98    3.95    3.73    3.08    3.04       3.3
1914     2.01    2.01    1.90    3.41    4.05    4.27    4.27    4.27    4.27    4.16    3.47    3.27       3.4
1915     2.09    2.09    2.08    2.11    3.65    4.45    4.58    4.58    4.58    4.56    4.20    3.50       3.5
1916     2.24    2.24    2.27    3.82    4.05    4.09    4.05    4.05    4.04    3.93    3.27    3.03       3.4
1917     1.97    1.97    1.92    1.52    3.34    4.45    4.88    4.88    4.88    4.88    4.62    3.86       3.6
1918     2.32    2.32    2.28    3.72    4.36    4.41    4.29    4.29    4.29    4.19    3.55    3.22       3.6
1919     2.05    2.05    2.05    1.68    3.39    4.23    4.50    4.50    4.50    4.50    4.26    3.49       3.4
1920     2.15    2.15    2.49    3.88    4.16    4.07    3.99    3.99    3.96    3.79    3.26    3.02       3.4
1909     1.93    1.93    1.71    2.52    3.85    4.36    4.37    4.37    4.37    4.32    3.81    3.32       3.4
1902     2.17    2.17    2.22    3.91    4.07    4.11    4.10    4.10    4.10    3.99    3.29    3.10       3.4
1916     2.10    2.10    2.16    3.59    4.07    4.27    4.27    4.27    4.27    4.15    3.44    3.22       3.5
1912     2.14    2.14    3.21    4.20    4.14    4.06    4.06    4.06    4.01    3.71    3.12    3.11       3.5
1919     2.10    2.10    1.73    2.20    3.52    4.33    4.54    4.54    4.54    4.53    3.98    3.50       3.5
1907     2.27    2.27    2.27    3.57    4.02    4.12    4.04    4.04    4.04    3.95    3.44    3.00       3.4
1914     2.01    2.01    2.05    3.63    4.17    4.31    4.31    4.31    4.31    4.20    3.48    3.27       3.5
1901     2.16    2.16    2.15    2.51    3.93    4.45    4.49    4.49    4.49    4.45    4.03    3.42       3.6
1915     2.23    2.23    2.16    2.28    3.79    4.49    4.60    4.60    4.60    4.58    4.34    3.49       3.6
1913     2.24    2.24    2.46    3.86    4.18    4.09    4.05    4.05    4.02    3.87    3.36    3.04       3.5
1906     2.02    2.02    1.88    2.61    3.94    4.46    4.47    4.47    4.47    4.41    3.92    3.39       3.5
1911     2.22    2.22    2.22    3.52    4.09    4.27    4.27    4.27    4.27    4.17    3.66    3.20       3.5
1920     2.09    2.09    2.79    4.11    4.19    4.14    4.14    4.14    4.10    3.92    3.21    3.13       3.5
1908     2.09    2.09    1.83    2.06    3.54    4.44    4.67    4.67    4.67    4.67    4.28    3.60       3.6
1910     2.29    2.29    2.29    2.98    4.00    4.30    4.25    4.25    4.25    4.21    3.92    3.18       3.5
1904     2.10    2.10    2.10    3.45    4.12    4.38    4.37    4.37    4.37    4.29    3.70    3.27       3.6
1905     2.15    2.15    2.26    3.76    3.99    4.05    4.05    4.05    4.05    3.93    3.21    3.04       3.4
1918     2.06    2.06    2.00    3.28    4.05    4.36    4.36    4.36    4.36    4.26    3.56    3.26       3.5
1917     2.17    2.17    2.17    1.78    3.41    4.47    4.90    4.90    4.90    4.89    4.63    3.83       3.7
1903     2.35    2.35    2.83    3.48    3.97    4.08    4.09    4.09    4.04    3.89    3.78    3.35       3.5
1902     2.00    2.00    1.71    3.07    4.14    4.34    4.34    4.34    4.34    4.23    3.91    3.33       3.5
1907     2.23    2.23    2.21    3.18    3.97    4.25    4.25    4.25    4.25    4.16    3.64    3.20       3.5
1919     2.14    2.14    2.14    1.67    3.48    4.34    4.61    4.61    4.61    4.61    4.45    3.60       3.5
1906     2.26    2.26    2.26    3.32    3.97    4.20    4.14    4.14    4.14    4.08    3.61    3.05       3.5
1912     2.04    2.04    2.64    4.14    4.14    4.04    4.03    4.03    3.98    3.81    3.15    3.07       3.4
1909     2.06    2.06    1.71    2.50    3.89    4.40    4.42    4.42    4.42    4.36    3.85    3.34       3.5
1905     2.20    2.20    2.31    3.95    4.08    4.13    4.12    4.12    4.12    4.00    3.28    3.11       3.5
1913     2.10    2.10    2.70    3.98    4.12    4.13    4.13    4.13    4.11    3.87    3.16    3.12       3.5
1918     2.10    2.10    1.96    3.39    4.14    4.48    4.48    4.48    4.48    4.38    3.68    3.38       3.6
1917     2.25    2.25    2.24    1.75    3.41    4.47    4.90    4.90    4.90    4.90    4.63    3.83       3.7
1901     2.35    2.35    2.35    3.26    4.26    4.46    4.37    4.37    4.37    4.33    3.90    3.29       3.6
1902     2.16    2.16    2.20    3.85    4.10    4.13    4.11    4.11    4.11    4.00    3.28    3.08       3.4
1903     2.09    2.09    2.88    3.90    3.96    3.94    3.94    3.94    3.88    3.63    3.02    3.01       3.4
1904     2.05    2.05    1.69    2.95    4.14    4.59    4.59    4.59    4.59    4.51    3.90    3.49       3.6
1905     2.28    2.28    2.38    3.93    4.01    4.06    4.06    4.06    4.06    3.94    3.21    3.04       3.4
1906     2.07    2.07    2.05    2.72    3.86    4.34    4.35    4.35    4.35    4.30    3.80    3.26       3.5
1907     2.17    2.17    2.16    3.44    4.05    4.23    4.22    4.22    4.22    4.13    3.61    3.16       3.5
1908     2.11    2.11    2.09    1.61    3.50    4.43    4.74    4.74    4.74    4.73    4.57    3.70       3.6
1909     2.30    2.30    2.30    3.34    4.13    4.32    4.25    4.25    4.25    4.19    3.71    3.16       3.5
1910     2.09    2.09    2.09    2.49    3.88    4.37    4.41    4.41    4.41    4.37    4.08    3.32       3.5
 41.750   12.370
1901     0.00    0.00    0.37    1.14    1.74    1.74    1.74    1.74    1.60    1.12    0.71    0.70       1.1
1902     0.42    1.77    3.31    3.60    3.53    3.53    3.52    3.29    2.94    2.67    2.66    2.66       2.8
1903     1.66    2.96    3.45    3.52    3.52    3.52    3.50    3.22    2.82    2.66    2.66    2.66       3.0
1904     2.48    3.50    3.87    3.89    3.89    3.89    3.83    3.53    3.07    3.01    3.01    3.18       3.4
1905     1.98    1.69    3.07    3.79    3.97    3.97    3.97    3.94    3.58    3.03    2.89    3.23       3.3
1906     2.51    3.87    3.82    3.66    3.61    3.61    3.46    3.17    2.93    2.81    2.81    3.40       3.3
1907     2.31    2.45    2.77    2.77    2.77    2.77    2.60    2.33    2.14    1.97    1.98    3.20       2.5
1908     1.55    2.05    2.62    2.90    2.90    2.89    2.87    2.70    2.26    1.96    1.99    2.53       2.4
1909     0.64    0.46    1.92    3.34    4.07    4.05    4.04    4.03    3.88    3.27    2.88    2.88       3.0
1910     1.52    3.20    4.40    4.27    4.14    4.11    4.10    3.87    3.42    3.17    3.19    3.19       3.5
1911     2.05    2.62    3.69    4.15    4.17    4.15    4.15    4.05    3.65    3.18    3.16    3.18       3.5
1912     2.34    4.35    4.43    4.37    4.33    4.32    4.25    3.95    3.47    3.40    3.43    3.47       3.8
1913     2.82    3.12    3.33    3.33    3.32    3.30    3.20    2.85    2.45    2.43    2.47    3.09       3.0
1914     1.89    2.08    2.95    3.57    3.65    3.61    3.59    3.52    3.04    2.56    2.54    3.04       3.0
1915     1.79    3.70    3.91    3.83    3.81    3.77    3.67    3.35    2.91    2.89    2.93    3.00       3.3
1916     2.33    2.72    3.69    4.21    4.22    4.18    4.16    3.92    3.48    3.17    3.17    3.60       3.6
1917     2.94    4.14    3.90    3.78    3.73    3.70    3.51    3.06    2.89    2.90    2.97    3.79       3.4
1918     1.93    2.05    2.48    2.69    2.68    2.62    2.50    2.18    1.85    1.72    1.81    2.66       2.3
1919     1.60    3.41    3.84    3.87    3.86    3.79    3.57    3.27    2.97    2.93    3.12    3.21       3.3
1920     2.34    3.23    3.75    3.89    3.88    3.74    3.62    3.34    2.99    2.87    3.00    3.35       3.3
1909     2.86    3.40    3.52    3.48    3.48    3.38    3.13    2.83    2.62    2.61    2.86    3.11       3.1
1902     2.38    3.14    3.72    3.90    3.90    3.69    3.62    3.36    3.02    2.93    3.14    3.54       3.4
1916     1.99    2.72    3.62    4.08    4.08    3.86    3.83    3.71    3.35    3.13    3.24    3.29       3.4
1912     2.46    4.12    4.19    4.13    4.02    3.87    3.78    3.47    3.15    3.13    3.38    3.44       3.6
1919     2.68    3.12    3.43    3.49    3.49    3.26    3.19    2.89    2.60    2.59    2.82    3.21       3.1
1907     3.02    3.51    3.66    3.63    3.61    3.38    3.22    2.93    2.76    2.93    3.03    3.93       3.3
1914     2.26    2.09    2.68    3.29    3.24    3.11    3.09    3.01    2.68    2.29    2.46    3.10       2.8
1901     1.03    0.94    2.24    3.76    4.45    4.23    4.19    4.18    4.04    3.73    3.46    3.47       3.3
1915     2.54    3.78    4.47    4.07    3.83    3.68    3.59    3.30    3.05    3.26    3.29    3.33       3.5
1913     3.15    3.69    3.97    3.97    3.75    3.70    3.60    3.31    3.07    3.17    3.31    3.89       3.5
1906     2.99    3.15    3.31    3.31    3.22    3.06    2.89    2.61    2.43    2.52    2.70    3.81       3.0
1911     2.07    2.18    2.78    3.29    3.25    3.07    3.05    2.95    2.61    2.49    2.50    3.12       2.8
1920     1.23    3.71    4.35    4.43    4.24    4.16    4.14    3.88    3.53    3.48    3.66    3.68       3.7
1908     2.67    3.32    3.61    3.63    3.58    3.39    3.33    3.04    2.75    2.76    2.95    3.01       3.2
1910     2.25    3.10    3.67    3.86    3.80    3.61    3.60    3.36    2.99    3.00    3.09    3.35       3.3
1904     2.71    3.92    4.22    4.22    4.08    3.96    3.90    3.59    3.27    3.30    3.49    3.52       3.7
1905     2.49    2.05    3.33    4.05    4.19    3.98    3.97    3.93    3.64    3.18    3.27    3.69       3.5
1918     1.89    3.17    3.46    3.98    4.09    3.90    3.83    3.59    3.26    3.16    3.37    3.40       3.4
1917     3.36    3.92    3.92    3.86    3.83    3.61    3.43    3.15    2.99    2.98    3.22    3.96       3.5
1903     2.06    2.23    2.66    2.76    2.76    2.56    2.46    2.17    1.85    1.82    2.04    2.76       2.3
1902     1.63    3.37    3.99    4.15    4.12    3.90    3.87    3.62    3.27    3.18    3.40    3.57       3.5
1907     3.30    3.70    3.73    3.67    3.65    3.42    3.26    2.98    2.80    2.99    3.08    3.77       3.4
1919     2.36    2.62    2.98    3.05    2.91    2.80    2.75    2.45    2.16    2.15    2.37    2.94       2.6
1906     2.57    3.49    3.68    3.65    3.63    3.40    3.24    2.95    2.77    2.87    3.05    3.90       3.3
1912     2.51    2.81    3.22    3.26    3.19    3.00    2.90    2.59    2.29    2.27    2.52    3.09       2.8
1909     2.36    3.12    3.31    3.31    3.31    3.07    2.94    2.65    2.46    2.58    2.73    3.36       2.9
1905     2.32    2.17    3.24    3.96    4.04    3.87    3.86    3.84    3.55    3.10    3.22    3.67       3.4
1913     2.35    3.90    4.14    4.05    3.99    3.75    3.60    3.31    3.08    3.06    3.17    3.55       3.5
1918     2.36    2.75    3.23    3.43    3.43    3.34    3.14    2.92    2.60    2.44    2.69    3.21       3.0
1917     2.82    3.81    3.91    3.86    3.86    3.64    3.42    3.14    2.98    2.98    3.24    3.96       3.5
1901     1.99    1.63    1.90    2.64    3.19    2.97    2.91    2.90    2.75    2.40    2.19    2.89       2.5
1902     1.06    2.56    4.01    4.21    4.04    3.84    3.83    3.58    3.23    3.15    3.36    3.37       3.4
1903     2.27    3.46    3.87    3.94    3.91    3.68    3.63    3.36    3.02    3.01    3.23    3.22       3.4
1904     2.94    3.85    4.23    4.25    4.21    3.98    3.91    3.61    3.30    3.33    3.54    3.70       3.7
1905     2.45    2.03    3.34    4.07    4.21    3.99    3.98    3.95    3.66    3.21    3.30    3.70       3.5
1906     2.92    4.22    4.08    3.93    3.87    3.67    3.45    3.17    2.99    3.07    3.26    3.87       3.5
1907     2.72    2.81    2.99    2.99    2.93    2.73    2.56    2.29    2.12    2.33    2.39    3.62       2.7
1908     1.89    2.27    2.78    3.08    2.91    2.82    2.80    2.63    2.29    2.17    2.34    2.89       2.6
1909     0.96    0.75    2.09    3.54    4.21    4.02    4.01    4.01    3.87    3.64    3.27    3.26       3.1
1910     1.84    3.47    4.59    4.46    4.15    4.06    4.05    3.82    3.46    3.47    3.58    3.57       3.7
 64.120   19.450
1901     0.00    0.00    0.00    0.04    0.63    0.74    0.75    0.75    0.75    0.75    0.74    0.67       0.5
1902     0.63    0.63    0.63    0.63    1.23    1.44    1.45    1.45    1.45    1.45    1.45    1.35       1.1
1903     1.24    1.24    1.24    1.47    2.04    2.08    2.08    2.08    2.08    2.08    2.05    1.94       1.8
1904     1.86    1.86    1.86    1.96    2.69    2.76    2.77    2.77    2.77    2.77    2.75    2.62       2.5
1905     2.51    2.51    2.51    2.51    2.98    3.44    3.47    3.48    3.48    3.48    3.47    3.39       3.1
1906     3.16    3.16    3.16    3.16    3.45    3.59    3.59    3.59    3.59    3.59    3.58    3.50       3.4
1907     3.30    3.30    3.30    3.36    3.82    3.76    3.76    3.76    3.76    3.76    3.75    3.60       3.6
1908     3.43    3.43    3.43    3.31    3.29    3.82    3.88    3.90    3.90    3.90    3.90    3.82       3.7
1909     3.58    3.58    3.58    3.52    3.06    3.78    3.93    3.98    4.00    4.01    4.01    4.00       3.8
1910     3.70    3.68    3.68    3.68    3.77    4.03    4.08    4.09    4.09    4.09    4.09    4.02       3.9
1911     3.78    3.78    3.78    3.77    3.67    4.12    4.19    4.19    4.19    4.19    4.19    4.12       4.0
1912     3.89    3.88    3.88    3.86    3.87    4.22    4.26    4.26    4.26    4.26    4.26    4.20       4.1
1913     3.94    3.93    3.93    4.06    4.62    4.31    4.30    4.30    4.30    4.30    4.29    4.16       4.2
1914     3.98    3.98    3.98    4.04    4.91    4.51    4.36    4.34    4.34    4.34    4.33    4.17       4.3
1915     4.04    4.03    4.03    4.05    4.69    4.41    4.38    4.37    4.37    4.37    4.37    4.21       4.3
1916     4.07    4.07    4.07    4.40    4.91    4.45    4.40    4.40    4.40    4.40    4.36    4.20       4.3
1917     4.09    4.09    4.09    4.21    4.68    4.44    4.42    4.42    4.42    4.41    4.39    4.22       4.3
1918     3.96    3.96    3.96    4.11    4.35    4.31    4.31    4.31    4.31    4.30    4.27    4.10       4.2
1919     4.02    4.02    4.02    3.98    4.21    4.35    4.36    4.36    4.36    4.36    4.35    4.21       4.2
1920     4.05    4.05    4.05    4.15    4.48    4.38    4.38    4.38    4.38    4.37    4.36    4.18       4.3
1909     4.08    4.08    4.08    3.88    3.82    4.36    4.38    4.42    4.44    4.44    4.44    4.35       4.2
1902     4.14    4.14    4.14    4.09    4.20    4.44    4.46    4.46    4.46    4.46    4.46    4.32       4.3
1916     4.17    4.17    4.17    4.26    4.44    4.46    4.49    4.49    4.49    4.49    4.46    4.29       4.4
1912     4.20    4.20    4.20    4.20    4.45    4.49    4.50    4.50    4.50    4.50    4.50    4.38       4.4
1919     4.21    4.21    4.21    4.19    4.44    4.51    4.52    4.52    4.52    4.52    4.51    4.34       4.4
1907     4.22    4.22    4.22    4.41    4.96    4.53    4.52    4.51    4.51    4.51    4.49    4.31       4.5
1914     4.20    4.20    4.20    4.24    4.65    4.50    4.50    4.50    4.50    4.50    4.49    4.31       4.4
1901     4.17    4.17    4.17    4.08    4.38    4.48    4.48    4.48    4.48    4.48    4.47    4.29       4.3
1915     4.18    4.18    4.18    4.21    4.57    4.48    4.48    4.48    4.48    4.48    4.48    4.30       4.4
1913     4.18    4.18    4.18    4.38    4.62    4.49    4.49    4.49    4.49    4.49    4.45    4.28       4.4
1906     4.18    4.18    4.18    4.53    4.53    4.49    4.49    4.49    4.49    4.49    4.42    4.28       4.4
1911     4.20    4.20    4.20    4.20    4.46    4.49    4.52    4.52    4.52    4.52    4.52    4.35       4.4
1920     4.20    4.20    4.21    4.26    4.52    4.49    4.49    4.49    4.49    4.48    4.48    4.30       4.4
1908     4.16    4.16    4.16    4.15    3.95    4.44    4.49    4.51    4.51    4.51    4.50    4.43       4.3
1910     4.19    4.19    4.19    4.09    4.33    4.49    4.50    4.50    4.50    4.50    4.49    4.32       4.4
1904     4.20    4.20    4.20    4.06    4.43    4.51    4.51    4.51    4.51    4.51    4.48    4.30       4.4
1905     4.23    4.23    4.23    4.22    4.17    4.52    4.56    4.56    4.56    4.56    4.56    4.44       4.4
1918     4.21    4.21    4.21    4.19    3.65    4.39    4.52    4.54    4.54    4.54    4.54    4.52       4.3
1917     4.23    4.23    4.23    4.22    4.50    4.54    4.52    4.51    4.51    4.51    4.51    4.41       4.4
1903     4.24    4.23    4.23    4.26    4.29    4.52    4.52    4.52    4.52    4.52    4.51    4.40       4.4
1902     4.25    4.24    4.24    4.17    4.11    4.53    4.55    4.55    4.55    4.55    4.55    4.49       4.4
1907     4.27    4.26    4.26    4.34    4.85    4.55    4.54    4.54    4.54    4.54    4.54    4.40       4.5
1919     4.27    4.27    4.27    4.28    5.12    4.66    4.55    4.55    4.55    4.55    4.55    4.38       4.5
1906     4.25    4.25    4.25    4.60    5.00    4.54    4.52    4.52    4.52    4.52    4.46    4.32       4.5
1912     4.24    4.24    4.24    4.23    4.65    4.52    4.53    4.53    4.53    4.53    4.53    4.37       4.4
1909     4.23    4.23    4.23    4.23    4.27    4.45    4.46    4.49    4.51    4.51    4.51    4.47       4.4
1905     4.24    4.23    4.23    4.19    3.92    4.46    4.51    4.51    4.51    4.51    4.51    4.43       4.4
1913     4.20    4.20    4.20    4.21    4.49    4.49    4.50    4.50    4.50    4.50    4.49    4.32       4.4
1918     4.17    4.17    4.17    4.19    4.43    4.46    4.47    4.47    4.47    4.47    4.43    4.27       4.3
1917     4.17    4.17    4.17    4.26    4.61    4.46    4.47    4.47    4.47    4.47    4.46    4.27       4.4
1901     4.16    4.16    4.16    4.25    4.80    4.47    4.47    4.46    4.46    4.46    4.45    4.27       4.4
1902     4.18    4.18    4.18    4.18    4.76    4.50    4.49    4.48    4.48    4.48    4.48    4.33       4.4
1903     4.21    4.21    4.21    4.49    4.66    4.50    4.49    4.49    4.49    4.49    4.44    4.29       4.4
1904     4.22    4.22    4.22    4.23    4.49    4.51    4.51    4.51    4.51    4.51    4.49    4.31       4.4
1905     4.24    4.24    4.24    4.20    4.09    4.51    4.53    4.53    4.53    4.53    4.53    4.42       4.4
1906     4.22    4.22    4.22    4.19    4.33    4.49    4.49    4.49    4.49    4.49    4.48    4.38       4.4
1907     4.21    4.21    4.21    4.28    4.63    4.48    4.49    4.49    4.49    4.49    4.48    4.30       4.4
1908     4.17    4.17    4.17    4.00    3.84    4.41    4.45    4.47    4.47    4.47    4.47    4.38       4.3
1909     4.18    4.18    4.18    4.11    3.48    4.26    4.41    4.44    4.46    4.46    4.46    4.46       4.3
1910     4.19    4.16    4.16    4.16    4.20    4.41    4.45    4.46    4.46    4.46    4.45    4.38       4.3
 44.080    0.080
1901     0.00    0.00    0.05    0.73    1.50    1.74    1.74    1.74    1.73    1.44    0.88    0.70       1.0
1902     0.44    0.44    1.60    2.72    3.02    2.98    2.98    2.98    2.79    2.33    2.03    2.03       2.2
1903     1.12    1.12    0.75    2.27    3.22    3.60    3.60    3.60    3.60    3.35    2.75    2.49       2.6
1904     1.50    1.96    3.06    3.42    3.31    3.24    3.24    3.15    2.84    2.56    2.46    2.46       2.8
1905     1.49    1.22    2.31    3.30    3.69    3.69    3.69    3.69    3.51    3.00    2.70    2.70       2.9
1906     1.90    2.80    3.55    3.43    3.37    3.37    3.35    3.11    2.86    2.68    2.65    2.65       3.0
1907     1.67    1.17    1.88    3.10    3.74    3.83    3.83    3.83    3.78    3.39    2.84    2.75       3.0
1908     1.89    2.37    3.75    3.73    3.63    3.61    3.61    3.51    3.21    2.85    2.79    2.79       3.1
1909     1.86    1.58    1.70    3.31    4.17    4.35    4.35    4.35    4.32    3.96    3.31    3.17       3.4
1910     2.16    2.70    3.90    3.91    3.81    3.77    3.77    3.66    3.35    3.00    2.93    2.93       3.3
1911     1.96    1.63    1.76    3.40    4.17    4.31    4.31    4.31    4.28    3.93    3.32    3.20       3.4
1912     2.26    3.15    4.23    4.09    4.00    3.96    3.96    3.73    3.41    3.16    3.09    3.09       3.5
1913     2.81    3.62    4.02    3.99    3.99    3.99    3.92    3.66    3.44    3.27    3.23    3.23       3.6
1914     1.95    2.11    3.82    4.26    4.33    4.33    4.33    4.28    3.94    3.43    3.37    3.37       3.6
1915     3.09    3.50    3.84    3.81    3.82    3.82    3.66    3.42    3.29    3.13    3.09    3.79       3.5
1916     2.51    2.76    3.39    3.51    3.51    3.51    3.51    3.41    3.05    2.66    2.65    3.07       3.1
1917     1.70    1.64    2.58    3.66    4.21    4.24    4.24    4.24    4.14    3.65    3.26    3.24       3.4
1918     2.24    3.13    3.84    4.08    4.09    4.09    4.09    3.93    3.59    3.24    3.24    3.24       3.6
1919     2.29    2.08    3.46    4.01    4.12    4.12    4.12    4.10    3.81    3.30    3.21    3.21       3.5
1920     2.28    3.11    3.80    4.13    4.13    4.12    4.12    4.03    3.72    3.30    3.22    3.22       3.6
1909     2.31    1.92    2.08    3.65    4.50    4.68    4.68    4.68    4.66    4.30    3.62    3.47       3.7
1902     2.47    2.46    3.72    4.22    4.45    4.42    4.42    4.42    4.23    3.68    3.34    3.34       3.8
1916     2.39    3.12    4.07    4.19    4.15    4.15    4.15    4.05    3.73    3.30    3.28    3.28       3.7
1912     2.43    3.95    4.14    4.24    4.24    4.24    4.24    4.01    3.57    3.35    3.34    3.34       3.8
1919     2.38    2.04    3.69    4.28    4.40    4.40    4.40    4.38    4.08    3.56    3.46    3.46       3.7
1907     2.45    2.36    2.23    3.69    4.42    4.53    4.53    4.53    4.48    4.03    3.48    3.39       3.7
1914     2.44    2.76    4.21    4.35    4.34    4.31    4.31    4.27    3.96    3.42    3.34    3.34       3.8
1901     2.37    2.17    1.93    3.54    4.46    4.72    4.72    4.72    4.71    4.32    3.66    3.47       3.7
1915     2.50    2.44    3.89    4.17    4.16    4.11    4.11    4.10    3.83    3.33    3.18    3.18       3.6
1913     2.69    3.87    4.15    4.11    4.08    4.08    4.01    3.76    3.55    3.35    3.30    3.30       3.7
1906     2.36    3.73    4.22    4.21    4.20    4.21    4.19    3.95    3.69    3.45    3.41    3.41       3.8
1911     2.33    1.82    2.40    3.56    4.23    4.37    4.37    4.37    4.34    3.96    3.35    3.22       3.5
1920     2.36    2.97    4.27    4.31    4.25    4.22    4.22    4.13    3.81    3.39    3.30    3.30       3.7
1908     2.34    3.07    3.91    4.17    4.19    4.19    4.19    4.09    3.75    3.33    3.31    3.31       3.7
1910     2.39    3.25    3.99    4.29    4.30    4.30    4.30    4.18    3.77    3.42    3.41    3.41       3.7
1904     2.41    2.92    3.91    4.22    4.24    4.24    4.24    4.15    3.75    3.38    3.36    3.36       3.7
1905     2.41    2.01    3.02    3.95    4.35    4.35    4.35    4.35    4.17    3.57    3.27    3.27       3.6
1918     2.32    3.30    4.10    4.14    4.08    4.08    4.08    3.93    3.55    3.21    3.21    3.21       3.6
1917     2.32    1.77    2.66    3.75    4.27    4.29    4.29    4.29    4.19    3.67    3.29    3.27       3.5
1903     2.37    2.23    2.00    3.44    4.36    4.74    4.74    4.74    4.74    4.43    3.77    3.51       3.8
1902     2.49    2.37    3.62    4.31    4.49    4.43    4.43    4.43    4.23    3.66    3.34    3.34       3.8
1907     2.36    2.35    2.25    3.76    4.45    4.56    4.56    4.56    4.51    4.11    3.50    3.42       3.7
1919     2.47    2.53    3.95    4.23    4.23    4.21    4.21    4.19    3.91    3.42    3.27    3.27       3.7
1906     2.44    3.28    3.85    3.97    3.99    3.99    3.98    3.73    3.48    3.24    3.19    3.19       3.5
1912     2.34    3.33    4.13    4.10    4.09    4.09    4.08    3.86    3.48    3.19    3.18    3.18       3.6
1909     2.27    1.78    2.58    3.84    4.62    4.79    4.79    4.79    4.76    4.27    3.70    3.56       3.8
1905     2.59    2.59    3.98    4.25    4.46    4.42    4.42    4.42    4.24    3.67    3.34    3.34       3.8
1913     2.67    3.61    4.28    4.09    4.04    4.04    3.99    3.73    3.50    3.29    3.24    3.24       3.6
1918     2.14    3.16    4.09    4.31    4.31    4.31    4.31    4.15    3.79    3.44    3.44    3.44       3.7
1917     2.44    1.84    2.66    3.77    4.28    4.31    4.31    4.31    4.21    3.70    3.31    3.28       3.5
1901     2.40    2.39    2.21    3.61    4.49    4.77    4.77    4.77    4.76    4.41    3.70    3.51       3.8
1902     2.50    2.50    3.72    4.20    4.40    4.35    4.35    4.35    4.16    3.60    3.26    3.26       3.7
1903     2.35    2.32    1.80    3.40    4.35    4.74    4.74    4.74    4.74    4.46    3.77    3.51       3.7
1904     2.47    2.83    3.96    4.31    4.20    4.13    4.13    4.04    3.74    3.37    3.26    3.26       3.6
1905     2.32    2.04    3.01    3.96    4.36    4.36    4.36    4.36    4.18    3.61    3.28    3.28       3.6
1906     2.46    3.37    4.20    4.03    3.99    3.99    3.97    3.73    3.48    3.23    3.19    3.19       3.6
1907     2.24    1.73    2.36    3.65    4.29    4.38    4.38    4.38    4.33    3.92    3.32    3.24       3.5
1908     2.37    2.86    4.29    4.22    4.14    4.11    4.11    4.02    3.71    3.31    3.23    3.23       3.6
1909     2.34    2.05    2.08    3.75    4.61    4.78    4.78    4.78    4.76    4.38    3.70    3.55       3.8
1910     2.54    3.09    4.29    4.30    4.20    4.16    4.16    4.05    3.75    3.36    3.28    3.28       3.7
 61.850   24.280
1901     0.00    0.00    0.00    0.07    0.69    0.82    0.84    0.84    0.84    0.84    0.81    0.65       0.5
1902     0.58    0.58    0.58    0.58    1.20    1.54    1.58    1.58    1.58    1.58    1.57    1.36       1.2
1903     1.15    1.15    1.15    1.33    2.08    2.15    2.15    2.15    2.15    2.14    2.08    1.80       1.8
1904     1.69    1.69    1.69    1.70    2.56    2.75    2.78    2.78    2.78    2.78    2.77    2.46       2.4
1905     2.27    2.27    2.27    2.28    3.17    3.40    3.44    3.44    3.44    3.44    3.42    3.10       3.0
1906     2.87    2.87    2.87    2.93    3.49    3.56    3.58    3.58    3.58    3.58    3.55    3.19       3.3
1907     2.99    2.99    2.99    3.38    3.68    3.67    3.66    3.66    3.66    3.65    3.63    3.47       3.5
1908     3.11    3.11    3.11    3.57    3.82    3.84    3.84    3.84    3.84    3.83    3.81    3.49       3.6
1909     3.28    3.28    3.28    3.37    3.75    3.94    4.03    4.05    4.05    4.05    4.04    3.86       3.7
1910     3.40    3.39    3.39    3.39    3.41    3.92    4.06    4.13    4.14    4.14    4.14    4.13       3.8
1911     3.55    3.49    3.49    3.46    3.34    4.12    4.21    4.21    4.21    4.21    4.20    4.06       3.9
1912     3.58    3.58    3.58    3.36    3.10    4.12    4.24    4.25    4.25    4.24    4.22    4.19       3.9
1913     3.66    3.64    3.64    3.24    3.59    4.32    4.37    4.37    4.37    4.37    4.35    4.14       4.0
1914     3.71    3.71    3.71    3.68    4.26    4.39    4.40    4.40    4.40    4.40    4.37    3.97       4.1
1915     3.78    3.78    3.78    3.88    4.63    4.46    4.45    4.44    4.44    4.44    4.41    3.99       4.2
1916     3.83    3.83    3.83    4.03    4.92    4.52    4.49    4.49    4.49    4.49    4.41    4.02       4.3
1917     3.87    3.87    3.87    4.05    5.08    4.63    4.53    4.53    4.53    4.53    4.47    4.06       4.3
1918     3.78    3.78    3.78    3.78    4.17    4.32    4.42    4.49    4.50    4.50    4.50    4.26       4.2
1919     3.85    3.85    3.85    3.88    4.39    4.47    4.49    4.48    4.48    4.48    4.46    4.05       4.2
1920     3.81    3.81    3.81    4.31    4.52    4.48    4.47    4.47    4.47    4.47    4.29    3.99       4.2
1909     3.87    3.87    3.87    3.81    4.24    4.47    4.55    4.57    4.57    4.57    4.57    4.19       4.3
1902     3.93    3.93    3.93    3.87    4.06    4.54    4.57    4.57    4.57    4.57    4.56    4.28       4.3
1916     3.95    3.95    3.95    4.10    4.87    4.59    4.56    4.56    4.56    4.56    4.51    4.09       4.4
1912     3.95    3.95    3.95    4.65    4.70    4.55    4.54    4.54    4.54    4.53    4.30    4.06       4.4
1919     3.96    3.96    3.96    3.81    4.46    4.59    4.62    4.62    4.62    4.62    4.58    4.15       4.3
1907     3.98    3.98    3.98    4.63    4.77    4.56    4.55    4.55    4.55    4.53    4.32    4.07       4.4
1914     3.93    3.93    3.93    4.16    4.85    4.58    4.59    4.59    4.59    4.59    4.51    4.09       4.4
1901     3.93    3.93    3.93    4.00    4.48    4.54    4.56    4.56    4.56    4.56    4.52    4.08       4.3
1915     3.93    3.93    3.93    3.94    4.49    4.55    4.56    4.56    4.56    4.56    4.45    4.06       4.3
1913     3.93    3.93    3.93    4.83    4.64    4.55    4.54    4.54    4.54    4.53    4.21    4.04       4.4
1906     3.93    3.93    3.93    3.88    4.48    4.59    4.62    4.62    4.62    4.62    4.53    4.11       4.3
1911     3.96    3.96    3.96    3.86    4.03    4.53    4.60    4.61    4.61    4.61    4.60    4.31       4.3
1920     3.92    3.92    3.92    4.09    4.56    4.55    4.54    4.54    4.54    4.53    4.47    4.05       4.3
1908     3.90    3.90    3.90    3.76    3.89    4.44    4.53    4.59    4.60    4.60    4.60    4.36       4.3
1910     3.93    3.92    3.92    3.53    4.26    4.44    4.51    4.57    4.58    4.58    4.57    4.19       4.2
1904     3.94    3.93    3.93    3.86    4.33    4.55    4.58    4.57    4.57    4.57    4.56    4.15       4.3
1905     3.96    3.95    3.95    3.97    4.67    4.61    4.65    4.65    4.65    4.65    4.63    4.23       4.4
1918     3.99    3.98    3.98    3.91    3.69    4.45    4.59    4.66    4.67    4.67    4.67    4.53       4.3
1917     4.02    4.01    4.01    4.01    4.66    4.62    4.62    4.62    4.61    4.61    4.59    4.24       4.4
1903     4.00    4.00    4.00    4.17    4.67    4.65    4.64    4.64    4.64    4.63    4.58    4.16       4.4
1902     4.04    4.04    4.04    4.02    4.26    4.64    4.68    4.68    4.68    4.68    4.67    4.38       4.4
1907     4.05    4.05    4.05    4.10    4.37    4.63    4.62    4.62    4.62    4.61    4.59    4.29       4.4
1919     4.03    4.03    4.03    4.15    5.10    4.71    4.69    4.68    4.68    4.68    4.64    4.20       4.5
1906     4.04    4.04    4.04    4.70    4.87    4.67    4.67    4.67    4.67    4.67    4.43    4.16       4.5
1912     4.03    4.03    4.03    4.90    4.69    4.58    4.58    4.58    4.58    4.57    4.25    4.09       4.4
1909     4.01    4.01    4.01    4.23    4.83    4.59    4.66    4.67    4.67    4.67    4.61    4.20       4.4
1905     4.03    4.03    4.03    4.02    4.68    4.63    4.65    4.64    4.64    4.64    4.63    4.26       4.4
1913     3.99    3.99    3.99    3.95    4.41    4.60    4.63    4.63    4.63    4.63    4.61    4.20       4.4
1918     3.97    3.97    3.97    3.67    3.57    4.45    4.57    4.64    4.65    4.65    4.65    4.51       4.3
1917     3.98    3.98    3.98    3.54    4.20    4.58    4.59    4.58    4.58    4.58    4.56    4.19       4.3
1901     3.94    3.94    3.94    3.96    4.49    4.57    4.60    4.60    4.60    4.60    4.56    4.13       4.3
1902     4.00    4.00    4.00    3.99    4.35    4.60    4.64    4.64    4.64    4.64    4.63    4.31       4.4
1903     4.03    4.02    4.02    4.27    4.78    4.64    4.63    4.63    4.63    4.63    4.54    4.14       4.4
1904     4.03    4.03    4.03    4.04    5.01    4.68    4.66    4.66    4.66    4.66    4.65    4.23       4.4
1905     4.05    4.05    4.05    4.06    4.69    4.66    4.68    4.68    4.68    4.68    4.67    4.26       4.4
1906     4.04    4.04    4.04    4.10    4.62    4.67    4.67    4.67    4.67    4.67    4.64    4.20       4.4
1907     4.03    4.03    4.03    4.46    4.69    4.60    4.59    4.59    4.59    4.58    4.56    4.37       4.4
1908     3.99    3.99    3.99    4.48    4.60    4.60    4.60    4.60    4.60    4.59    4.57    4.19       4.4
1909     4.01    4.01    4.01    4.13    4.41    4.57    4.64    4.66    4.66    4.66    4.66    4.45       4.4
1910     4.00    3.99    3.99    3.99    3.90    4.44    4.56    4.63    4.64    4.64    4.64    4.63       4.3
