  0.564816179589267      0.603624897209184      0.59196050607332       0.594063657355294      0.624276358552612      0.620054142459414      0.607468609891805    0.0                                                        
-61.0473616362941       -0.00872040953525868   -0.0331485169516693    -0.010487665328297     -0.399226951157212      0.00367179445980631    0.543883873572546    0.087730668080218                                          
  0.000104748182918501  -0.000264994859477118  -0.00169447390956446    0.000558001773757881   0.000505754552228712   0.000854585199970383   0.000688248613384255 0.0
  0.00023742651236891    6.21756539147424e-005 -0.00157510212798493   -3.54752956310496e-005 -0.00100383035120338   -0.000263455726569717  -0.00102363203364155  0.0
 -5.59543522017564e-005 -0.000112799384979886   7.37575624164234e-005  0.000163118109066188  -0.000158941443521408   9.06273811136673e-005 -0.000244637714305688 0.0
  0.045903545808518     -0.0104999181772693    -0.0270348893829007    -0.0517225536432795     0.0177022325150166    -0.0551216874408762    -0.0186090143825179   0.0
 -0.000129699671005064   5.19699834416707e-005 -6.54617376722423e-005 -6.4121030510634e-006  -2.41182789364341e-006 -1.51013826970612e-005  0.000146340313654291 0.0
  0.0164401843483285     0.00197096504157173    0.010320074331428     -0.0274288960035195     0.00616296341952421   -0.0037590536039269     0.0139614872243618   0.0
  0.00022697196971362    0.00103755800684309    0.00222954587024185   -0.002369349230503      0.00120545264465103    0.00253088540929978   -0.00163775393575057  0.0

-0.651569636479531  0.0                -0.577357765597156  0.0                   -0.491439012025024  0.0                  -0.517457916637654  0.0                  -0.493979334649368  0.0                 -1.16753720061937  0.0               -0.496728425183339  0.0
-0.651569636479531  0.0653771866676854 -0.577357765597156 -0.00562261197577658   -0.491439012025024 -0.000831786018010007 -0.517457916637654  0.00257270417434651  -0.493979334649368 -0.0414061185759617  -1.16753720061937  0.0               -0.496728425183339  0.00148600397577159
-0.651569636479531  0.0826061930521609 -0.577357765597156 -0.00749127057206318   -0.491439012025024  0.0078576156404789   -0.517457916637654  0.00365494679968471  -0.493979334649368 -0.0509709548429514  -1.16753720061937  0.0               -0.496728425183339 -0.0052865955970787
-0.651569636479531  0.0756424201874439 -0.577357765597156 -0.00940215715118869   -0.491439012025024 -0.00768835323796001  -0.517457916637654 -0.00598501726530402  -0.493979334649368 -0.0288253910788946  -1.16753720061937  0.649991555144852 -0.496728425183339  0.0167372375585478
-0.651569636479531  0.0756821770924165 -0.577357765597156 -0.00600031771224828   -0.491439012025024  0.0159170201556885   -0.517457916637654 -0.00544758071295896  -0.493979334649368 -0.0214151525340843  -1.16753720061937  0.632338863361503 -0.496728425183339 -0.0018815664024644
-0.651569636479531  0.0645699941312989 -0.577357765597156 -0.0050219696269244    -0.491439012025024  0.0222462780932443   -0.517457916637654 -0.0372427905697538   -0.493979334649368  0.017347927877863   -1.16753720061937  0.581378681766474 -0.496728425183339 -0.0163529272975568
-0.651569636479531  0.0652473177367915 -0.577357765597156 -0.00451488359017072   -0.491439012025024  0.0165942873425504   -0.517457916637654 -0.0102483628937676   -0.493979334649368  0.0243334204191562  -1.16753720061937  0.569579880339812 -0.496728425183339 -0.0335510268883543
-0.651569636479531  0.0621300050560244 -0.577357765597156 -5.16401393085113e-005 -0.491439012025024 -0.00935365620688684  -0.517457916637654 -0.00980231978393063  -0.493979334649368  0.00394955636727566 -1.16753720061937  0.58296756572447  -0.496728425183339 -0.0194597850981273
-0.651569636479531  0.066453944651194  -0.577357765597156  0.00257815663785474   -0.491439012025024  0.00679448627864539  -0.517457916637654  0.000981040986057534 -0.493979334649368 -0.0171185520585601  -1.16753720061937  0.538709346355244 -0.496728425183339 -0.0104286174145985
-0.651569636479531  0.066285511114735  -0.577357765597156 -0.000828682728642023  -0.491439012025024 -0.0049663422076931   -0.517457916637654 -0.00768485371550179  -0.493979334649368 -0.020982577694095   -1.16753720061937  0.635991864347585 -0.496728425183339 -0.00866711664540116
-0.651569636479531  0.03502298222743   -0.577357765597156  0.00091710701101157   -0.491439012025024 -0.0210170480886048   -0.517457916637654 -0.000916779710883378 -0.493979334649368 -0.0235006905483435  -1.16753720061937  0.0               -0.496728425183339  0.00376262058008475
-0.651569636479531 -0.0652683639122576 -0.577357765597156  0.00252788776586881   -0.491439012025024 -0.00753563445907818  -0.517457916637654 -0.000996906013839472 -0.493979334649368  0.0113099065383445  -1.16753720061937  0.0               -0.496728425183339 -0.006605049896768249

60.182533474443                                                                                           

 