000000000000000000000000000000000000000000000000000000000000000000000000000000000000000000000000000000000000000000000000000000000000000000000000000000000000000000000000000000000000000000000000000000000000000000000000000000000000000000000000000000000000000000000000000000000000000000000000000000000000000000000000000000000000000000000000000000000000000000000000
000000000000000000000000000000000000000000000000000000000000000000000000000000000000000000000000000000000000000000000000000000000000000000000000000000000000000000000000000000000000000000000000000000000000000000000000000000000000000000000000000000000000000000000000000000000000000000000000000000000000000000000000000000000000000000000000000000000000000000000000
000000000000000000000000000000000000000000000000000000000000000000000000000000000000000000000000000000000000000000000000000000000000000000000000000000000000000000000000000000000000000000000000000000000000000000000000000000000000000000000000000000000000000000000000000000000000000000000000000000000000000000000000000000000000000000000000000000000000000000000000
000000000000000000000000000000000000000000000000000000000000000000000000000000000000000000000000000000000000000000000000000000000000000000000000000000000000000000000000000000000000000000000000000000000000000000000000000000000000000000000000000000000000000000000000000000000000000000000000000000000000000000000000000000000000000000000000000000000000000000000000
000000000000000000000000000000000000000000000000000000000000000000000000000000000000000000000000000000000000000000000000000000000000000000000000000000000000000000000000000000000000000000000000000000000000000000000000000000000000000000000000000000000000000000000000000000000000000000000000000000000000000000000000000000000000000000000000000000000000000000000000
000000000000000000000000000000000000000000000000000000000000000000000000000000000000000000000000000000000000000000000000000000000000000000000000000000000000000000000000000000000000000000000000000000000000000000000000000000000000000000000000000000000000000000000000000000000000000000000000000000000000000000000000000000000000000000000000000000000000000000000000
000000000000000000000000000000000000000000000000000000000000000000000000000000000000000000000000000000000001111000000000000000000000011111111111111111111111000000000000000000000000000000000000000000000000000000000000000000000000000000000000000000000000000000000000000000000000000000000000000000000000000000000000000000000000000000000000000000000000000000000000
000000000000000000000000000000000000000000000000000000000000000000000000000000000000000000011111111111111111111111111110111111111111111111111111111111111111111110000000000000000000000000000000000000000000000000000000000000000000000000000000000000000000000000000000000000000000000000000000000000000000000000000000000000000000000000000000000000000000000000000000
000000000000000000000000000000000000000000000000000000000000000000000000000000000000011111111111111111111111111111111111111111111111111111111111111111111111111111111111100000000000000000000000000000000000000000000000000000000000000000111111111111000000000000000000000001110011100000000000000000000000000000000000000000000000000000000000000000000000000000000000
000000000000000000000000000000000000000000000000000000000000000000000000000000011001111111111111111111111111111111111111111111111111111111111111111111111111111111111110000000000000000000000000000000111111111100011100000000000111111111111111111111000000000000011000000000011111110000000000000000000000000000000000000000000000000000000000000000000000000000000000
000000000000000000000000000000000000000000000000000000000000000000000000001111011101111111111111111111111111111111111111111111111111111111111111111111111111111111100000000000000000000000000011111111111111111100000000000000000000000000000011000000000000000011000000000000011111111101110000000000000000000000000000000000000000000000000000000000000000000000000000
000000000000000000000000000000000000000000000000000000000000000000111110000111111111111111111111111111111101111111111111111111111111111111111111111111111111111111000000000000000000000000000011111111111111001000000000000000000000000000000000000000000000000000000000000000000001111111111111000000000000000000000000000000000000000000000000000000000000000000000000
000000000000000000000000000000000000000000000000000000000000111111111110011101111011111011111111111111110001111111111111111111111111111111111111111111111111111111100000000000000000000000000000011111100111100000000000000000000000000000000000000000001000000000000010000001000001100111111100000000000000000000000000000000000000000000000000000000000000000000000000
000000000000000000000000000000000000000000000000000000000111111111110111000111111111111111111111111111100000111111111111111111111111111111111111111111111111111111000000000000000000000000000000000111000000010000000000000000000000000000000000111111111000000000000000000000000111111111111111111111000000000000000000000001110100000011000000000000000000000000000000
000000000000000000000000000000000000000000000000000001000111111111111111111111111111111111111111111110000000000011000001111111111111111111111111111111111111111111100000000000000000000000000000000000000000000000000000000000000000000000011111111111100000000000000110000111111111111111111111111111000000000000000000000111111111111111100000000000000000000000000000
000000000000000000000000000000000000000000000000000000011111111011111111110000011111111111111111111110000000000000000000001111111111111111111111111111111111111111000000000000000000000000000000000000110000000000000000000000000000000000111111100000000000000000010010111111111111111111111111111111000000000000000000000101111111000111100000000000000000000000000000
000000000000000000000000000000000000000000000000000000011111111111000001111101111111111111111111111111110000000000000000000111111111111111111111111111111111111100000000000000000000000000000000000000000000000000000000000000000000000001111110000000000111001110011111111111111111111111111111111111111111100111111100000110011111000000000000000000000000000000000000
000000000000000000000000000000000000000000000000000000111111111111111111111001111111111110111111111111111100000000000000000111111111111111111111111111111111110000000000000000000000000000000000000000000000000000000000000000000000000111111000000000001111101111111111111111111111111111111111111111111111111111111100000000011111111111000000000000000000000000000000
111000000000000000000011110000000000000000000000000000111111111111111111111100011111111001111111111111111111100000000000000011111111111111111111111111111111111000000000000100000000000000000000000000000000010100000000000000000000000111111000000000111111111111111111111111111111111111111111111111111111111111111101111111111111111111110001110000000000000000000011
110000000000000001111111111111111110100000000000011110000000011111111111111111110001111110111111111111111111111110000000000001111111111111111111111111111111111000000000000100000000000000000010000000011111111111110000000000000000000001111111000000111111111111111111111111111111111111111111111111111111111111111111111111111111111111111111111110100000001100000011
000000000000000011111111111111111111111111001111111111111111111111111111111111111111111111111111111111111111111111000000000001111111111111111111111111111111110000000000000000000000000000000010000111111111111111111111100000000000111000000011111111111111111111111111111111111111111111111111111111111111111111111111111111111111111111111111111111111111111111111111
111000000000011111111111111111111111111111111111111111111111111111111111111111111111111111111111111011011111111111000000000000111111111111111111111111111110000000000000000000000000000000000000111111111111111111111111111100011110111111111111111111111111111111111111111111111111111111111111111111111111111111111111111111111111111111111111111111111111111111111111
111111100000001111111111111111111111111111111111111111111111111111111111111111111111111111111111111000111111111111111100000000111111111111111111111100000000000000000000000000000000000000000000111111111111111111111111111111011111111111111111111111111111111111111111111111111111111111111111111111111111111111111111111111111111111111111111111111111111111111111111
111111111111011111111111111111111111111111111111111111111111111111111111111111111111111111111111111000000111111111111110000000111111111111111111111000000000111111111100000000000000011000000000111111111111111111111111111111111111111111111111111111111111111111111111111111111111111111111111111111111111111111111111111111111111111111111111111111111111111111111111
111111111101111111111111111111111111111111111111111111111111111111111111111111111111111111111111100000111111111111111100000000111111111111111111000000000001111111111110000000000000011000000001111111111111111111111111110111111111111111111111111111111111111111111111111111111111111111111111111111111111111111111111111111111111111111111111111111111111111111111111
000011110000011111111111111111111111111111111111111111111111111111111111111111111111111111111111111001111111111111101000000000011111111111110000000000000000111111111110000000000000000000000011111111111101111111111111111111111111111111111111111111111111111111111111111111111111111111111111111111111111111111111111111111111111111111111111111111111111111111111111
000000001111000111111111111111111111111111111111111111111111111111111111111111111111111111111111111101110001111111110000000000001111111111110000000000000000011111110000000000000000000000011111111111111111111111111111111111111111111111111111111111111111111111111111111111111111111111111111111111111111111111111111111111111111111111111111111111111111111111111111
000000000000001111111111111111111111111111111111111111111111111111111111111111111111111111000000111111111111111111110000000000000111111111100000001100000000000000000000000011000000000001111111111111100111111111111111111111111111111111111111111111111111111111111111111111111111111111111111111111111111111111111111111111111111111111111111111111111111111111111111
000000000000011111111111111111111111111111111111111111111111111111111111111111111111111000000000000111111111110001110000000000000011111111000000001100000000000000000000000001000000000011111111111111000111111111111111111111111111111111111111111111111111111111111111111111111111111111111111111111111111111111111111111111111111111111111111111111111111111111110000
000000000000111111111111111111111111111111111111111111111111111111111111111111111111110000000000000001111111111110010000000000000001111111000000000000000000000110000000000000000011110011111111111111111111111111111111111111111111111111111111111111111111111111111111111111111111111111111111111111111111111111111111111111111111111111111111000111111111111110000000
000000000000111111111111111111111001001111111111111111111111111111111111111111111111110000000000000001111111111000111000000000000000000110000000000000000000000110000000000000001110000001111111111111110011111111111111111111111111111111111111111111111111111111111111111111111111111111111111111111111111111111111111111111111111111111111111000111111110001000000000
000000000000000000111111111110000000000001111111111111111111111111111111111111111111111100000000000001111111111111111100000000000000000000000000000000000000000000000000000011111100000001111111111111110111111111111111111111111111111111111111111111111111111111111111111111111111111111111111111111111111111111111111111111111100000000011000001111111000000000000000
000000000100000000000111111100000000000000011111111111111111111111111111111111111111111111000000000000111111111111111110000000000000000000000000000000000000000000000000000011111110000000001111111111110111111111111111111111111111111111111111111111111111111111111111111111111111111111111111111111111111111111111111111111111000000000000000111111110000000000000000
000000000000000000011111011000000000000000001111111111111111111111111111111111111111111111111000000011011111111111111111000000000000000000000000000000000000000000000000000011111100000000001110111110100111111111111111111111111111111111111111111111111111111111111111111111111111111111111111111111111111111111111111111111100000000000000001111111110000000000000000
000000000000000011111100000000000000000000000111111111111111111111111111111111111111111111111111110011111111111111111111110000000000000000000000000000000000000000000000000111111110000000001111111100000111111111111111111111111111111111111111111111111111111111111111111111111111111111111111111111111111111111111111111111000000000000000001111111000110000000000000
000000000000001111000000000000000000000000000011111111111111111111111111111111111111111111111111110011111111111111111111111000000000000000000000000000000000000000000000011111111111000000001111111111111111111111111111111111111111111111111111111111111111111111111111111111111111111111111111111111111111111111111111111111111010000000000001111111100011000000000000
000000000001110000000000000000000000000000000011111111111111111111111111111111111111111111111111111011111111111111111111111110000000000000000000000000000000000001000000011111011111100011111111111111111111111111111111111111111111111111111111111111111111111111111111111111111111111111111111111111111111111111111111111111111111000000000001111100000000000000000000
000001100010000000000000000000000000000000000001111111111111111111111111111111111111111111111111111101111111111111111111111110000000000000000000100000000000000000000000011111111111110011111111111111111111111111111111111111111111111111111111111111111111111111111111111111111111111111111111111111111111111111111111111111111111000000000000111000000000000011100100
001100000000000000000000000000000000000000000000110111111111111111111111111111111111111111111111111111111111111111111111111110000000000000000000000000000000000000000000011110111111111111111111111111111111111111111111111111111111111111111111111111111111111111111111111111111111111111111111111111111111111111111111111111111111000000000000111000000000000000000011
000000000000000000000000000000000000000000000000000111111111111111111111111111111111111111111111111111111111111111111111111110000000000000000000000000000000000000000000000000111111111111111111111111111111111111111111111111111111111111111111111111111111111111111111111111111111111111111111111111111111111111111111111111111011000000000001100000000000000000000000
000000000000000000000000000000011000000000000000000011111111111111111111111111111111111111111111111111111111111111111110011111100000000000000000000000000000000000000000000000000111111111111111111111111111111111111111111111111111111111111111111111111111111111111111111111111111111111111111111111111111111111111111111111111011100000000011000000000000000000000000
000000000000000000000000000000011000000000000000000000111111111111111111111111111111111111111111111111111111111111110000111111110000000000000000000000000000000000000000000000011111111111111111111111111111111111111111111111111111111111111111111111111111111111111111111111111111111111111111111111111111111111111111111111111110000000000100000000000000000000000000
000000000000000000000000000000000000000000000000000000011111111111111111111111111111111111111111111111111111111111110111111111110000000000000000000000000000000000000000000000011111111111111111111111111111111111111111111111111111111111111111111111111111111111111111111111111111111111111111111111111111111111111111111111110010000000001000000000000000000000000000
000000000000000000000000000000000000000000000000000000011111111111111111111111111111111111111111111111111111111111111111100111110000000000000000000000000000000000000000000000000111111111111111111111111111111111111111111111111111111001111111111111111111111111111111111111111111111111111111111111111111111111111111111111100111000000110000000000000000000000000000
000000000000000000000000000000000000000000000000000000011111111111111111111111111111111111111111111111111111111111111111100000000000000000000000000000000000000000011000000000100011111111111111111111111111111111101111111111111111100111111111111111111111111111111111111111111111111111111111111111111111111111111111111111000110000111100000000000000000000000000000
000000000000000000000000000000000000000000000000000000011111111111111111111111111111111111111111111111111111111111111111000000000000000000110000000000000000000000011000000000000011111111111111111111111111111111000111011111111111001111111111111111111111111111111111111111111111111111111111111111111111111111111111111110000111111100000000000000000000000000000000
000000000000000000000000000000000000000000000000000000011111111111111111111111111111111111111111111111111111111101110001000000000000000000110000000000000000000000000000001111111111111111111111110111111111111110000000000111111111000111111111111111111111111111111111111111111111111111111111111111111111111111111111111100001111111000000000000000000000000000000000
000000000000000000000000000000000000000000000000000000011111111111111111111111111111111111111111111111111111110000000000000000000000000000000000000000000000000000000000001111111111111100001111111111111111111100000111000011111111100111111111111111111111111111111111111111111111111111111111111111111111111111111111111000011111100000000000000000000000000000000000
000000000000000000000000000000000000000000000000000000011111111111111111111111111111111111111111111111111111111000000000000000000000000000000000000000000000000000000000000111111111111100001100111111011111111111111111110111111111110011111111111111111111111111111111111111111111111111111111111111111111111111111100000000001101000000000000000000000000000000000000
000000000000000000000000000000000000000000000000000100011111111111111111111111111111111111111111111111111111000000000000000000000000000000000000000000000000000000000000000111111111100110001100111111111111111111111111111111111111111011111111111111111111111111111111111111111111111111111111111111111111111111111100000000011100000000000000000000000000000000000000
000000000000000000000000000000000000000000000000000000011111111111111111111111111111111111111111111111111100000000000000000000000000000000000000000010000000000000000000001111111111011110001100000111111111011111111111111111111111110001111111111111111111111111111111111111111111111111111111111111111111011111110000000000011110000000000000000000000000000000000000
000000000000000000000000000000000000000000000000000000001111111111111111111111111111111111111111111111111000000000000000000000000000000000000000000000011000000000000000001111111111110000001100111111001111111111111111111111111111110000111111111111111111111111111111111111111111111111111111111111111110110011111000000000111100000000000000000000000000000000000000
000000000000000000000000000000000000000000000000000000000111111111111111111111111111111111111111111111111000000000000000000000000000000000000000000000000010000000000000001111111111000000111111111110001111111111111111111111111111111001111111111111111111111111111111111111111111111111111111111111111111111001111110000011111100000000000000000000000000000000000000
000000000000000000000000000000000000000000000000000000000111111111111111111111111111111111111111111111111000000000000000000000000000000000000000000000000010000000000000001111111110111111111111101100000111111111111111111111111111111111111111111111111111111111111111111111111111111111111111111111111111111000111100010011111000000000000000000000000000000000000000
000000000000000000000000000000000000000000000000000000000011111111111111111111111111111111111111111111111000000000000000000000000000000000000000000000000000000000000000000001111111111111111111101000000001111100001111111111111111111111111111111111111111111111111111111111111111111111111111111111111111100000111100111111111000000000000000000000000000000000000000
000000000000000000000000000000000000000000000000000000000001111111111111111111111111111111111111111111110000000000000000000000011000000000000000000000000000000000000000000001111111111111111111000000000000110000011101111111111111111111111111111111111111111111111111111111111111111111111111111111111111100000111111111111110000000000000000000000000000000000000000
000000000000000000000000000000000000000000000000000000000001111111111111111111111111111111111111111111100000000000000000000000011000000000000000000000000000000000010000000111111111111111111111000000000000000000000001111111111111111111111111111111111111111111111111111111111111111111111111111111111111100000100111111110010000000000000000000000000000000000000000
000000000000000000000000000000000000000000000000000000000000011111111111111111111111111111111111111110000000000000010000000000000000000000000000000000000000000000110000001111111111111111111111111100011111100000000011111111111111111111111111111111111111111111111111111111111111111111111111111111111111110000001111110000000000000000000000000000000000000000000000
000000000000000000000000000000000000000000000000000000000000000111111111111111111111111111111111111000000000000000000000000000000000000000000000000000000000000000000000001111111111111111111111111111011111111111111111111111111111111111111111111111111111111111111111111111111111111111111111111111111111110000000011000000000000000000000000000000000000000000000000
000000000000000000000000000000000000000000000000000000000000000111111111111111111111111111111111111000000000000000000000000000000000000000000000000000000000000000000000001111111111111111111111111111111111111111111111111111111111111111111111111111111111111111111111111111111111111111111111111111111111111000000011000000001000000000000000000000000000000000000000
000000000000000000000000000000000000000000000000000000000000010011111111111111111111111111100011111100000000000000000000000000000000000000000000000000000000000000000010011111111111111111111111111111111111111111111111111111111111101111111111111111111111111111111111111111111111111111111111111111111111111000000000001100000000000000000000000000000000000000000000
001000000000000000000000000000000000000000000000000000000000000011111111111111111111100000000000011100000000000000000000000000000000000000000000000000000000000000111111111111111111111111111111111111111111111111111111111111111111101111111111111111111111111111111111111111111111111111111111111111111111110000000100001100000000000000000000000000000000000000000000
000000000000000000000000000000000000000000000000000000000000000011111111111111111110000000000000011100000000000000000000000000000000000000000000000000000000000001101011111111111111111111111111111111111111111111111111111111111111110111111111111111111111111111111111111111111111111111111111111111111111100000001000000000000010000000000000000000000000000000000000
000000000000000000000000000000000000000000000000000000000000000000111011111111111110000000000000011101100000000000000000000000000000000000000000000000000000000000000111111111111111111111111111111111111111111111111111111111111111111101111111111111111111111111111111111111111111111111111111111111111111100000011000000000000000000000000000000000000000000000000000
000000000000000000000000000000000000000000000000000000000000000000011111111111111110000000000000001101110000000000000000000000000000000000000000000000000000000000000111111111111111111111111111111111111111111111111110111111111111111100011111111111111111111111111111111111111111111111111111111111111111110000000001000000000000000000000000000000000000000000000000
000000000000000000000000000000000000000000000000000000000000000000011111111111111110000000000000001001111000000000000000000000000000000000000000000000000000000000001111111111111111111111111111111111111111111111111111011111111111111111111000000000111111111111111111111111111111111111111111111111111111110111000000000000000100000000000110000000000000000000000000
000000000000010000000000000000000000000000000000000000000000000000000110011111111110000000000000011100111100000000000000000000000000000000000000000000000000000000011111111111111111111111111111111111111111111111111111001111111111111111111110000000011111111111111111111111111111111111111111111111111101110000000000000000000000000000000000000000000000000000000000
000000000000000000001000000000000000000000000000000000000000000000000110001111111110000000000001111111110111000000000000000000000000000000000000000000000000000000011111111111111111111111111111111111111111111111111111101111111111111111111111000000000111111111111111111111111111111111111111111111111000110000000000000000000000000000000000000000000000000000000000
000000000000000000001111000000000000000000000000000000000000000000000000011111111110000001111101111111111011100000000000000000000000000000000000000000000000000000111111111111111111111111111111111111111111111111111111110111111111111111111111000000000111111111111111111111111111111111111111111110000000100000000000000000000000000000000000000000000000000000000000
000000000000000000000011100000000000000000000000000000000000000000000000001111111111000001111100000001111111000000000000000000000000000000000000000000000000000000111111111111111111111111111111111111111111111111111111110111111111111111111110000000000011111111111111111000001111111111111111011000000000011000000000000000000000000000000000000000000000000000000000
000000000000000000000001110000000000000000000000000000000000000000000000001111111111000011111000001000111011111100000000000000000000000000000000000000000000000000011111111111111111111111111111111111111111111111111111110011111111111111111100000000000000111111111111111000000111111111111110111000000000010000000000000000000000000000000000000000000010000000000000
000000000000000000000000100000000000000000000000000000000000000000000000000111111111111111111000000001110111111111111000000000000000000000000000000000000000000000011111111111111111111111111111111111111111111111111111111001111111111111111100000000000000111111111111100000000111111111111110111000000000111000000000000000000000000000000000000000000000000000000000
000000000000000000000000000000000000000000000000000000000000000000000000000001111111111111110000100000110000100011110110000000000000000000000000000000000011000000011111111111111111111111111111111111111111111111111111111001111111111111111000000000000000011111111111000000000011111111111111000000000000111000000000000000000000000000000000000000000000000000000000
000000000010000000000000000000000000000000000000000000000000000000000000000000011111111111110010000000000000000000000110000000000000000000000000000000000011110000011111111111111111111111111111111111111111111111111111111100111111111111100000000000000000011111111110000000000011111111111111100100000001111000000000000000000000000000000000000000000000000000000000
000000000000000000000000000000000000000000000000000000000000000000000000000000000011101111111111100000000000000000000010000000000000000000000000000000000001110000011111111111111111111111111111111111111111111111111111111110111111111110000000000000000000011111111100000000000011011111111111100000000001110000000000000000000000010000000000000000000000000000000000
000000000000000000000000000000000000000000000000000000000000000000000000000000000000000111111111100000000000000000000011000000000000000000000000000000000001100010111111111111111111111111111111111111111111111111111111111111111111111000000000000000000000001111111000000000000000011111111111110000000000111000000000000000000000000000000000000000000000000000000000
000000000000000000000000000000000000000000000000000000000000000000000000000000000000000011111111101000000000000000000010100000000000000000000000000000000000000000011111111111111111111111111111111111111111111111111111111111111111000000000000000000000000001111111000000000001000001111111111110000000000111110000000000000000000100000000000000000000000000000000000
000000000000000000000000000000000000000000000000000000000000000000000000000000000000000000001111101000000001111100000010000000000000000000000000000000000000000000011111111111111111111111111111111111111111111111111111111111111100001011100000000000000000001111111000000000001000001111111111110000000001111111000000000000000000000000000000000000000000000000000000
000000000000000000000000000000000000000000000000000000000000000000000000000000000000000000000111100000000111111101001001000000000000000000000000000000000000000000011111111111111111111111111111111111111111111111111111111111110001111100000000000000000000100111110000000000001000001100111111110000000001111111000000000000000000000000000000000000100000010000000000
000000000000000000000000000000000000000000000000000000000000000000000000000000000000000000000011100000001111111111111110000000000000000000000000000000000000000000001111111111111111111111111111111111111111111111111111111111111111111100000000000000000000000111110000000000001000001100011111100000000011111111000000000000010000000000000000000000000000000000000000
000000000000000000000000000000000000000000000000000000000000000000000000000000000000000000000011110111011111111111111111000000000000000000000000000000000000000000000011111111111111111111111111111111111111111111111111111111111111111000000000000000000000000011111000000000000000001100001110000000000110001111100000000000110000000000000000000011000000001000000000
000000000000000000000000000000000000000000000000000000000000000000000000000000000000000000000000111111111111111111111111100000000000000000000000000000000000000000000011111111111111111111111111111111111111111111111111111111111111111000000000000000000000010011111100000000000000001110001100000000000100001111100000000000000000000000000000000000000001000000000000
000000000000000000000000000000000000000000000000000000000000000000000000000000000000000000000000001101111111111111111111110000000000000000000000000000000000000000000001111111111111111111111111111111111111111111111111111111111111110000000000000000000000000000011100000000000100001110000000000000000100011111100000001000000001000001010000001000000000100100000000
000000000000000000000000000000000000000000000000000000000000000000000000000000000000000000000000000000111111111111111111111000000000000000000000000000000000000000000000111111111111111111111111111111111111111111111111111111111111110000000000000000000000000000011100000000000100000111100000000000001100111011100000001000000000000000000000001010000000000100000000
000000000000000000000000000000000000000000000000000000000000000000000000000000000000000000000000000000111111111111111111111111110000000000000000000000000000000000000000011111111111111011111111111111111111111111111111111111111111100000000000000000000000000000001000000000000001110011110000000000011111110011000000000000000000000000000100000000110000010000000000
000000000000000000010000000000000000000000000000000000000000000000000000000000000000000000000000000000111111111111111111111111111000000000000000000000000000000000000000000111000110000001111111111111111111111111111111111111111111100000000000000000000000010000000000000000000001111011110000100001111110000000100000000000000000000000000000000000000000000000000000
000000000000000000001000000000000000000000000000000000000000000000000000000000000000000000000000000000111111111111111111111111111000000000000000000000000000000000000000000000000000000000001111111111111111111111111111111111111111000000000000000000000000000000000000000000000000111111110010100011111100000001000000000000000000000000000011000000000000000011000000
000000000000000000000010000000000000000000000000000000000000000000000000000000000000000000000000000001111111111111111111111111111100000000000000000000000000000000000000000000000000000000000111111111111111111111111111111111111110000000000000000000000000000000000000000000000001111111110000000111111100000000011000000000000000000000000000000000000000000000000000
000000000000000000000010000000000000000000000000000000000000000000000000000000000000000000000000000011111111111111111111111111111100000000000000000000000000000000000000000000000000000000010111111111111111111111111111111111111100000000000000000000000000000000000000000000000000011111111000011111111110110011011000000000000000000000000010000000000000000011000000
000000000000000000000000000000000000000000000000000000000000000000000000000000000000000000000000000111111111111111111111111111111110000000000000000000000000000000000000000000000000000000100111111111111111111111111111111111110000000000000000000000000000000000000000000000000000010111111000111111111111111110011000001000000000000000000000000000000000000001000000
000000000000000000000000000000000000000000000000000000000000000000000000000000000000000011100000000111111111111111111111111111111111110000000000000000000000000000000000000000000000000000001111111111111111111111111111111111100000000000000000000000000000010000000000000000000000001111111000011111111101111100011011111110000000000000000000000000000010010000100000
000000000000000000000000000000000000000000000000000000000000000000000000000000000000000010000000000111111111111111111111111111111111111100000000000000000000000000000000000000000000000000001111111111111111111111111111111111000000000000000000000000000000000000000000000000000000001111111110011111111101111111111111111111100010000001000000000000000100000000111000
000000001000000000000000000000000000000000000000000000000000000000000000000000000000000000000000001111111111111111111111111111111111111111111000000000000000000000000000000000000000000000000111111111111111111111111111111111000000000000000000000000000000000000000000000000000000000111111111101111111011111011101110111011111100001100110000000000000000000000011000
000000000000000000000000110000000000000000000000000000000000000000000000000000000000000000000000000111111111111111111111111111111111111111111100000100000000000000000000000000000000000000000011111111111111111111111111111110000000000000000000000000000000000000000000000000000000000011111111101111111011111000111110111111111111100000011010000000000000000000000000
000001000000000000000000110000000000000000000000000000000000000000000000000000000000000000000000001111111111111111111111111111111111111111111110000000000000000000000000000000000000000000000001111111111111111111111111111110000000000000010000000000000000000000000000000000000000000000111100000000101001111100000100111111111111111001011100110000000000000000000000
000000000000000000000000000000000000000000000000000000000000000000000000000000000000000000000000001111111111111111111111111111111111111111111111100000000000000000000000000000000000000000000000111111111111111111111111111100000000000000000000000000000000000000000000000000000000000000111110000010000001111100000000101001111111111111111011000000000000000000001100
000000000000000000000000000000000000000000000000000000000000000000000000000000000000000000000000001111111111111111111111111111111111111111111111100000000000000000000000000000000000000000000000111111111111111111111111111100000000000000000000000000000000000000000000000000000000000000000111111111110000100000000000001000111111111101100011100000000000000000001100
000000000000000000000000000000000000000000000000000000000000000000000000000000000000000000000000000011111111111111111111111111111111111111111111110000000000000000000100000000000000000000000000111111111111111111111111111100000000000000000000000000000000100000000000000000000000000000000011111111100000100001101101000001111111111100000001111100000000000000000110
000000010000000000000100000000000000000110000000000000000000000000000000000000000000000000000000000011111111111111111111111111111111111111111111110000000000000000000000000000000000000000000000011111111111111111111111111100000000000000000000000000000000000000000000000000000000000000000000001111111111111111111111000001111111011110010000011111000000000000000001
000000001000000000000100000000000000000011000000000000000000000000000000000000000000000000000000000001111111111111111111111111111111111111111111100000000000000000000000000000000000000000000000011111111111111111111111111100000010000000000000000000000000000000000000000000000000000000000000000000000101100111100000000000001111001111111000000111000000000000000000
000000000000001000110000000000000000000000000000000000000000000000000000000000000000000000000000000001111111111111111111111111111111111111111111000000000000000000000000000000000000000000000000011111111111111111111111111110000000000000001000000000000000000000000000000000000000000000000100000000000000111110000000100000000110000111111000000001100110000000000001
000000000000000000000000000000100000000000000000000000000000000000000000000000000000000000000000000000111111111111111111111111111111111111111110000000000000000000000000000000000000000000000000011111111111111111111111111110010001010000000000000000000000000000000000000000000000000000000000000000000000000000000011111110000011000000000110000010000010000000000000
000000000000000000000000000000100000000000000000000000000000000000000000000000000000000000000000000000111111111111111111111111111111111111111110000000000000000000000000000000000000000000000000111111111111111111111111111110011100110000000000000000000000000000000000000000000000100000000000000000000000000000000011111111000111000000000000000000000000000000000100
000100011000000000000000000000000000000000000000000000000000000000000000000000000000000000000000000000011111111111111111111111111111111111111100000000000000000000000000000000000000000000000000111111111111111111111111111110000101111000000000000000000000000000000000000000000000000000000000000000000000000000110111111110000111000000000000000000000001000000000000
010000001100000000000000000000000011001001000000000000000000000000000000000000000000000000000000000000011111111111111111111111111111111111111100000000000000000000000000000000000000000000000000111111111111111111111111111110000001111000000000000000000000000000000000000000000000000000000000000000000000000011111111111111000111110000000000000000000011000000000000
000000100000000000000000000000000000000000000000000000000000000000000000000000000000000000000000000000001111111111111111111111111111111111111100000000000000000000000000000000100000000000000001111111111111111111111111111110000111111000100000000000000000000000000000000000000000000000000000000000000000000011111111111111000111110000000000000000000011000000000000
100000100000000000000000011010000000000000000000000000000000000000000000000000000000000000000000000000000011111111111111111111111111111111111100000000000000000000000000000000100000000000000001111111111111111111111111111110001111111000000001000000000000000000000000000000000000000000000000000000000000001111111111111111110111111001100000000000000001100000000111
000000000000000000000000000000100000000000000000000000000000000000000000000000000000000000000000000000000000111111111111111111111111111111111000000000000000000000000000000000000000000000000001111111111111111111111111111000111111110000000000000000000000000000000000000000000000000000000000000000000000001111111111111111111111111000000000000000000000100000000110
010001100010000010001000000000000000001100010000000000000000000000000000000000000000000000000000000000000000011111111111111111111111111111111000000000000000000000000000000000000000000000000001111111111111111111111111100000011111110000000000000000000000000000000000000000000000000000000000000000000000011111111111111111111111111000000000000000000000010000000111
000001000010000000000010000000000011000000000000000000000000000000000000000000000000000000000000000000000000011111111111111111111111111111111000000000000000000000000000000000000000000000000000111111111111111111111111000000001111110000000000000100000000000000000000000000000000000000000000000000000001111111111111111111111111111110000000000000000000010000000011
010000000000000000000010000000000000000001000000000000000000000000000000000000000000000000000000000000000000011111111111111111111111111111110000000000100000000000000000000000000000000000000000011111111111111111111111000000011111100000010100000000000000000000000000000000000000000000000000000000011111111111111111111111111111111111000000000000001101010000000000
000010000000000000001110000000000000000101000000000000000000000000000000000000000000000000000000000000000000011111111111111111111111111111110000000000000000000000000000000000000000000000000000011111111111111111111111000000011111100000010000000000000000000000000000000000000000000000000000000000111111111111111111111111111111111111100000000000001111100000000000
000000000000000000000000000010000000000000000000000000000000000000000000000000000000000000000000000000000000011111111111111111111111111111100000000000000000000000000000000000000000000000000000001111111111111111111111000010011111100000000000000000000000000000000000000000000000000000000000000001111111111111111111111111111111111111100000000000000010000000000000
000000000000000000000000000000100000000000000100000000000000000000000000000000000000000000000000000000000000011111111111111111111111111110000000000000000000000000000000000000000000000000000000001111111111111111111111000000011111000000000000000000000000000000000000000000000000000000000000000001111111111111111111111111111111111111110000000000000000000000000000
000000000000000000000000000000000000000000000000000000000000000000000000000000000000000000000000000000000000011111111111111111111111110000000000000000000000000000000000000000000000000000000000001111111111111111111111000000011111000000000000000000000000000000000000000000000000000000000000000001111111111111111111111111111111111111111100000000000000000000000000
000000000000000000000000000000000000000000000000010000000000000000000000000000000000000000000000000000000000011111111111111111111111100000000000000000000000000000000000000000000000000000000000001111111111111111111100000000001111000000000000000000000000000000000000000000000000000000000000000011111111111111111111111111111111111111111100000000000000000000000000
000000000000000000000000000000000000000000000000000000000000000000000000000000000000000000000000000000000000011111111111111111111111000000000000000000000000000000000000000000000000000000000000001111111111111111111000000000000000000000000000000000000000000000000000000000000000000000000000000001111111111111111111111111111111111111111100000000000000000000000000
000000000000000000000000000000000001000000000000000000000000000000000010000000000000000000000000000000000000111111111111111111111111000000000000000000000000000000000000000000000000000000000000000111111111111111111000000000000000000000000000000000000000000000000000000000000000000000000000000001111111111111111111111111111111111111111100000000000000000000000000
000000000000000000000000000000000000000000000000000000000000000000000000000000000000000000000000000000000000111111111111111111111111000000000000000000000000000000000000000000000000000000000000000111111111111111111000000000000000000000000000000000000000000000000000000000000000000000000000000000111111111111111111111111111111111111111100000000000000000000000000
001000000000000000000000000000000000000000000000000000000000000000000000000000000000000000000000000000000000111111111111111111111110000000000000000000000000000000000000000000000000000000000000000011111111111111110000000000000000000000000000000000000000000000000000000000000000000000000000000000111111111111111111111111111111111111111100000000000001000000000000
000000000000000000000000000000000000000000000000000000000000000000000000000000000000000000000000000000000000111111111111111111111100000000000000000000000000000000000000000000000000000000000000000001111111111111100000000000000000000000000000000000000000000000000000000000000000000000000000000000011111111111111111111111111111111111111100000000000000000000000000
000000000000000000000000000000000000000000000000000000000000000000000000000000000000000000000000000000000000111111111111111111111100000000000000000000000000000000000000000000000000000000000000000001111111111111100000000000000000000000000000000000000000000000000000000000000000000000000000000000011111111111111111111111111111111111111100000100000000000000000000
000000000000000000000000000000000000000000000000000000000000000000000000000000000000000000000000000000000000111111111111111111110000000000000000000000000000000000000000000000000000000000000000000001111111111111000000000000000000000000000000000000000000000000000000000000000000000000000000000000011111111111111000111111111111111111111000000000000000000000000000
000000000000000000000000000000000000000000000000000000000000000000000000000000000000000000000000000001000000111111111111111111110000000000000000000000000000000000000000000000000000000000000000000001111111111100000000000000000000000000000000000000000000000000000000000000000000000000000000000000011111111110000000001111111111111111110000000000000000000000000000
000000000000000000000000000000000000000000000000000000000000000000000000000000000000000000000000000000000001111111111111111111100000000000000000000000000000000000000000000000000000000000000000000000111111110000000000000000000000000000000000000000000000000000000000000000000000000000000000000000011111001100000000000111111111111111110000000000000000000011000000
000000000000000000000000000000000000000000000000000000000000000000000000000000000000000000000000000000000001111111111111111011000000000000000000000000000000000000000000000000000000000000000000000000000000000000000000000000000000000000000000000000000000000000000000000000000000000000000000000000001110000000000000000011111111111111100000000000000000000001100000
000000000000000000000000000000000000000000000000000000000000000000000000000000000000000000000000000000000011111111111111111100000000000000000000000000000000000000000000000000000000000000000000000000000000000000000000000000000000000000000000000000000000000000000000000000000000000000000000000000000000000000000000000011011111111111100000000000000000000001110000
000000000000000000000000000000000000000000000000000000000000000000000000000000000000000000000000000000000011111111111111111100000000000000000000000000000000000000000001000000000000000000000000000000000000000000000000000000000000000000000000000000000000000001000000000000000000000000000000000000000000000000000000000000011111111111100000000000000000000000111110
000000000000000000000000000000000000000000000000000000000000000000000000000000000000000000000000000000000011111111111111111000000000000000000000000000000000000000000000000000000000000000000000000000000000000000000000000000000000000000000000000000000000000000000000000000000000000000000000000000000000000000000000000000001111111100000000000000000000000000111110
000000000000000000000000000000000000000000000000000000000000000000000000000000000000000000000000000000000011111111111110000000000000000000000000000000000000000000000000000000000000000000000000000000000000000000000000000000000000000000000000000000000000000000000000000000000000000000000000000000000000000000000000000000000001101110000000000000000000000001111100
000000000000000000000000000000000000000000000000000000000000000000000000000000000000000000000000000000000011111111111100000000000000000000000000000000000000000000000000001000000000000000000000000000000000000000000000000000000000000000000000000000000000000000000000000000000000000000000000000000000000000000000000000000000001111110000000000000000000000010111000
000000000000000000000000000000000000000000000000000000000000000000000000000000000000000000000000000000000011111111111100000000000000000000000000000000000000000000000000000000000000000000000000000000000000000000000000000000000000000000000000000000000000000000000000000000000000000000000000000000000000000000000000000000000000111110000000000000000000000111111000
000000000000000000000000000000000000000000000000000000000000000000000000000000000000000000000000000000000111111111111000000000000000000000000000000000000000000000000000000000000000000000000000000000000000000000000000000000000000000000000000000000000000000000000000000000000000000000000000000000000000000000000000000000000000011110000000000000000000001111100000
000100000000000000000000000000000000000000000000000000000000000000000000000000000000000000000000000000000111111111110000000100000000000000000000000000000000000000000000000000000000000000000000000000000000000000000000000000000000000000000000000000000000000000000000000000000000000000000000000000000000000000000000000000000000011110000000000000000000011111000000
000100000000000000000000000000000000000000000000000000000000000000000000000000000000000000000000000000000111111111100000000000000000000000000000000000000000000000000000000000000000000000000000000000000000000000000000000000000000000000000000000000000000000000000000000000000000000000000000000000000000000000000000000000000000000000000000000000000001111100000000
000000000000000000000000000000000000000000000000000000000000000000000000000000000000000000000000000000000111111111100000000000000000000000000000000000000000000000000000000000000000000000000000000000000000000000000000000000000000000000000000000000000000000000000000000000000000000000000000000000000000000000000000000000000000000000000000000000000011111100000000
000000000000000000000000000000000000000000000000000000000000000000000000000000000000000000000000000000001111111110000000000000000000000000000000000000000000000000000000000000000000000000000000000000000000000000000000010000000000000100000000000000000000000000000000000000000000000000000000000000000000000000000000000000000000000000000000000000000011111000000000
000000000000000000000000000000000000000000000000000000000000000000000000000000000000000000000000000000001111111111100000000000000000000000000000000000000000000000000000000000000000000000000000000000000000000000000000000000000000000000000000000000000000000000000000000000000000000000000000000000000000000000000000000000000000000000000000000000000001100000000000
000000000000000000000000000000000000000000000000000000000000000000000000000000000000000000000000000000001111111111000000000000000000000000000000000000000000000000000000000000000000000000000000000000000000000000000000000000000000000000000000000000001100000000000000000000000000000000000000000000000000000000000000000000000000000000000000000000000000000000000000
000000000000000000000000000000000000000000000000000000000000000000000000000000000000000000000000000000001111111110000000000000000000000000000000000000000000000000000000000000000000000000000000000000000000000000000000000000000000000000000000000000001110000000000000000000000000000000000000000000000000000000000000000000000000000000000000000000000000000000000010
000000000000000000000000000000000000000000000000000000000000000000000000000000000000000000000000000000001111111100000000000000000000000000000000000000000000000000000000000000000000000000000000000000000000000000000000000000000000000000000000000000000000000000000000000000000000000000000000000000000000000000000000000000000000000000000000000000000110000000000000
000000000000000000000000000000000000000000000000000000000000000000000000000000000000000000000000000000001111111100000001111000000000000000000000000000000000000000000000000000000000000000000000000000000000000000000000000000000000000000000000000000000000000000000000000000000000000000000000000000000000000000000000000000000000000000000000000000000000000000000000
000000000000000000000000000000000000000000000000000000000000000000000000000000000000000000000000000000001111111100000001110000000000000000000000000000000000000000000000000000000000000000000000000000000000000000000000000000000000000000000000000000000000000000000000000000000000000000000000000000000000000000000000000000000000000000000000000000000000010000000000
000000000000000000000000000000000000000000000000000000000000000000000000000000000000000000000000000000000111111110000000000000000000000000000000000000000000000000000000000000000000000000000000000000000000000000000000000000000000000000000000000000000000010000000000000000000000000000000000000000000000000000000000000000000000000000000000000000000000000000000000
000000000000000000000000000000000000000000000000000000000000000000000000000000000000000000000000000000000001111111110000000000000000000000000011100000000000000000000000000000000000000000000000000000000000000000000000000000000000000000000000000000000000000000000000000000000000000000000000000000000000000000000000000000000000000000000000001100000000000000000000
000000000000000000000000000000000000000000000000000000000000000000000000000000000000000000000000000000000000011111000000000000000000000000000000000000000000000000000000000000000000000000000000000000000000000000000000000000000000000000000000000000000000000000000000000000000000000000000000000000000000000000000000000000000000000000000000000000000000000000000000
000000000000000000000000000000000000000000000000000000000000000000000000000000000000000000000000000000000000000000000000000000000000000000000000000000000000000000000000000000000000000000000000000000000000000000000000000000000000000000000000000000000000000000000000000000000000000000000000000000000000000000000000000000000000000000000000000000000000000000000000
000000000000000000000000000000000000000000000000000000000000000000000000000000000000000000000000000000000000000000000000000000000000000000000000000000000000000000000000000000000000000000000000000000000000000000000000000000000000000000000000000000000000000000000000000000000000000000000000000000000000000000000000000000000000000000000000000000000000000000000000
000000000000000000000000000000000000000000000000000000000000000000000000000000000000000000000000000000000000000000000000000000000000000000000000000000000000000000000000000000000000000000000000000000000000000000000000000000000000000000000000000000000000000000000000000000000000000000000000000000000000000000000000000000000000000000000000000000000000000000000000
000000000000000000000000000000000000000000000000000000000000000000000000000000000000000000000000000000000000000000000000000000000000000000000000000000000000000000000000000000000000000000000000000000000000000000000000000000000000000000000000000000000000000000000000000000000000000000000000000000000000000000000000000000000000000000000000000000000000000000000000
000000000000000000000000000000000000000000000000000000000000000000000000000000000000000000000000000000000000000000000000000000000000000000000000000000000000000000000000000000000000000000000000000000000000000000000000000000000000000000000000000000000000000000000000000000000000000000000000000000000000000000000000000000000000000000000000000000000000000000000000
000000000000000000000000000000000000000000000000000000000000000000000000000000000000000000000000000000000000000000000000000000000000000000000000000000000000000000000000000000000000000000000000000000000000000000000000000000000000000000000000000000000000000000000000000000000000000000000000000000000000000000000000000000000000000000000000000000000000000000000000
000000000000000000000000000000000000000000000000000000000000000000000000000000000000000000000000000000000000000000000000000000000000000000000000000000000000000000000000000000000000000000000000000000000000000000000000000000000000000000000000000000000000000000000000000000000000000000000000000000000000000000000000000000000000000000000000000000000000000000000000
000000000000000000000000000000000000000000000000000000000000000000000000000000000000000000000000000000000000000000000000000000000000000000000000000000000000000000000000000000000000000000000000000000000000000000000000000000000000000000000000000000000000000000000000000000000000000000000000000000000000000000000000000000000000000000000000000000000000000000000000
000000000000000000000000000000000000000000000000000000000000000000000000000000000000000000000000000000000000000000000000000000000000000000000000000000000000000000000000000000000000000000000000000000000000000000000000000000000000000000000000000000000000000000000000000000000000000000000000000000000000000000000000000000000000000000000000000000000000000000000000
000000000000000000000000000000000000000000000000000000000000000000000000000000000000000000000000000000000000000000000000000000000000000000000000000000000000000000000000000000000000000000000000000000000000000000000000000000000000000000000000000000000000000000000000000000000000000000000000000000000000000000000000000000000000000000000000000000000000000000000000
000000000000000000000000000000000000000000000000000000000000000000000000000000000000000000000000000000000000000000000000000000000000000000000000000000000000000000000000000000000000000000000000000000000000000000000000000000000000000000000000000000000000000000000000000000000000000000000000000000000000000000000000000000000000000000000000000000000000000000000000
000000000000000000000000000000000000000000000000000000000000000000000000000000000000000000000000000000000000000000000000000000000000000000000000000000000000000000000000000000000000000000000000000000000000000000000000000000000000000000000000000000000000000000000000000000000000000000000000000000000000000000000000000000000000000000000000000000000000000000000000
000000000000000000000000000000000000000000000000000000000000000000000000000000000000000000000000000000000000000000000000000000000000000000000000000000000000000000000000000000000000000000000000000000000000000000000000000000000000000000000000000000000000000000000000000000000000000000000000000000000000000000000000000000000000000000000000000000000000000000000000
000000000000000000000000000000000000000000000000000000000000000000000000000000000000000000000000000000000000000000000000000000000000000000000000000000000000000000000000000000000000000000000000000000000000000000000000000000000000000000000000000000000000000000000000000000000000000000000000000000000000000000000000000000000000000000000000000000000000000000000000
000000000000000000000000000000000000000000000000000000000000000000000000000000000000000000000000000000000000000000000000000000000000000000000000000000000000000000000000000000000000000000000000000000000000000000000000000000000000000000000000000000000000000000000000000000000000000000000000000000000000000000000000000000000000000000000000000000000000000000000000
000000000000000000000000000000000000000000000000000000000000000000000000000000000000000000000000000000000000000000000000000000000000000000000000000000000000000000000000000000000000000000000000000000000000000000000000000000000000000000000000000000000000000000000000000000000000000000000000000000000000000000000000000000000000000000000000000000000000000000000000
000000000000000000000000000000000000000000000000000000000000000000000000000000000000000000000000000000000000000000000000000000000000000000000000000000000000000000000000000000000000000000000000000000000000000000000000000000000000000000000000000000000000000000000000000000000000000000000000000000000000000000000000000000000000000000000000000000000000000000000000
000000000000000000000000000000000000000000000000000000000000000000000000000000000000000000000000000000000000000000000000000000000000000000000000000000000000000000000000000000000000000000000000000000000000000000000000000000000000000000000000000000000000000000000000000000000000000000000000000000000000000000000000000000000000000000000000000000000000000000000000
000000000000000000000000000000000000000000000000000000000000000000000000000000000000000000000000000000000000000000000000000000000000000000000000000000000000000000000000000000000000000000000000000000000000000000000000000000000000000000000000000000000000000000000000000000000000000000000000000000000000000000000000000000000000000000000000000000000000000000000000
000000000000000000000000000000000000000000000000000000000000000000000000000000000000000000000000000000000000000000000000000000000000000000000000000000000000000000000000000000000000000000000000000000000000000000000000000000000000000000000000000000000000000000000000000000000000000000000000000000000000000000000000000000000000000000000000000000000000000000000000
000000000000000000000000000000000000000000000000000000000000000000000000000000000000000000000000000000000000000000000000000000000000000000000000000000000000000000000000000000000000000000000000000000000000000000000000000000000000000000000000000000000000000000000000000000000000000000000000000000000000000000000000000000000000000000000000000000000000000000000000
000000000000000000000000000000000000000000000000000000000000000000000000000000000000000000000000000000000000000000000000000000000000000000000000000000000000000000000000000000000000000000000000000000000000000000000000000000000000000000000000000000000000000000000000000000000000000000000000000000000000000000000000000000000000000000000000000000000000000000000000
000000000000000000000000000000000000000000000000000000000000000000000000000000000000000000000000000000000000000000000000000000000000000000000000000000000000000000000000000000000000000000000000000000000000000000000000000000000000000000000000000000000000000000000000000000000000000000000000000000000000000000000000000000000000000000000000000000000000000000000000
000000000000000000000000000000000000000000000000000000000000000000000000000000000000000000000000000000000000000000000000000000000000000000000000000000000000000000000000000000000000000000000000000000000000000000000000000000000000000000000000000000000000000000000000000000000000000000000000000000000000000000000000000000000000000000000000000000000000000000000000
000000000000000000000000000000000000000000000000000000000000000000000000000000000000000000000000000000000000000000000000000000000000000000000000000000000000000000000000000000000000000000000000000000000000000000000000000000000000000000000000000000000000000000000000000000000000000000000000000000000000000000000000000000000000000000000000000000000000000000000000
000000000000000000000000000000000000000000000000000000000000000000000000000000000000000000000000000000000000000000000000000000000000000000000000000000000000000000000000000000000000000000000000000000000000000000000000000000000000000000000000000000000000000000000000000000000000000000000000000000000000000000000000000000000000000000000000000000000000000000000000
000000000000000000000000000000000000000000000000000000000000000000000000000000000000000000000000000000000000000000000000000000000000000000000000000000000000000000000000000000000000000000000000000000000000000000000000000000000000000000000000000000000000000000000000000000000000000000000000000000000000000000000000000000000000000000000000000000000000000000000000
000000000000000000000000000000000000000000000000000000000000000000000000000000000000000000000000000000000000000000000000000000000000000000000000000000000000000000000000000000000000000000000000000000000000000000000000000000000000000000000000000000000000000000000000000000000000000000000000000000000000000000000000000000000000000000000000000000000000000000000000
000000000000000000000000000000000000000000000000000000000000000000000000000000000000000000000000000000000000000000000000000000000000000000000000000000000000000000000000000000000000000000000000000000000000000000000000000000000000000000000000000000000000000000000000000000000000000000000000000000000000000000000000000000000000000000000000000000000000000000000000
000000000000000000000000000000000000000000000000000000000000000000000000000000000000000000000000000000000000000000000000000000000000000000000000000000000000000000000000000000000000000000000000000000000000000000000000000000000000000000000000000000000000000000000000000000000000000000000000000000000000000000000000000000000000000000000000000000000000000000000000
000000000000000000000000000000000000000000000000000000000000000000000000000000000000000000000000000000000000000000000000000000000000000000000000000000000000000000000000000000000000000000000000000000000000000000000000000000000000000000000000000000000000000000000000000000000000000000000000000000000000000000000000000000000000000000000000000000000000000000000000
000000000000000000000000000000000000000000000000000000000000000000000000000000000000000000000000000000000000000000000000000000000000000000000000000000000000000000000000000000000000000000000000000000000000000000000000000000000000000000000000000000000000000000000000000000000000000000000000000000000000000000000000000000000000000000000000000000000000000000000000
000000000000000000000000000000000000000000000000000000000000000000000000000000000000000000000000000000000000000000000000000000000000000000000000000000000000000000000000000000000000000000000000000000000000000000000000000000000000000000000000000000000000000000000000000000000000000000000000000000000000000000000000000000000000000000000000000000000000000000000000
000000000000000000000000000000000000000000000000000000000000000000000000000000000000000000000000000000000000000000000000000000000000000000000000000000000000000000000000000000000000000000000000000000000000000000000000000000000000000000000000000000000000000000000000000000000000000000000000000000000000000000000000000000000000000000000000000000000000000000000000
