255
255
255
255
255
255
255
255
255
255
255
255
255
255
255
255
255
255
255
255
255
255
255
255
255
255
255
255
255
255
255
255
255
255
255
255
255
255
255
255
255
255
255
255
255
255
255
255
255
255
255
255
255
255
255
255
255
255
255
255
255
255
255
255
255
255
255
255
255
255
255
255
255
255
255
255
255
255
255
255
255
255
255
255
255
255
255
100
 84
 87
 83
 92
100
100
 85
 57
 57
 60
 64
 79
 79
 60
 45
 23
 78
 94
255
255
255
255
  0
 34
 77
 84
 68
  0
  0
 69
 56
 72
 75
 76
255
 68
 46
 32
 48
 58
255
255
255
255
255
255
255
255
255
255
255
255
255
255
255
255
255
255
255
255
255
255
255
255
255
255
255
 48
 44
 61
 55
 61
 64
 71
 69
 77
 95
 58
 63
 95
 98
100
100
100
100
100
 99
 61
 26
255
255
255
255
255
 33
 41
 42
 42
255
255
255
 44
 45
 46
 63
 43
255
 30
  0
  0
 13
 25
 15
  3
  1
255
255
255
255
  1
  0
  5
  4
 25
255
255
255
255
  0
255
255
  8
  4
  1
  1
  0
255
  0
  0
  2
  2
  7
 36
 43
 40
 60
 66
 42
 33
 49
 15
255
 41
 75
100
100
100
100
 73
 23
 12
255
  0
255
255
255
255
  0
  1
  0
  0
255
255
255
  2
 15
  0
  1
  0
  0
  0
  0
  0
  0
  0
  1
  0
  0
  0
  0
  0
  1
  1
  1
  0
  0
  0
255
  0
  0
  0
  0
  0
  0
  0
  0
  0
  1
  0
  0
  0
  0
  0
  0
  0
  3
  5
  2
  1
  4
  3
  5
 19
 21
255
 18
 98
100
 93
 97
 89
 15
  3
  4
255
255
255
255
  2
  1
  0
  0
  0
  0
  0
  0
  0
  0
  0
  0
  0
  0
  0
  0
  0
  0
  0
  0
  0
  0
  0
  0
  0
  0
  0
  0
  0
  0
  0
  0
  0
  0
  0
  0
  1
  0
  0
 10
 16
 22
  8
  0
  1
  0
  0
  0
  0
  0
  0
  0
  0
  6
  0
  0
  8
 41
255
 15
 77
 87
100
255
255
  5
 24
  3
  0
  0
  0
  3
  0
  0
  0
  0
  0
  0
  0
  0
  0
  0
  0
  0
  0
  0
  0
  0
  0
  0
  0
  0
  0
  0
  0
  0
  0
  0
  0
  0
  0
  0
  0
  0
  0
  1
255
 25
 13
 20
  6
  9
 24
 21
 38
 18
  3
  0
  0
  0
  1
  0
  0
  0
  0
  0
  1
  0
  0
  1
  0
255
  0
 22
255
255
255
255
255
255
  0
  0
  0
  0
  0
  0
  0
  0
  0
  0
  0
  0
  0
  0
  0
  0
  0
  0
  0
  0
  0
  0
  0
  0
  0
  0
  0
  0
  0
  0
  0
  0
  0
  0
  2
  0
  0
255
 23
 48
 52
 22
 24
255
255
255
255
  0
  6
  4
  4
  0
  0
  0
  1
  0
  0
  0
  0
  0
  0
  0
  0
255
255
255
255
255
255
255
255
  0
  0
  0
  0
  0
  0
  0
  0
  0
  0
  0
  0
  0
  0
  0
  0
  0
  0
  0
  0
  0
  0
  0
  0
  0
  0
  0
  0
  0
  0
  0
  0
255
  0
  1
  4
  0
  5
  0
255
255
255
255
255
255
255
255
255
255
  1
  1
  0
  0
  0
  0
  0
  0
  0
  0
  0
  0
  0
  0
  0
  0
255
255
255
255
255
255
255
255
  0
  0
  0
  1
  0
  0
  0
  0
  0
  0
  0
  0
  0
  0
  0
  0
  0
  0
  0
  0
  0
  0
  0
  0
  0
  0
  0
  0
  0
  0
  1
  4
  1
255
255
255
255
255
255
255
255
255
255
255
255
255
255
255
255
  0
  0
  0
  0
  0
  0
  0
  0
  0
  0
  0
  0
  0
  0
255
255
255
255
255
255
255
255
255
  0
  0
  0
  0
  0
  0
  0
  0
  0
  0
  0
  0
  1
  0
  0
  0
  2
  6
  5
  2
  1
  0
  0
  0
  0
  0
  0
  0
  1
  7
  3
  7
255
255
255
255
255
255
255
255
255
255
255
255
255
255
255
255
255
  0
  0
  0
  0
  0
  0
  0
  0
  0
  0
  0
255
255
255
255
255
255
255
  0
  0
255
255
255
  0
  0
  0
  0
  0
  0
  0
  0
  0
  0
  0
  0
  1
  0
  0
  4
 43
 17
  4
  2
  2
  2
  0
  0
  0
  1
  3
  2
  8
  3
  1
255
255
255
255
255
255
255
255
255
255
255
255
255
255
255
255
255
255
  0
  0
  0
  0
  0
  0
  0
  0
  0
  0
255
255
  0
255
255
255
255
255
255
255
255
  0
255
  0
  0
  0
  0
  0
  0
  0
  0
  0
  0
  0
  0
  0
  0
  0
  2
  1
 20
  4
  2
  5
  1
  0
  0
  0
  0
  1
 11
  4
  5
 15
255
255
255
255
255
255
255
255
255
255
255
255
255
255
255
255
255
255
255
  0
  0
  0
  0
  0
  0
  0
  0
  0
255
255
255
255
255
255
255
255
255
255
255
  0
  0
  0
  0
  0
  0
  0
  0
  0
  0
  0
  0
  0
  0
  0
  0
  0
  0
  0
  0
  2
  5
  3
  4
  1
  0
  0
  0
  1
 13
 18
255
 12
255
255
255
255
255
255
255
255
255
255
  0
  0
255
255
255
255
255
255
255
255
  0
  0
  0
  0
  0
  0
  0
  0
  0
255
255
255
255
255
255
255
255
255
255
  0
  0
  0
  0
  0
  0
  0
  0
  0
  0
  0
  0
  0
  0
  0
  0
255
  0
  0
  0
  0
  0
  0
  0
  0
  0
  0
  0
  1
  0
  6
255
 12
  0
255
255
255
255
255
255
255
255
255
255
  0
  0
255
255
255
255
255
255
255
  0
  0
  0
  0
  0
  0
  0
  0
  0
  0
  0
255
255
255
255
255
255
  0
  0
  0
  0
  0
  0
  0
  0
  0
  0
  0
  0
  0
  0
  0
  0
  0
  0
255
255
  0
  0
  0
  0
  0
  0
  0
  0
  0
  0
  0
255
255
255
255
  0
255
255
255
255
255
255
255
255
255
255
255
255
255
255
255
255
255
255
255
255
255
255
255
  0
  0
  0
  0
  0
  0
  0
  0
255
255
255
255
255
255
  0
  0
  0
  0
  0
  0
  0
  0
  0
  0
  0
  0
  0
  0
  0
  0
255
255
255
  0
  0
  0
255
  0
  0
  1
  0
255
  0
  0
  0
255
255
  0
  0
255
255
255
255
255
255
255
255
255
255
255
255
255
255
255
255
255
255
255
255
255
255
255
255
  0
  0
  0
  0
  0
  0
  0
  0
255
255
255
255
255
255
255
  0
  0
  0
  0
  0
  0
  0
  0
  0
  0
  0
  0
  0
  0
255
255
255
255
  0
  0
255
  8
  0
  1
  1
  0
  0
  0
  0
  0
  0
255
255
  0
  0
  0
255
255
255
255
255
255
255
  0
255
255
255
255
255
255
255
255
255
255
255
255
  0
  0
  0
  0
  0
  0
  0
  0
  0
  0
255
255
255
255
255
255
255
  0
  0
255
  0
  0
  0
  0
  0
  0
  0
  0
  0
255
255
255
255
255
255
255
255
255
  0
  0
  0
  0
  0
  0
  0
  0
255
255
255
255
255
255
255
255
255
255
255
255
255
255
  0
255
255
255
255
255
255
255
255
255
255
255
  0
  0
  0
  0
  0
  0
  0
  0
  0
  0
  0
  0
255
255
255
255
255
255
255
255
  0
  0
  0
  0
  0
  0
  0
  0
255
255
  0
255
255
255
255
255
255
255
  0
  0
  0
  0
  0
  0
  0
  0
  0
  0
  0
  0
255
255
255
255
255
255
255
255
255
255
255
255
  0
  0
255
255
255
255
255
255
255
255
255
255
  1
  0
  0
  0
  0
  0
  0
  0
  0
  0
  0
255
255
255
  0
255
255
255
255
  0
  0
  0
  0
  0
  0
255
255
255
255
255
255
  0
255
255
255
255
255
  0
  0
  0
  0
  0
  0
  0
  0
  0
  0
  0
  0
  0
255
255
255
  0
  0
  0
255
255
255
255
255
  0
255
255
255
255
255
255
255
255
255
255
255
  0
  0
  0
  0
  0
  0
  0
  0
  0
255
255
255
255
255
255
255
255
255
  0
  0
  0
  0
  0
  0
  0
  0
  0
255
255
255
255
255
255
255
255
255
255
  0
255
  0
  0
  0
  0
  0
  0
  0
  0
255
  0
  0
255
  0
  0
  0
  0
255
  0
  0
  0
255
  0
255
255
255
255
255
255
255
255
255
255
255
  0
  0
  0
  0
  0
  0
  0
  0
  0
255
255
255
255
255
  0
255
255
255
  0
  0
  0
  0
  0
  0
  0
  0
  0
255
  0
255
255
255
255
255
255
255
255
255
255
  0
  0
  0
  0
  0
  0
  0
255
255
  0
  0
255
  0
  0
  0
255
255
  0
  0
  0
255
255
255
  0
255
255
255
255
255
255
255
255
255
255
  0
  0
  0
  0
  0
  0
  0
255
255
255
255
255
255
255
255
255
255
  0
  0
  0
  0
  0
  0
  0
  0
255
  0
255
255
255
255
255
255
255
255
255
255
  0
  0
  0
  0
  0
  0
  0
  0
  0
255
  0
  0
255
255
  0
255
255
255
255
255
255
  0
255
255
255
255
255
255
  0
255
255
255
255
255
255
  0
  0
  0
  0
  0
  0
255
255
255
255
255
255
255
255
255
255
255
  0
  0
  0
  0
  0
255
  0
  0
255
255
255
255
255
255
255
255
255
255
255
255
  0
  0
  0
  0
  0
  0
  0
  0
  0
255
255
  0
255
255
255
255
255
255
255
255
255
255
255
255
255
255
255
255
255
255
255
255
255
  0
  0
  1
  0
  0
  0
  0
255
255
255
255
255
255
255
255
255
255
255
255
255
  0
  0
  0
  0
255
255
255
255
255
255
255
255
255
255
255
255
255
255
255
  0
  0
  0
  0
  0
  0
  0
  0
  0
255
255
255
  0
255
255
255
255
255
255
255
255
255
255
255
255
255
255
255
255
255
255
255
255
255
255
  0
  0
  0
  0
255
255
255
255
255
255
255
255
  0
255
255
255
255
255
255
255
255
255
255
255
255
255
255
255
255
255
  0
255
255
255
255
255
255
255
  0
255
255
255
  0
  0
  0
  0
255
255
255
  0
  0
  0
255
255
255
255
255
255
255
255
255
255
255
255
255
255
255
255
255
255
255
255
  1
  0
  0
255
255
255
255
255
255
255
255
255
255
  0
255
255
255
255
255
255
255
255
255
255
255
255
255
255
255
255
255
255
255
255
255
255
255
255
255
255
255
255
255
  0
  0
255
255
255
  0
  0
  0
255
255
255
255
255
255
255
255
255
255
255
255
255
255
255
255
255
255
255
255
  0
  7
  0
255
255
255
255
255
255
255
255
255
255
255
255
255
255
255
255
255
255
255
255
  0
255
255
  0
255
255
 18
  8
255
255
255
255
255
255
255
255
255
255
255
255
255
255
255
255
255
255
  0
  0
255
255
255
255
255
255
255
255
255
255
255
255
255
255
255
255
255
255
255
255
255
  0
  4
  1
  0
  0
255
255
255
 42
255
255
255
255
255
255
255
255
255
255
255
255
255
255
255
255
255
255
255
255
255
  0
255
255
255
255
255
255
255
255
255
255
255
255
255
255
255
255
  0
255
  0
255
255
255
255
255
255
255
255
255
255
255
255
255
255
255
255
255
255
255
255
255
255
255
  1
  3
255
255
255
255
255
255
255
255
255
255
255
255
255
255
255
255
255
255
255
255
255
255
255
255
255
255
255
255
255
255
255
255
255
255
255
255
255
255
255
255
255
255
255
255
255
255
255
255
255
255
255
255
255
255
255
255
255
255
255
255
255
255
255
255
255
255
255
255
255
255
255
255
255
255
255
255
255
255
255
255
255
255
255
255
255
255
255
255
255
255
255
255
255
255
255
255
255
255
255
255
255
255
255
255
255
255
255
255
255
255
255
255
255
255
255
255
255
255
255
255
255
255
255
255
255
255
255
255
255
255
255
255
255
255
255
255
255
255
255
255
255
255
255
255
255
255
255
255
255
255
255
255
255
255
255
255
255
255
255
255
255
255
255
255
255
255
255
255
255
255
255
255
255
255
255
255
255
255
255
255
255
255
255
255
255
255
255
255
255
255
255
255
255
255
255
255
255
255
255
255
255
255
255
255
255
255
255
255
255
255
255
255
255
255
255
255
255
255
255
255
255
255
255
255
255
255
255
255
255
255
255
255
255
255
255
255
255
255
255
255
255
255
255
255
255
255
255
255
255
255
255
255
255
255
255
255
255
255
255
255
255
255
255
255
255
255
255
255
255
255
255
255
255
255
255
255
255
255
255
255
255
255
255
255
255
255
255
255
255
255
255
255
255
255
255
255
255
255
255
255
255
255
255
255
255
255
255
255
255
255
255
255
255
255
255
255
255
255
255
255
255
255
255
255
255
255
255
255
255
255
255
255
255
255
255
255
255
255
255
255
255
255
255
255
255
255
255
255
255
255
255
255
255
255
255
255
255
255
255
255
255
255
255
255
255
255
255
255
255
255
255
255
255
255
255
255
255
255
255
255
255
255
255
255
255
255
255
255
255
255
255
255
255
255
255
255
255
255
255
255
255
255
255
255
255
255
255
255
255
255
255
255
255
255
255
255
255
255
255
255
255
255
255
255
255
255
255
255
255
255
255
255
255
255
255
255
255
255
255
255
255
255
255
255
255
255
255
255
255
255
255
255
255
255
255
255
255
255
255
255
255
255
255
255
255
255
255
255
255
255
255
255
255
255
255
255
255
255
255
255
255
