255
255
255
255
255
255
255
255
255
255
255
255
255
255
255
255
255
255
255
255
255
255
255
255
255
255
255
255
255
255
255
255
255
255
255
255
255
255
255
255
255
255
255
255
255
255
255
255
255
255
255
255
255
255
255
255
255
255
255
255
255
255
255
255
255
255
255
255
255
255
255
255
255
255
255
255
255
255
255
255
255
255
255
255
255
255
255
  0
  0
  0
  0
  0
  0
  0
  0
  0
  0
  0
  0
  0
  0
  0
  0
  0
  0
  0
255
255
255
255
  0
  0
  0
  0
  0
  0
  0
  0
  0
  0
  0
  0
255
  0
  0
  0
  0
  0
255
255
255
255
255
255
255
255
255
255
255
255
255
255
255
255
255
255
255
255
255
255
255
255
255
255
255
  0
  0
  0
  0
  0
  0
  0
  0
  0
  0
  0
  0
  0
  0
  0
  0
  0
  0
  0
  0
  0
  0
255
255
255
255
255
  3
  1
  1
  0
255
255
255
  0
  0
  1
  0
  0
255
  0
  3
 17
  8
  9
  4
  2
 14
255
255
255
255
  0
  0
  0
  0
  0
255
255
255
255
  0
255
255
  0
  3
  0
  0
 10
255
  0
  1
  0
  0
  0
  0
  0
  0
  0
  0
  0
  0
  0
  0
255
  3
  2
  0
  0
  0
  0
  0
  0
  0
255
  0
255
255
255
255
  7
 13
 16
 21
255
255
255
  6
  6
 16
 17
 18
 21
 28
 30
 20
 15
 17
 11
 17
 17
 15
  9
 36
 24
 21
 23
 28
 28
  0
255
 10
  1
 24
 35
 17
 25
 27
 23
 10
  8
  7
  2
  1
  0
  0
  1
  2
  2
  1
  0
  0
  0
  0
  0
  0
  0
255
 29
  0
  0
  1
  0
  0
 23
 28
 31
255
255
255
255
  8
  4
  5
  3
  3
  4
  4
 10
  7
 12
 17
 19
 19
 22
 23
 10
  9
  4
  1
  2
  3
  2
  1
  5
 13
 13
 14
  5
  6
  8
 13
 32
 36
 26
  0
 13
 17
 14
  7
  1
  2
  2
  2
  1
  1
  0
  0
  0
  0
  0
  1
  0
  0
  0
  0
  0
  0
  0
255
 21
  5
  2
  0
255
255
 36
 12
 28
 39
 26
  2
  5
  5
  0
  0
  0
  1
  2
  2
  2
  1
  2
  1
  1
  2
  2
  1
  1
  1
  1
  1
  1
  1
  1
  1
  1
  2
  1
  2
  3
  2
  7
 22
 26
 23
 28
255
  0
  0
  6
 12
  1
  0
  0
  0
  0
  0
  0
  0
  0
  0
  0
  0
  0
  0
  5
  0
  0
  1
  1
  0
255
 31
 21
255
255
255
255
255
255
 13
 30
  0
  4
  3
  2
  8
  8
  4
  6
  6
  5
  6
  5
 11
 13
  9
  8
  7
  3
  2
  1
  1
  1
  1
  2
  1
  1
  1
  1
  2
  2
  4
 11
 11
 41
  0
255
  1
  0
  0
  0
  0
255
255
255
255
  0
  0
  0
  0
 20
 13
  0
  0
  0
  0
  0
  0
  0
  0
  0
  2
255
255
255
255
255
255
255
255
  7
 51
 35
  8
 19
  8
  8
  9
  2
 12
 10
 10
  6
  4
  9
 12
  7
  2
  3
 11
  7
  3
  2
  5
  3
  9
 17
  6
 15
  2
  2
  1
255
  0
 16
 12
 65
 88
 82
255
255
255
255
255
255
255
255
255
255
  0
  3
  8
 24
 39
 35
  4
  0
  0
  0
  0
  0
  0
  1
  2
  1
255
255
255
255
255
255
255
255
 17
 13
 21
 15
  6
  1
  1
  0
  2
  5
  3
  2
  1
  0
  1
  0
  0
  0
  7
  7
  0
  1
  8
  4
  5
  8
 27
 19
 20
  6
  5
 15
  9
255
255
255
255
255
255
255
255
255
255
255
255
255
255
255
255
  4
  5
  9
 16
 54
 24
  0
  0
  0
  0
  0
  0
  0
  0
255
255
255
255
255
255
255
255
255
  3
  2
  7
  5
  4
  2
  0
  1
  2
  3
 10
  5
  0
  0
  1
 23
 39
 34
 34
 21
  7
  1
  0
 11
 36
 29
 17
  6
  9
 15
  9
 13
255
255
255
255
255
255
255
255
255
255
255
255
255
255
255
255
255
 13
  5
  3
  6
 44
 65
  2
  1
  0
  1
  1
255
255
255
255
255
255
255
  0
 20
255
255
255
  1
  0
  0
  2
  7
  6
  0
  1
  1
  0
  0
  1
  0
  0
 27
 41
 20
 19
 11
 26
 33
 45
 50
 44
 25
  7
 13
  8
  9
  6
  8
255
255
255
255
255
255
255
255
255
255
255
255
255
255
255
255
255
255
 16
  8
  5
  7
 25
 59
  3
  4
  7
  4
255
255
  0
255
255
255
255
255
255
255
255
  6
255
  0
  0
  0
  0
  0
  0
  0
  0
  0
  0
  0
  0
  0
  0
 20
 39
  3
 29
 69
 82
 84
 86
 50
  9
 13
  4
  8
 16
  9
 12
 14
255
255
255
255
255
255
255
255
255
255
255
255
255
255
255
255
255
255
255
  8
 10
 12
 17
 53
 13
  0
 12
  8
255
255
255
255
255
255
255
255
255
255
255
 23
  1
  0
  0
  0
  0
  0
  0
  0
  0
  0
  0
  0
  0
  0
  0
  1
  2
  0
  0
 11
 31
 23
 19
 31
  2
  2
  2
 10
 12
 13
255
 13
255
255
255
255
255
255
255
255
255
255
  0
 14
255
255
255
255
255
255
255
255
  9
  5
 29
 15
  5
  2
  6
  8
 16
255
255
255
255
255
255
255
255
255
255
  0
  0
  0
  0
  0
  0
  0
  0
  0
  0
  0
  0
  0
  0
  0
  0
255
 10
  7
  0
  0
  0
  0
  1
  5
  7
  4
  4
  7
  8
 14
255
 28
 52
255
255
255
255
255
255
255
255
255
255
 13
 20
255
255
255
255
255
255
255
  0
  3
  1
  6
  2
  2
  5
 12
 21
 13
 14
255
255
255
255
255
255
 22
 17
 20
 22
 19
 15
  9
  6
  0
  0
  1
  0
  0
  5
  0
  0
  0
  0
255
255
  0
  0
  0
  0
  0
  0
  1
  1
  7
  0
  0
255
255
255
255
 23
255
255
255
255
255
255
255
255
255
255
255
255
255
255
255
255
255
255
255
255
255
255
255
  2
  5
  1
  1
 18
 15
 10
  0
255
255
255
255
255
255
 24
  1
  0
  5
 21
 24
 46
 31
 24
 24
 35
 15
  3
  4
  2
 10
255
255
255
  0
  0
  0
255
  0
  0
  0
  0
255
  0
  0
  0
255
255
 38
 37
255
255
255
255
255
255
255
255
255
255
255
255
255
255
255
255
255
255
255
255
255
255
255
255
  0
  1
  4
 14
 37
 19
  3
  2
255
255
255
255
255
255
255
  0
  0
  0
  0
  0
  1
  0
  0
  0
  1
  9
 36
  3
  0
255
255
255
255
  0
  0
255
  0
  0
  0
  0
  0
  0
  0
  0
  0
  0
255
255
  0
  0
  0
255
255
255
255
255
255
255
  0
255
255
255
255
255
255
255
255
255
255
255
255
 22
 51
  6
  4
 20
  4
  8
  5
  2
 19
255
255
255
255
255
255
255
  0
  0
255
  1
  2
  1
  0
  2
  6
 52
 78
 42
255
255
255
255
255
255
255
255
255
  0
  0
  0
  0
  0
  0
  0
  0
255
255
255
255
255
255
255
255
255
255
255
255
255
255
  0
255
255
255
255
255
255
255
255
255
255
255
 18
 19
 23
  4
  0
  0
  1
  1
  1
  3
  2
  4
255
255
255
255
255
255
255
255
  8
  7
  6
  2
  1
 14
 59
 46
255
255
  0
255
255
255
255
255
255
255
  0
  0
  0
  0
  0
  0
  0
  0
  1
  0
  0
  0
255
255
255
255
255
255
255
255
255
255
255
255
  0
  0
255
255
255
255
255
255
255
255
255
255
 10
 12
  0
  0
  2
  1
  3
 20
  6
  1
  3
255
255
255
  0
255
255
255
255
  5
  5
  2
  2
  7
 11
255
255
255
255
255
255
  0
255
255
255
255
255
  0
  0
  0
  1
  0
  0
  0
  0
  0
  0
  0
  4
  1
255
255
255
  0
  0
  0
255
255
255
255
255
  0
255
255
255
255
255
255
255
255
255
255
255
 21
 19
 15
  9
  7
 14
 30
  7
  2
255
255
255
255
255
255
255
255
255
 17
  3
 20
  2
  2
  7
  5
 22
 18
255
255
255
255
255
255
255
255
255
255
  0
255
  0
  0
 15
  4
  9
  0
  0
  0
255
  0
  0
255
  0
  0
  0
  0
255
  0
  0
  0
255
  0
255
255
255
255
255
255
255
255
255
255
255
  8
 17
 17
  7
 11
 13
 25
 19
 10
255
255
255
255
255
  0
255
255
255
 28
 35
 20
  1
  1
  2
 15
 44
  0
255
  0
255
255
255
255
255
255
255
255
255
255
 24
  7
 19
  8
 13
 16
  9
255
255
  0
  0
255
  0
  0
  0
255
255
  0
  0
  0
255
255
255
  0
255
255
255
255
255
255
255
255
255
255
  8
  3
  5
 15
 13
 11
 12
255
255
255
255
255
255
255
255
255
255
  2
 40
 40
 13
  9
 15
 38
 48
255
 10
255
255
255
255
255
255
255
255
255
255
 28
 45
 30
 15
  9
 12
 20
 32
 20
255
  0
  0
255
255
  0
255
255
255
255
255
255
  0
255
255
255
255
255
255
  0
255
255
255
255
255
255
  3
  8
  4
 23
 16
 10
255
255
255
255
255
255
255
255
255
255
255
  0
 21
 40
 10
  5
255
 50
 35
255
255
255
255
255
255
255
255
255
255
255
255
 27
 40
 53
 48
 29
  2
 19
 36
 17
255
255
  0
255
255
255
255
255
255
255
255
255
255
255
255
255
255
255
255
255
255
255
255
255
  0
  0
 13
  7
  2
 41
 36
255
255
255
255
255
255
255
255
255
255
255
255
255
 21
 32
  5
  0
255
255
255
255
255
255
255
255
255
255
255
255
255
255
255
  0
  4
 13
 29
 24
 17
 26
  8
  3
255
255
255
 20
255
255
255
255
255
255
255
255
255
255
255
255
255
255
255
255
255
255
255
255
255
255
  4
  2
  1
  0
255
255
255
255
255
255
255
255
  0
255
255
255
255
255
255
255
255
255
255
255
255
255
255
255
255
255
  0
255
255
255
255
255
255
255
  0
255
255
255
  1
  1
  0
  0
255
255
255
 16
 13
  0
255
255
255
255
255
255
255
255
255
255
255
255
255
255
255
255
255
255
255
255
  9
  2
  8
255
255
255
255
255
255
255
255
255
255
  0
255
255
255
255
255
255
255
255
255
255
255
255
255
255
255
255
255
255
255
255
255
255
255
255
255
255
255
255
255
  0
  0
255
255
255
 33
 35
 12
255
255
255
255
255
255
255
255
255
255
255
255
255
255
255
255
255
255
255
255
 30
 19
  4
255
255
255
255
255
255
255
255
255
255
255
255
255
255
255
255
255
255
255
255
  0
255
255
  0
255
255
  0
  0
255
255
255
255
255
255
255
255
255
255
255
255
255
255
255
255
255
255
 25
 20
255
255
255
255
255
255
255
255
255
255
255
255
255
255
255
255
255
255
255
255
255
 43
 25
 10
 26
 26
255
255
255
 25
255
255
255
255
255
255
255
255
255
255
255
255
255
255
255
255
255
255
255
255
255
  0
255
255
255
255
255
255
255
255
255
255
255
255
255
255
255
255
  0
255
  0
255
255
255
255
255
255
255
255
255
255
255
255
255
255
255
255
255
255
255
255
255
255
255
 52
 44
255
255
255
255
255
255
255
255
255
255
255
255
255
255
255
255
255
255
255
255
255
255
255
255
255
255
255
255
255
255
255
255
255
255
255
255
255
255
255
255
255
255
255
255
255
255
255
255
255
255
255
255
255
255
255
255
255
255
255
255
255
255
255
255
255
255
255
255
255
255
255
255
255
255
255
255
255
255
255
255
255
255
255
255
255
255
255
255
255
255
255
255
255
255
255
255
255
255
255
255
255
255
255
255
255
255
255
255
255
255
255
255
255
255
255
255
255
255
255
255
255
255
255
255
255
255
255
255
255
255
255
255
255
255
255
255
255
255
255
255
255
255
255
255
255
255
255
255
255
255
255
255
255
255
255
255
255
255
255
255
255
255
255
255
255
255
255
255
255
255
255
255
255
255
255
255
255
255
255
255
255
255
255
255
255
255
255
255
255
255
255
255
255
255
255
255
255
255
255
255
255
255
255
255
255
255
255
255
255
255
255
255
255
255
255
255
255
255
255
255
255
255
255
255
255
255
255
255
255
255
255
255
255
255
255
255
255
255
255
255
255
255
255
255
255
255
255
255
255
255
255
255
255
255
255
255
255
255
255
255
255
255
255
255
255
255
255
255
255
255
255
255
255
255
255
255
255
255
255
255
255
255
255
255
255
255
255
255
255
255
255
255
255
255
255
255
255
255
255
255
255
255
255
255
255
255
255
255
255
255
255
255
255
255
255
255
255
255
255
255
255
255
255
255
255
255
255
255
255
255
255
255
255
255
255
255
255
255
255
255
255
255
255
255
255
255
255
255
255
255
255
255
255
255
255
255
255
255
255
255
255
255
255
255
255
255
255
255
255
255
255
255
255
255
255
255
255
255
255
255
255
255
255
255
255
255
255
255
255
255
255
255
255
255
255
255
255
255
255
255
255
255
255
255
255
255
255
255
255
255
255
255
255
255
255
255
255
255
255
255
255
255
255
255
255
255
255
255
255
255
255
255
255
255
255
255
255
255
255
255
255
255
255
255
255
255
255
255
255
255
255
255
255
255
255
255
255
255
255
255
255
255
255
255
255
255
255
255
255
255
255
255
255
255
255
255
255
255
255
255
255
