255
255
255
255
255
255
255
255
255
255
255
255
255
255
255
255
255
255
255
255
255
255
255
255
255
255
255
255
255
255
255
255
255
255
255
255
255
255
255
255
255
255
255
255
255
255
255
255
255
255
255
255
255
255
255
255
255
255
255
255
255
255
255
255
255
255
255
255
255
255
255
255
255
255
255
255
255
255
255
255
255
255
255
255
255
255
255
  0
  0
  0
  0
  0
  0
  0
  0
  0
  0
  0
  0
  0
  0
  0
  0
  0
  0
  0
255
255
255
255
  0
  0
  0
  0
  0
  0
  0
  0
  0
  0
  0
  0
255
  0
  0
  0
  0
  0
255
255
255
255
255
255
255
255
255
255
255
255
255
255
255
255
255
255
255
255
255
255
255
255
255
255
255
  0
  0
  0
  0
  0
  0
  0
  0
  0
  0
  0
  0
  0
  0
  0
  0
  0
  0
  0
  0
  0
  0
255
255
255
255
255
 10
  2
  5
 15
255
255
255
  0
  0
  5
  0
  0
255
  5
  0
  6
  7
  9
  6
  6
 12
255
255
255
255
 29
 27
 26
 32
  0
255
255
255
255
  2
255
255
  0
  0
  0
  0
  0
255
  0
  0
  0
  0
  0
  0
  0
  0
  0
  0
  0
  0
  0
  0
255
  7
  5
  0
  0
  0
  0
  0
  0
  0
255
  0
255
255
255
255
  8
  0
 16
 25
255
255
255
 15
 11
 35
 13
 18
 23
 15
 14
 19
 22
 20
 17
 18
 14
 13
 20
 24
 36
 27
 30
 40
 21
  9
255
 51
 11
 21
 16
  3
  5
 14
  9
  4
  8
 17
  3
  4
  0
  0
  0
  0
  0
  0
  0
  0
  0
  0
  0
  0
  0
255
 18
  1
  0
  1
  0
  0
 16
 17
 16
255
255
255
255
  0
  0
  0
 11
 15
 32
 15
 18
 22
 28
 43
 34
 39
 45
 41
 31
 39
 27
 25
 26
 23
 11
  9
 24
 15
 19
 16
 16
 15
 16
 22
 25
 25
 20
  8
  3
  4
 16
 14
  8
  6
  3
  1
  1
  0
  1
  2
  1
  0
  0
  0
  0
  0
  0
  0
  0
  0
  0
255
 24
  6
  0
  0
255
255
 18
  9
 20
  0
  2
  0
  0
  0
  0
  0
  0
  0
  1
  1
  0
  1
  2
  1
  2
  6
  7
  2
  2
  4
  3
  1
  2
  3
  1
  1
  4
  7
 18
 22
 16
 11
 21
 28
 33
 41
 32
255
 22
  5
 11
 22
 21
  2
  2
  5
  1
  1
  1
  1
  0
  0
  0
  0
  0
  0
  1
  0
  0
  0
  0
  0
255
 33
 18
255
255
255
255
255
255
 51
 37
  0
  0
  0
  0
  0
  0
  0
  1
  1
  1
  1
  1
  1
  1
  0
  1
  1
  0
  1
  1
  1
  3
  9
 11
  5
  4
  5
  8
  6
  6
 10
 16
 30
 12
 30
255
  0
  0
  6
  0
  0
255
255
255
255
  1
  0
  0
  1
  3
  0
  0
  0
  0
  0
  1
  0
  0
  0
  1
  4
255
255
255
255
255
255
255
255
 38
 22
  8
  2
  0
  0
  0
  0
  0
  0
  1
  1
  1
  0
  1
  1
  1
  0
  0
  1
  5
  2
  9
  3
  2
  3
  4
  2
  7
  4
  3
  1
255
  0
 19
 23
  0
  0
  0
255
255
255
255
255
255
255
255
255
255
  0
  8
 19
 23
 31
 10
  3
  2
  2
  1
  1
  2
  0
  0
 14
 17
255
255
255
255
255
255
255
255
 11
  0
  0
  0
  1
  0
  0
  0
  0
  1
  1
  0
  0
  0
  0
  0
  0
  0
  1
  5
  1
  2
  1
  1
  0
  0
  1
  0
  1
  2
  2
  0
  8
255
255
255
255
255
255
255
255
255
255
255
255
255
255
255
255
 14
 72
 37
 54
 30
  0
  0
  0
  0
  0
  0
  0
  0
  0
255
255
255
255
255
255
255
255
255
  6
  7
  4
  4
  9
 11
  9
 10
 20
 21
 15
 19
  3
  4
  2
  0
  0
  0
  0
  0
  0
  0
  0
  0
  0
  0
  0
  0
  1
  0
  0
  0
255
255
255
255
255
255
255
255
255
255
255
255
255
255
255
255
255
 13
 61
 56
 32
 43
  1
  0
  0
  0
  0
  0
255
255
255
255
255
255
255
  0
  0
255
255
255
 16
 18
 28
 20
 13
  6
 46
 38
 26
 29
 31
 22
  9
 12
  1
  0
  0
  0
  0
  0
  0
  0
  0
  0
  0
  0
  0
  0
  0
  0
  0
255
255
255
255
255
255
255
255
255
255
255
255
255
255
255
255
255
255
 17
 28
 47
 50
 38
 10
  0
  0
  0
  0
255
255
  0
255
255
255
255
255
255
255
255
  7
255
 11
  6
  1
  0
  4
  1
  7
  3
  7
  6
  3
 20
 12
  2
  1
  1
  1
  0
  0
  0
  0
  0
  0
  0
  0
  0
  0
  0
  0
  0
  0
255
255
255
255
255
255
255
255
255
255
255
255
255
255
255
255
255
255
255
 69
 50
 23
 57
 20
  2
  0
  0
  0
255
255
255
255
255
255
255
255
255
255
255
 16
  1
  0
  0
  0
  0
  0
  0
  0
  0
  0
  2
  1
  1
 11
  2
  2
 25
 36
  4
  1
  1
  7
  1
  0
  0
  0
  0
  0
  0
  0
255
  0
255
255
255
255
255
255
255
255
255
255
 26
 20
255
255
255
255
255
255
255
255
 58
  6
 21
  9
  0
  0
  0
  0
  0
255
255
255
255
255
255
255
255
255
255
  0
  0
  0
  0
  0
  0
  0
  0
  0
  0
  0
  3
  2
  0
  1
  3
255
  8
 11
 18
 10
  3
  8
 10
  5
  4
  0
  0
  0
  0
  0
255
  0
  0
255
255
255
255
255
255
255
255
255
255
 16
 10
255
255
255
255
255
255
255
  0
  0
  0
  0
  0
  0
  0
  1
  1
  0
  1
255
255
255
255
255
255
 24
 20
  0
  0
  0
  0
  0
  0
  0
  0
  0
  0
  0
  0
  9
  0
  1
  3
255
255
 16
 22
  8
 18
 12
 12
 12
  9
  0
  0
  0
255
255
255
255
  0
255
255
255
255
255
255
255
255
255
255
255
255
255
255
255
255
255
255
255
255
255
255
255
  0
  0
  0
  5
  3
  7
  3
  0
255
255
255
255
255
255
 29
 12
 36
 35
 16
 16
  5
  1
 10
 11
  4
  9
 24
  9
  4
 10
255
255
255
  6
 11
 14
255
  0
  5
 13
  8
255
  0
  0
  0
255
255
  0
  0
255
255
255
255
255
255
255
255
255
255
255
255
255
255
255
255
255
255
255
255
255
255
255
255
  0
  0
  3
  2
  3
  3
  0
  1
255
255
255
255
255
255
255
  4
  7
 17
 36
 27
 15
 24
 22
 36
 46
 10
  1
  0
  0
255
255
255
255
  4
  0
255
  0
  0
  1
  0
  0
  0
  0
  0
  0
  0
255
255
  0
  0
  0
255
255
255
255
255
255
255
  0
255
255
255
255
255
255
255
255
255
255
255
255
  0
  0
  7
  5
  1
  0
  1
  1
  1
  0
255
255
255
255
255
255
255
  0
  0
255
  0
  0
  0
  0
  0
 15
  3
  0
  0
255
255
255
255
255
255
255
255
255
  0
  0
  0
  0
  0
  0
  0
  0
255
255
255
255
255
255
255
255
255
255
255
255
255
255
  0
255
255
255
255
255
255
255
255
255
255
255
  0
  0
  9
  3
  0
  0
  0
  0
  0
  0
  2
  2
255
255
255
255
255
255
255
255
  7
 13
 14
  2
  7
 20
  7
  1
255
255
  0
255
255
255
255
255
255
255
  0
  0
  0
  0
  0
  0
  0
  0
  0
  0
  0
  0
255
255
255
255
255
255
255
255
255
255
255
255
  0
  0
255
255
255
255
255
255
255
255
255
255
 18
  8
  0
  0
  0
  0
  0
  5
  3
  3
  0
255
255
255
  0
255
255
255
255
 33
 15
 16
 14
 24
 24
255
255
255
255
255
255
  0
255
255
255
255
255
  0
  0
  0
  0
  0
  0
  0
  0
  0
  0
  0
  7
  5
255
255
255
  0
  0
  0
255
255
255
255
255
  0
255
255
255
255
255
255
255
255
255
255
255
 14
  5
  1
  1
  2
  4
 10
  2
  1
255
255
255
255
255
255
255
255
255
 30
  6
  3
 11
 29
 35
 13
 11
  0
255
255
255
255
255
255
255
255
255
255
  0
255
  0
  0
 44
 47
 43
 31
  4
  0
255
  0
  0
255
  0
  0
  0
  0
255
  0
  0
  0
255
  0
255
255
255
255
255
255
255
255
255
255
255
 10
 12
  7
  8
  7
  4
  5
  6
  1
255
255
255
255
255
  0
255
255
255
 18
 45
 57
 33
 32
  9
 31
 18
  0
255
  0
255
255
255
255
255
255
255
255
255
255
 51
 29
 40
 39
 36
 40
 30
255
255
  0
  0
255
  0
  0
  0
255
255
  0
  0
  0
255
255
255
  0
255
255
255
255
255
255
255
255
255
255
 19
  8
  9
  4
  2
  1
  2
255
255
255
255
255
255
255
255
255
255
  2
 36
 57
 33
 12
 16
 40
 15
255
  0
255
255
255
255
255
255
255
255
255
255
  7
 21
  2
  4
 14
  3
  9
 41
 29
255
  0
  0
255
255
  0
255
255
255
255
255
255
  0
255
255
255
255
255
255
  0
255
255
255
255
255
255
 34
 21
  7
  3
  0
  0
255
255
255
255
255
255
255
255
255
255
255
  0
  1
 33
 27
 11
255
 41
 28
255
255
255
255
255
255
255
255
255
255
255
255
 21
 12
  7
  3
  3
  0
  5
 48
 31
255
255
  0
255
255
255
255
255
255
255
255
255
255
255
255
255
255
255
255
255
255
255
255
255
  0
  0
 34
 37
  2
  0
  0
255
255
255
255
255
255
255
255
255
255
255
255
255
 31
 26
 46
  0
255
255
255
255
255
255
255
255
255
255
255
255
255
255
255
  0
 14
 26
 11
  8
 11
 14
 41
 19
255
255
255
 25
255
255
255
255
255
255
255
255
255
255
255
255
255
255
255
255
255
255
255
255
255
255
 13
 60
 13
  5
255
255
255
255
255
255
255
255
  0
255
255
255
255
255
255
255
255
255
255
255
255
255
255
255
255
255
  0
255
255
255
255
255
255
255
 13
255
255
255
 24
 15
 13
  0
255
255
255
 16
 14
  0
255
255
255
255
255
255
255
255
255
255
255
255
255
255
255
255
255
255
255
255
  8
 22
 30
255
255
255
255
255
255
255
255
255
255
  0
255
255
255
255
255
255
255
255
255
255
255
255
255
255
255
255
255
255
255
255
255
255
255
255
255
255
255
255
255
  0
  9
255
255
255
  1
  9
 18
255
255
255
255
255
255
255
255
255
255
255
255
255
255
255
255
255
255
255
255
 10
  5
 11
255
255
255
255
255
255
255
255
255
255
255
255
255
255
255
255
255
255
255
255
  0
255
255
  0
255
255
  0
  0
255
255
255
255
255
255
255
255
255
255
255
255
255
255
255
255
255
255
 12
 21
255
255
255
255
255
255
255
255
255
255
255
255
255
255
255
255
255
255
255
255
255
 11
  7
 12
 10
  7
255
255
255
  0
255
255
255
255
255
255
255
255
255
255
255
255
255
255
255
255
255
255
255
255
255
  0
255
255
255
255
255
255
255
255
255
255
255
255
255
255
255
255
  0
255
  0
255
255
255
255
255
255
255
255
255
255
255
255
255
255
255
255
255
255
255
255
255
255
255
  4
  3
255
255
255
255
255
255
255
255
255
255
255
255
255
255
255
255
255
255
255
255
255
255
255
255
255
255
255
255
255
255
255
255
255
255
255
255
255
255
255
255
255
255
255
255
255
255
255
255
255
255
255
255
255
255
255
255
255
255
255
255
255
255
255
255
255
255
255
255
255
255
255
255
255
255
255
255
255
255
255
255
255
255
255
255
255
255
255
255
255
255
255
255
255
255
255
255
255
255
255
255
255
255
255
255
255
255
255
255
255
255
255
255
255
255
255
255
255
255
255
255
255
255
255
255
255
255
255
255
255
255
255
255
255
255
255
255
255
255
255
255
255
255
255
255
255
255
255
255
255
255
255
255
255
255
255
255
255
255
255
255
255
255
255
255
255
255
255
255
255
255
255
255
255
255
255
255
255
255
255
255
255
255
255
255
255
255
255
255
255
255
255
255
255
255
255
255
255
255
255
255
255
255
255
255
255
255
255
255
255
255
255
255
255
255
255
255
255
255
255
255
255
255
255
255
255
255
255
255
255
255
255
255
255
255
255
255
255
255
255
255
255
255
255
255
255
255
255
255
255
255
255
255
255
255
255
255
255
255
255
255
255
255
255
255
255
255
255
255
255
255
255
255
255
255
255
255
255
255
255
255
255
255
255
255
255
255
255
255
255
255
255
255
255
255
255
255
255
255
255
255
255
255
255
255
255
255
255
255
255
255
255
255
255
255
255
255
255
255
255
255
255
255
255
255
255
255
255
255
255
255
255
255
255
255
255
255
255
255
255
255
255
255
255
255
255
255
255
255
255
255
255
255
255
255
255
255
255
255
255
255
255
255
255
255
255
255
255
255
255
255
255
255
255
255
255
255
255
255
255
255
255
255
255
255
255
255
255
255
255
255
255
255
255
255
255
255
255
255
255
255
255
255
255
255
255
255
255
255
255
255
255
255
255
255
255
255
255
255
255
255
255
255
255
255
255
255
255
255
255
255
255
255
255
255
255
255
255
255
255
255
255
255
255
255
255
255
255
255
255
255
255
255
255
255
255
255
255
255
255
255
255
255
255
255
255
255
255
255
255
255
255
255
255
255
255
255
255
255
255
255
255
