255
255
255
255
255
255
255
255
255
255
255
255
255
255
255
255
255
255
255
255
255
255
255
255
255
255
255
255
255
255
255
255
255
255
255
255
255
255
255
255
255
255
255
255
255
255
255
255
255
255
255
255
255
255
255
255
255
255
255
255
255
255
255
255
255
255
255
255
255
255
255
255
255
255
255
255
255
255
255
255
255
255
255
255
255
255
255
  0
  0
  0
  0
  0
  0
  0
  0
  0
  0
  0
  0
  0
  0
  0
  0
  0
  0
  0
255
255
255
255
  0
  0
  0
  0
  0
  0
  0
  0
  0
  0
  0
  0
255
  0
  0
  0
  0
  0
255
255
255
255
255
255
255
255
255
255
255
255
255
255
255
255
255
255
255
255
255
255
255
255
255
255
255
  0
  0
  0
  0
  0
  0
  0
  0
  0
  0
  0
  0
  0
  0
  0
  0
  0
  0
  0
  0
  0
  0
255
255
255
255
255
  0
  0
  0
  0
255
255
255
  0
  0
  0
  0
  0
255
  0
  0
  0
  0
  0
  0
  0
  0
255
255
255
255
  0
  0
  0
  0
  0
255
255
255
255
  0
255
255
  0
  0
  0
  0
  0
255
  0
  0
  0
  0
  0
  0
  0
  0
  0
  0
  0
  0
  0
  0
255
  0
  0
  0
  0
  0
  0
  0
  0
  0
255
  0
255
255
255
255
  0
  0
  0
  0
255
255
255
  0
  0
  0
  0
  0
  0
  0
  0
  0
  4
  2
  0
  5
  8
  8
  3
  2
  1
  1
  1
  1
  0
  0
255
  0
  0
  0
  0
  0
  0
  0
  0
  0
  0
  0
  0
  0
  0
  0
  0
  0
  0
  0
  0
  0
  0
  0
  0
  0
  0
255
  0
  0
  0
  0
  0
  0
  0
  0
  0
255
255
255
255
  0
  0
  0
  0
  0
  0
  3
  0
  1
  0
  2
  8
  9
  3
  7
 20
 14
 23
 55
 56
 62
 68
 62
 19
 50
 38
 35
 47
 47
 45
 39
  9
  0
  0
  0
  0
  0
  0
  0
  0
  0
  0
  0
  0
  0
  0
  0
  0
  0
  0
  0
  0
  0
  0
  0
  0
  0
  0
255
  0
  0
  0
  0
255
255
  0
  0
  0
  0
  0
  0
  0
  0
  0
  0
  0
  0
  1
  0
  0
  1
  0
  4
  5
  3
  3
 10
 11
 45
 72
 86
 79
 73
 73
 75
 70
 65
 50
 43
 48
 54
 35
 14
  4
  2
  1
255
  0
  0
  0
  0
  0
  0
  0
  0
  0
  0
  0
  0
  0
  0
  0
  0
  0
  0
  0
  0
  0
  0
  0
  0
255
  0
  0
255
255
255
255
255
255
  0
  0
  0
  0
  0
  0
  0
  0
  0
  0
  0
  0
  0
  0
  0
  0
  0
  0
  0
  0
  4
 14
 18
 32
 38
 58
 64
 60
 58
 49
 41
 36
 28
  6
  1
  0
  0
255
  0
  0
  0
  0
  0
255
255
255
255
  0
  0
  0
  0
  0
  0
  0
  0
  0
  0
  0
  0
  0
  0
  0
  0
255
255
255
255
255
255
255
255
  0
  0
  0
  0
  0
  0
  0
  0
  0
  0
  0
  0
  0
  0
  0
  0
  0
  0
  0
  1
  9
 15
 33
 31
 26
 50
 36
 63
 39
 51
 34
 28
255
  0
  1
  4
  0
  0
  0
255
255
255
255
255
255
255
255
255
255
  0
  0
  0
  0
  0
  0
  0
  0
  0
  0
  0
  0
  0
  0
  0
  0
255
255
255
255
255
255
255
255
  0
  0
  0
  0
  0
  0
  0
  0
  0
  0
  0
  0
  0
  0
  0
  0
  0
  0
  1
  2
  1
  2
  7
 13
  5
  1
  8
  9
 10
 15
 11
  5
  8
255
255
255
255
255
255
255
255
255
255
255
255
255
255
255
255
  0
  0
  0
  0
  0
  0
  0
  0
  0
  0
  0
  0
  0
  0
255
255
255
255
255
255
255
255
255
  0
  0
  0
  0
  0
  0
  0
  0
  1
  0
  0
  0
  0
  0
  0
  0
  0
  0
  6
  1
  0
  0
  0
  0
  0
  0
  1
  2
  2
  7
  3
  5
255
255
255
255
255
255
255
255
255
255
255
255
255
255
255
255
255
  0
  0
  0
  0
  0
  0
  0
  0
  0
  0
  0
255
255
255
255
255
255
255
  0
  0
255
255
255
  0
  0
  0
  0
  0
  0
  0
  0
  0
  0
  0
  0
  0
  0
  0
  0
  0
  0
  0
  0
  0
  0
  0
  0
  0
  0
  4
  2
  5
  1
  2
255
255
255
255
255
255
255
255
255
255
255
255
255
255
255
255
255
255
  0
  0
  0
  0
  0
  0
  0
  0
  0
  0
255
255
  0
255
255
255
255
255
255
255
255
  0
255
  0
  0
  0
  0
  0
  0
  0
  0
  0
  0
  0
  0
  0
  0
  0
  0
  0
  0
  0
  0
  0
  0
  0
  0
  0
  0
  2
  5
  2
  3
  6
255
255
255
255
255
255
255
255
255
255
255
255
255
255
255
255
255
255
255
  0
  0
  0
  0
  0
  0
  0
  0
  0
255
255
255
255
255
255
255
255
255
255
255
  0
  0
  0
  0
  0
  0
  0
  0
  0
  0
  0
  0
  0
  0
  0
  0
  0
  0
  0
  0
  0
  0
  0
  0
  0
  0
  0
  0
  1
  6
  9
255
  3
255
255
255
255
255
255
255
255
255
255
  0
  0
255
255
255
255
255
255
255
255
  0
  0
  0
  0
  0
  0
  0
  0
  0
255
255
255
255
255
255
255
255
255
255
  0
  0
  0
  0
  0
  0
  0
  0
  0
  0
  0
  0
  0
  0
  0
  0
255
  0
  0
  0
  0
  0
  0
  0
  0
  0
  0
  0
  1
  4
  9
255
  6
  0
255
255
255
255
255
255
255
255
255
255
  0
  0
255
255
255
255
255
255
255
  0
  0
  0
  0
  0
  0
  0
  0
  0
  0
  0
255
255
255
255
255
255
  0
  0
  0
  0
  0
  0
  0
  0
  0
  0
  0
  0
  0
  0
  0
  0
  0
  0
255
255
  0
  0
  0
  0
  0
  0
  0
  0
  0
  0
  0
255
255
255
255
  0
255
255
255
255
255
255
255
255
255
255
255
255
255
255
255
255
255
255
255
255
255
255
255
  0
  0
  0
  0
  0
  0
  0
  0
255
255
255
255
255
255
  0
  0
  0
  0
  0
  0
  0
  0
  0
  0
  0
  0
  0
  0
  0
  0
255
255
255
  0
  0
  0
255
  0
  0
  0
  0
255
  0
  0
  0
255
255
  0
  0
255
255
255
255
255
255
255
255
255
255
255
255
255
255
255
255
255
255
255
255
255
255
255
255
  0
  0
  0
  0
  0
  0
  0
  0
255
255
255
255
255
255
255
  0
  0
  0
  0
  0
  0
  0
  0
  0
  0
  0
  0
  0
  0
255
255
255
255
  0
  0
255
  0
  0
  0
  0
  0
  0
  0
  0
  0
  0
255
255
  0
  0
  0
255
255
255
255
255
255
255
  0
255
255
255
255
255
255
255
255
255
255
255
255
  0
  0
  0
  0
  0
  0
  0
  0
  0
  0
255
255
255
255
255
255
255
  0
  0
255
  0
  0
  0
  0
  0
  0
  0
  0
  0
255
255
255
255
255
255
255
255
255
  0
  0
  0
  0
  0
  0
  0
  0
255
255
255
255
255
255
255
255
255
255
255
255
255
255
  0
255
255
255
255
255
255
255
255
255
255
255
  0
  0
  0
  0
  0
  0
  0
  0
  0
  0
  0
  0
255
255
255
255
255
255
255
255
  0
  0
  0
  0
  0
  0
  0
  0
255
255
  0
255
255
255
255
255
255
255
  0
  0
  0
  0
  0
  0
  0
  0
  0
  0
  0
  0
255
255
255
255
255
255
255
255
255
255
255
255
  0
  0
255
255
255
255
255
255
255
255
255
255
  0
  0
  0
  0
  0
  0
  0
  0
  0
  0
  0
255
255
255
  0
255
255
255
255
  0
  0
  0
  0
  0
  0
255
255
255
255
255
255
  0
255
255
255
255
255
  0
  0
  0
  0
  0
  0
  0
  0
  0
  0
  0
  0
  0
255
255
255
  0
  0
  0
255
255
255
255
255
  0
255
255
255
255
255
255
255
255
255
255
255
  0
  0
  0
  0
  0
  0
  0
  0
  0
255
255
255
255
255
255
255
255
255
  0
  0
  0
  0
  0
  0
  0
  0
  0
255
255
255
255
255
255
255
255
255
255
  0
255
  0
  0
  0
  0
  0
  0
  0
  0
255
  0
  0
255
  0
  0
  0
  0
255
  0
  0
  0
255
  0
255
255
255
255
255
255
255
255
255
255
255
  0
  0
  0
  0
  0
  0
  0
  0
  0
255
255
255
255
255
  0
255
255
255
  0
  0
  0
  0
  0
  0
  0
  0
  0
255
  0
255
255
255
255
255
255
255
255
255
255
  0
  0
  0
  0
  0
  0
  0
255
255
  0
  0
255
  0
  0
  0
255
255
  0
  0
  0
255
255
255
  0
255
255
255
255
255
255
255
255
255
255
  0
  0
  0
  0
  0
  0
  0
255
255
255
255
255
255
255
255
255
255
  0
  0
  0
  0
  0
  0
  0
  0
255
  0
255
255
255
255
255
255
255
255
255
255
  0
  0
  0
  0
  0
  0
  0
  0
  0
255
  0
  0
255
255
  0
255
255
255
255
255
255
  0
255
255
255
255
255
255
  0
255
255
255
255
255
255
  0
  0
  0
  0
  0
  0
255
255
255
255
255
255
255
255
255
255
255
  0
  0
  0
  0
  0
255
  0
  0
255
255
255
255
255
255
255
255
255
255
255
255
  0
  0
  0
  0
  0
  0
  0
  0
  0
255
255
  0
255
255
255
255
255
255
255
255
255
255
255
255
255
255
255
255
255
255
255
255
255
  0
  0
  0
  0
  0
  0
  0
255
255
255
255
255
255
255
255
255
255
255
255
255
  0
  0
  0
  0
255
255
255
255
255
255
255
255
255
255
255
255
255
255
255
  0
  0
  0
  0
  0
  0
  0
  0
  0
255
255
255
  0
255
255
255
255
255
255
255
255
255
255
255
255
255
255
255
255
255
255
255
255
255
255
  0
  0
  0
  0
255
255
255
255
255
255
255
255
  0
255
255
255
255
255
255
255
255
255
255
255
255
255
255
255
255
255
  0
255
255
255
255
255
255
255
  0
255
255
255
  0
  0
  0
  0
255
255
255
  0
  0
  0
255
255
255
255
255
255
255
255
255
255
255
255
255
255
255
255
255
255
255
255
  0
  0
  0
255
255
255
255
255
255
255
255
255
255
  0
255
255
255
255
255
255
255
255
255
255
255
255
255
255
255
255
255
255
255
255
255
255
255
255
255
255
255
255
255
  0
  0
255
255
255
  0
  0
  0
255
255
255
255
255
255
255
255
255
255
255
255
255
255
255
255
255
255
255
255
  0
  0
  0
255
255
255
255
255
255
255
255
255
255
255
255
255
255
255
255
255
255
255
255
  0
255
255
  0
255
255
  0
  0
255
255
255
255
255
255
255
255
255
255
255
255
255
255
255
255
255
255
  0
  0
255
255
255
255
255
255
255
255
255
255
255
255
255
255
255
255
255
255
255
255
255
  0
  0
  0
  0
  0
255
255
255
  0
255
255
255
255
255
255
255
255
255
255
255
255
255
255
255
255
255
255
255
255
255
  0
255
255
255
255
255
255
255
255
255
255
255
255
255
255
255
255
  0
255
  0
255
255
255
255
255
255
255
255
255
255
255
255
255
255
255
255
255
255
255
255
255
255
255
  0
  0
255
255
255
255
255
255
255
255
255
255
255
255
255
255
255
255
255
255
255
255
255
255
255
255
255
255
255
255
255
255
255
255
255
255
255
255
255
255
255
255
255
255
255
255
255
255
255
255
255
255
255
255
255
255
255
255
255
255
255
255
255
255
255
255
255
255
255
255
255
255
255
255
255
255
255
255
255
255
255
255
255
255
255
255
255
255
255
255
255
255
255
255
255
255
255
255
255
255
255
255
255
255
255
255
255
255
255
255
255
255
255
255
255
255
255
255
255
255
255
255
255
255
255
255
255
255
255
255
255
255
255
255
255
255
255
255
255
255
255
255
255
255
255
255
255
255
255
255
255
255
255
255
255
255
255
255
255
255
255
255
255
255
255
255
255
255
255
255
255
255
255
255
255
255
255
255
255
255
255
255
255
255
255
255
255
255
255
255
255
255
255
255
255
255
255
255
255
255
255
255
255
255
255
255
255
255
255
255
255
255
255
255
255
255
255
255
255
255
255
255
255
255
255
255
255
255
255
255
255
255
255
255
255
255
255
255
255
255
255
255
255
255
255
255
255
255
255
255
255
255
255
255
255
255
255
255
255
255
255
255
255
255
255
255
255
255
255
255
255
255
255
255
255
255
255
255
255
255
255
255
255
255
255
255
255
255
255
255
255
255
255
255
255
255
255
255
255
255
255
255
255
255
255
255
255
255
255
255
255
255
255
255
255
255
255
255
255
255
255
255
255
255
255
255
255
255
255
255
255
255
255
255
255
255
255
255
255
255
255
255
255
255
255
255
255
255
255
255
255
255
255
255
255
255
255
255
255
255
255
255
255
255
255
255
255
255
255
255
255
255
255
255
255
255
255
255
255
255
255
255
255
255
255
255
255
255
255
255
255
255
255
255
255
255
255
255
255
255
255
255
255
255
255
255
255
255
255
255
255
255
255
255
255
255
255
255
255
255
255
255
255
255
255
255
255
255
255
255
255
255
255
255
255
255
255
255
255
255
255
255
255
255
255
255
255
255
255
255
255
255
255
255
255
255
255
255
255
255
255
255
255
255
255
255
255
255
255
255
255
255
255
255
255
255
255
255
255
255
255
255
255
