255
255
255
255
255
255
255
255
255
255
255
255
255
255
255
255
255
255
255
255
255
255
255
255
255
255
255
255
255
255
255
255
255
255
255
255
255
255
255
255
255
255
255
255
255
255
255
255
255
255
255
255
255
255
255
255
255
255
255
255
255
255
255
255
255
255
255
255
255
255
255
255
255
255
255
255
255
255
255
255
255
255
255
255
255
255
255
  0
  0
  0
  0
  0
  0
  0
  0
  0
  0
  0
  0
  0
  0
  0
  0
  0
  0
  0
255
255
255
255
  0
  0
  0
  0
  0
  0
  0
  0
  0
  0
  0
  0
255
  0
  0
  0
  0
  0
255
255
255
255
255
255
255
255
255
255
255
255
255
255
255
255
255
255
255
255
255
255
255
255
255
255
255
  0
  0
  0
  0
  0
  0
  0
  0
  0
  0
  0
  0
  0
  0
  0
  0
  0
  0
  0
  0
  0
  0
255
255
255
255
255
  0
  0
  0
  0
255
255
255
  0
  0
  0
  0
  0
255
  0
  0
  0
  0
  0
  0
  0
  0
255
255
255
255
  0
  0
  0
  0
  0
255
255
255
255
  0
255
255
  0
  0
  0
  0
  0
255
  0
  0
  0
  0
  0
  0
  0
  0
  0
  0
  0
  0
  0
  0
255
  0
  0
  0
  0
  0
  0
  0
  0
  0
255
  0
255
255
255
255
  3
  3
  1
  0
255
255
255
  0
  0
  0
  0
  0
  0
  0
  0
  0
  0
  0
  0
  0
  0
  0
  0
  0
  0
  0
  0
  0
  0
  0
255
  0
  0
  0
  0
  0
  0
  0
  0
  0
  0
  0
  0
  0
  0
  0
  0
  0
  0
  0
  0
  0
  0
  0
  1
  0
  0
255
  0
  0
  0
  0
  0
  0
  0
  0
  0
255
255
255
255
  4
  2
  1
  1
  0
  0
  0
  0
  0
  0
  0
  0
  0
  0
  0
  0
  0
  0
  0
  0
  0
  0
  0
  0
  0
  0
  0
  0
  0
  0
  0
  0
  0
  0
  0
  0
  0
  0
  0
  0
  0
  0
  0
  0
  0
  0
  0
  0
  0
  0
  0
  0
  0
  0
  0
  0
  0
  0
255
  0
  0
  0
  0
255
255
  0
  0
  0
  0
  0
  8
  5
  4
  2
  7
  4
  1
  1
  1
  1
  0
  0
  0
  0
  0
  0
  0
  0
  0
  0
  0
  0
  0
  0
  0
  0
  0
  0
  0
  0
  0
  0
  0
  0
  0
  0
255
  0
  0
  0
  0
  0
  0
  0
  0
  0
  0
  2
  8
  0
  0
  0
  0
  0
  0
  0
  0
  0
  0
  0
  0
255
  0
  0
255
255
255
255
255
255
  4
 15
  0
 26
 25
 13
 33
 26
  4
  7
  8
 14
 13
  6
  5
  7
 10
 10
  5
  4
  3
  1
  1
  0
  0
  1
  0
  0
  0
  0
  0
  0
  0
  0
  0
  0
  0
255
 13
  2
  0
  0
  0
255
255
255
255
  0
  0
  1
  1
 38
 46
 29
  7
  0
  0
  0
  0
  0
  0
  0
  0
255
255
255
255
255
255
255
255
  5
  6
 39
 66
 53
 57
 54
 58
 46
 27
 47
 47
 41
 37
 36
 44
 55
 41
 26
 36
  7
 10
  3
  6
  5
  8
  9
  1
  4
  1
  1
  1
255
  0
  0
  0
  0
  0
  0
255
255
255
255
255
255
255
255
255
255
  0
  6
  4
  5
  7
 41
 64
 11
  7
  2
  3
  8
  2
  4
  0
  0
255
255
255
255
255
255
255
255
 40
 28
 52
 31
 33
 60
 55
 71
 70
 57
 42
  5
  1
  2
  2
  1
  5
  6
 20
  7
  2
  7
 21
  9
 27
 36
 34
 34
 20
  1
  3
 15
  1
255
255
255
255
255
255
255
255
255
255
255
255
255
255
255
255
  3
  2
  5
  1
  7
 68
 83
 65
 62
 21
  5
  3
  1
  0
255
255
255
255
255
255
255
255
255
 24
 50
 40
 21
 38
 52
 57
 58
 16
 16
 21
 22
  1
  4
  3
 10
  9
  4
  7
  7
  0
  0
  0
  4
 10
 28
 46
 24
  3
  7
 19
 20
255
255
255
255
255
255
255
255
255
255
255
255
255
255
255
255
255
  9
  2
  1
  2
  5
 26
 52
 62
 22
 24
 14
255
255
255
255
255
255
255
  0
  0
255
255
255
 43
 56
 15
 18
 32
 20
 21
 23
 43
 26
 21
 29
  9
  1
 11
 19
  2
  6
  1
  0
  0
  0
  5
 23
 55
 74
 31
 33
 15
 26
 32
255
255
255
255
255
255
255
255
255
255
255
255
255
255
255
255
255
255
  0
  0
  0
  0
  2
  6
 27
 18
 23
 31
255
255
  0
255
255
255
255
255
255
255
255
  0
255
 39
  3
  0
  0
  1
  0
  3
  3
 28
  3
  4
  6
  2
  0
 13
 17
 68
 25
  0
  0
  0
  0
 11
 42
 57
 71
 60
 26
 27
 29
 18
255
255
255
255
255
255
255
255
255
255
255
255
255
255
255
255
255
255
255
  0
  0
  1
  0
  1
 26
  7
 28
 16
255
255
255
255
255
255
255
255
255
255
255
  0
  0
  0
  0
  0
  0
  0
  0
  0
  0
  5
  0
  0
  0
  2
  0
  1
 26
 51
 85
 65
 40
 19
  5
 15
 29
 18
 17
 22
 13
 11
255
 17
255
255
255
255
255
255
255
255
255
255
  0
 10
255
255
255
255
255
255
255
255
  0
  9
 11
 33
 27
 15
 34
 41
 12
255
255
255
255
255
255
255
255
255
255
  0
  0
  0
  0
  0
  0
  0
  0
  0
  0
  0
  0
  0
  0
  0
  0
255
 43
 55
 54
 55
 72
 35
 21
 14
 26
 19
 20
 14
 30
  7
255
 22
 48
255
255
255
255
255
255
255
255
255
255
  0
  0
255
255
255
255
255
255
255
  0
 20
 42
 31
 44
 18
  6
 30
 34
 38
 12
255
255
255
255
255
255
  0
  0
 18
 11
  8
  1
  0
  0
  0
  0
  0
  0
  1
  4
  0
  0
  1
  1
255
255
 53
 58
 37
 54
 18
 33
 47
 23
 16
 35
 20
255
255
255
255
 33
255
255
255
255
255
255
255
255
255
255
255
255
255
255
255
255
255
255
255
255
255
255
255
 49
 48
 20
 20
 13
  7
  8
 34
255
255
255
255
255
255
  0
 37
  6
 25
 32
 21
 26
 29
 22
 31
 17
 28
 55
  6
  0
  2
255
255
255
 33
 52
 56
255
 11
 15
 41
 28
255
 14
 26
 11
255
255
 39
 39
255
255
255
255
255
255
255
255
255
255
255
255
255
255
255
255
255
255
255
255
255
255
255
255
 24
 32
 22
 15
  0
  1
  1
  1
255
255
255
255
255
255
255
  0
  0
  0
  1
  2
  4
  0
  0
  1
 10
 59
 15
  0
  0
255
255
255
255
 52
 40
255
 19
 25
 28
 87
  0
 19
 22
 16
 17
  0
255
255
  0
  0
  0
255
255
255
255
255
255
255
  0
255
255
255
255
255
255
255
255
255
255
255
255
  0
  0
  5
 13
  3
  0
  0
  0
  1
  5
255
255
255
255
255
255
255
  0
  0
255
  4
  0
  0
  0
  0
 21
  6
  4
  3
255
255
255
255
255
255
255
255
255
 12
 16
 15
  6
  6
 11
 10
  0
255
255
255
255
255
255
255
255
255
255
255
255
255
255
  0
255
255
255
255
255
255
255
255
255
255
255
  0
  0
  5
  4
  0
  0
  0
  1
  3
 12
  4
  5
255
255
255
255
255
255
255
255
 10
  0
  1
  0
  6
 38
 14
  0
255
255
  0
255
255
255
255
255
255
255
 14
 12
 15
  7
 12
 10
  8
  5
  3
  4
  5
 10
255
255
255
255
255
255
255
255
255
255
255
255
  0
  0
255
255
255
255
255
255
255
255
255
255
  0
  2
  0
  1
  1
  2
  5
 21
  9
  4
  9
255
255
255
  0
255
255
255
255
  1
  1
  0
  1
 29
 16
255
255
255
255
255
255
  0
255
255
255
255
255
 10
 21
 25
 14
 16
 19
 16
  3
  4
  4
 11
  1
  1
255
255
255
  0
  0
  0
255
255
255
255
255
  0
255
255
255
255
255
255
255
255
255
255
255
  0
  1
  1
  8
 18
 19
 30
 31
 12
255
255
255
255
255
255
255
255
255
  4
  2
  0
  4
 17
  9
 11
  0
  0
255
255
255
255
255
255
255
255
255
255
  0
255
 51
 31
  0
  0
  0
  0
  7
  6
255
  0
 11
255
  0
  0
  0
  0
255
  0
  0
  0
255
  0
255
255
255
255
255
255
255
255
255
255
255
  0
  0
  1
  6
 13
 67
 54
 31
  8
255
255
255
255
255
  0
255
255
255
  9
 11
  1
 26
 24
  6
  1
  0
  0
255
  0
255
255
255
255
255
255
255
255
255
255
  0
  0
  0
  1
  2
  0
  0
255
255
  0
 20
255
 23
  0
  0
255
255
  0
  0
  0
255
255
255
  0
255
255
255
255
255
255
255
255
255
255
  0
  0
  3
  9
 61
 46
 32
255
255
255
255
255
255
255
255
255
255
  0
  0
  1
 34
 12
  4
  0
  0
255
 25
255
255
255
255
255
255
255
255
255
255
  8
  0
  0
  0
  6
  2
  1
  3
  0
255
  0
  0
255
255
  0
255
255
255
255
255
255
  0
255
255
255
255
255
255
  0
255
255
255
255
255
255
  0
  1
 12
  6
 14
  3
255
255
255
255
255
255
255
255
255
255
255
  0
  0
  7
 54
 11
255
  0
  0
255
255
255
255
255
255
255
255
255
255
255
255
 18
  5
  0
  0
  0
  0
  3
  1
  1
255
255
  0
255
255
255
255
255
255
255
255
255
255
255
255
255
255
255
255
255
255
255
255
255
  0
  0
  0
  2
 54
 19
 11
255
255
255
255
255
255
255
255
255
255
255
255
255
  6
  3
 10
 30
255
255
255
255
255
255
255
255
255
255
255
255
255
255
255
  0
 47
  5
  0
  9
 25
 26
 32
  8
255
255
255
 13
255
255
255
255
255
255
255
255
255
255
255
255
255
255
255
255
255
255
255
255
255
255
  6
  0
 18
 27
255
255
255
255
255
255
255
255
  0
255
255
255
255
255
255
255
255
255
255
255
255
255
255
255
255
255
  0
255
255
255
255
255
255
255
  6
255
255
255
 37
 64
 29
  3
255
255
255
 32
 29
  0
255
255
255
255
255
255
255
255
255
255
255
255
255
255
255
255
255
255
255
255
  6
  0
  3
255
255
255
255
255
255
255
255
255
255
  0
255
255
255
255
255
255
255
255
255
255
255
255
255
255
255
255
255
255
255
255
255
255
255
255
255
255
255
255
255
 17
  7
255
255
255
  3
 14
 44
255
255
255
255
255
255
255
255
255
255
255
255
255
255
255
255
255
255
255
255
  0
  1
  1
255
255
255
255
255
255
255
255
255
255
255
255
255
255
255
255
255
255
255
255
  0
255
255
  0
255
255
  0
  0
255
255
255
255
255
255
255
255
255
255
255
255
255
255
255
255
255
255
 24
 30
255
255
255
255
255
255
255
255
255
255
255
255
255
255
255
255
255
255
255
255
255
  0
  1
  1
  3
  3
255
255
255
  0
255
255
255
255
255
255
255
255
255
255
255
255
255
255
255
255
255
255
255
255
255
  0
255
255
255
255
255
255
255
255
255
255
255
255
255
255
255
255
  0
255
  0
255
255
255
255
255
255
255
255
255
255
255
255
255
255
255
255
255
255
255
255
255
255
255
  4
  2
255
255
255
255
255
255
255
255
255
255
255
255
255
255
255
255
255
255
255
255
255
255
255
255
255
255
255
255
255
255
255
255
255
255
255
255
255
255
255
255
255
255
255
255
255
255
255
255
255
255
255
255
255
255
255
255
255
255
255
255
255
255
255
255
255
255
255
255
255
255
255
255
255
255
255
255
255
255
255
255
255
255
255
255
255
255
255
255
255
255
255
255
255
255
255
255
255
255
255
255
255
255
255
255
255
255
255
255
255
255
255
255
255
255
255
255
255
255
255
255
255
255
255
255
255
255
255
255
255
255
255
255
255
255
255
255
255
255
255
255
255
255
255
255
255
255
255
255
255
255
255
255
255
255
255
255
255
255
255
255
255
255
255
255
255
255
255
255
255
255
255
255
255
255
255
255
255
255
255
255
255
255
255
255
255
255
255
255
255
255
255
255
255
255
255
255
255
255
255
255
255
255
255
255
255
255
255
255
255
255
255
255
255
255
255
255
255
255
255
255
255
255
255
255
255
255
255
255
255
255
255
255
255
255
255
255
255
255
255
255
255
255
255
255
255
255
255
255
255
255
255
255
255
255
255
255
255
255
255
255
255
255
255
255
255
255
255
255
255
255
255
255
255
255
255
255
255
255
255
255
255
255
255
255
255
255
255
255
255
255
255
255
255
255
255
255
255
255
255
255
255
255
255
255
255
255
255
255
255
255
255
255
255
255
255
255
255
255
255
255
255
255
255
255
255
255
255
255
255
255
255
255
255
255
255
255
255
255
255
255
255
255
255
255
255
255
255
255
255
255
255
255
255
255
255
255
255
255
255
255
255
255
255
255
255
255
255
255
255
255
255
255
255
255
255
255
255
255
255
255
255
255
255
255
255
255
255
255
255
255
255
255
255
255
255
255
255
255
255
255
255
255
255
255
255
255
255
255
255
255
255
255
255
255
255
255
255
255
255
255
255
255
255
255
255
255
255
255
255
255
255
255
255
255
255
255
255
255
255
255
255
255
255
255
255
255
255
255
255
255
255
255
255
255
255
255
255
255
255
255
255
255
255
255
255
255
255
255
255
255
255
255
255
255
255
255
255
255
255
255
255
