255
255
255
255
255
255
255
255
255
255
255
255
255
255
255
255
255
255
255
255
255
255
255
255
255
255
255
255
255
255
255
255
255
255
255
255
255
255
255
255
255
255
255
255
255
255
255
255
255
255
255
255
255
255
255
255
255
255
255
255
255
255
255
255
255
255
255
255
255
255
255
255
255
255
255
255
255
255
255
255
255
255
255
255
255
255
255
  0
  0
  0
  0
  0
  0
  0
  1
  3
  6
  9
  8
  6
  3
  6
  3
 13
  8
  1
255
255
255
255
100
 35
 19
 16
 32
 53
100
 29
 37
 26
 24
 24
255
 10
 54
 33
 25
 30
255
255
255
255
255
255
255
255
255
255
255
255
255
255
255
255
255
255
255
255
255
255
255
255
255
255
255
  0
  0
  0
  0
  0
  0
  0
  0
  0
  0
  0
  0
  0
  0
  0
  0
  0
  0
  0
  0
  0
  1
255
255
255
255
255
 33
 39
 36
 25
255
255
255
 44
 38
 24
 28
 48
255
 65
 46
 31
 35
 23
 37
 52
 26
255
255
255
255
 36
 44
 23
 25
 76
255
255
255
255
 29
255
255
  0
  0
  0
  0
  0
255
  0
  0
  0
  0
  0
  0
  0
  0
  0
  0
  0
  0
  0
  0
255
  0
  0
  0
  0
  0
  0
  0
  0
  0
255
  0
255
255
255
255
 20
 15
 18
 14
255
255
255
 43
 37
 30
 14
  6
 10
  6
  2
  9
  9
  4
  8
  6
  6
 12
 14
  4
  7
 13
  9
  7
  5
 32
255
 24
 39
 30
 17
  1
  0
  0
  0
  0
  0
  0
  0
  0
  0
  0
  0
  0
  0
  0
  0
  0
  0
  0
  0
  0
  0
255
  0
  0
  0
  0
  0
  0
  4
  9
 12
255
255
255
255
 11
 14
  3
  0
  2
  3
  2
  3
  3
  3
  3
  4
  3
  2
  1
  3
 17
 13
  6
  5
  2
  3
  3
 27
  2
 10
 16
 14
  8
  3
  7
 10
  9
 22
 62
 27
  0
  0
  0
  0
  0
  0
  0
  0
  0
  0
  0
  0
  0
  0
  0
  0
  0
  0
  0
  0
  0
  0
255
  0
  0
  0
  0
255
255
  7
 26
 11
  0
  0
  0
 16
  1
  0
  0
  0
  0
  0
  0
  0
  0
  1
  0
  0
  1
  1
  0
  0
  1
  2
  2
  1
  1
  1
  1
  1
  5
 10
 19
  9
  7
  9
  3
  2
  5
  7
255
  0
  0
  0
  0
  0
  0
  0
  0
  0
  0
  0
  0
  0
  0
  0
  0
  0
  0
  0
  0
  0
  0
  0
  0
255
  0
  0
255
255
255
255
255
255
  0
  0
  0
  3
  0
  0
  0
  0
  0
  0
  0
  0
  0
  0
  0
  0
  0
  0
  0
  0
  0
  0
  1
  2
  7
  6
  1
  1
  1
  3
  3
  2
  3
  1
  8
  4
  0
255
  0
  0
  0
  0
  0
255
255
255
255
  0
  0
  0
  0
  0
  0
  0
  0
  0
  0
  0
  0
  0
  0
  0
  0
255
255
255
255
255
255
255
255
  0
  0
  0
  0
  0
  0
  0
  0
  0
  0
  0
  0
  1
  1
  0
  1
  1
  3
 10
  1
  3
  7
  4
  2
  2
  1
  0
  0
  0
  1
  2
  2
255
 32
  3
  8
 17
  7
  5
255
255
255
255
255
255
255
255
255
255
  0
  0
  0
  0
  0
  0
  0
  0
  0
  0
  0
  0
  0
  0
  0
  0
255
255
255
255
255
255
255
255
  0
  0
  0
  0
  0
  0
  0
  0
  2
  1
  5
 39
 64
 65
 72
 67
 51
 52
 21
 54
 73
 41
 21
 24
  8
  1
  0
  0
  0
  0
  2
 18
 10
255
255
255
255
255
255
255
255
255
255
255
255
255
255
255
255
  0
  0
  0
  0
  0
  0
  0
  0
  0
  0
  0
  0
  0
  0
255
255
255
255
255
255
255
255
255
  0
  0
  0
  0
  3
  0
  0
  0
  1
  3
  2
  7
 87
 86
 90
 39
 30
 39
 38
 60
 85
 96
 98
 73
 25
  2
  1
  0
  1
  8
  4
 15
255
255
255
255
255
255
255
255
255
255
255
255
255
255
255
255
255
  0
  0
  0
  0
  0
  0
  0
  0
  0
  0
  0
255
255
255
255
255
255
255
  0
  0
255
255
255
  0
  0
  1
  2
  4
  4
  0
  4
  2
 10
 13
  2
 41
 69
 55
 24
 24
 41
 67
 46
 55
 43
 33
  9
  0
  1
  5
  5
  8
  4
  6
255
255
255
255
255
255
255
255
255
255
255
255
255
255
255
255
255
255
  0
  0
  0
  0
  0
  0
  0
  0
  0
  0
255
255
  0
255
255
255
255
255
255
255
255
 31
255
  7
 69
 78
 81
 63
 62
 65
 67
 45
 67
 70
 24
 64
 88
 56
 23
  3
  4
  7
  9
  7
  2
  0
  0
  0
  0
  5
 11
  6
  6
 18
255
255
255
255
255
255
255
255
255
255
255
255
255
255
255
255
255
255
255
  0
  0
  0
  0
  0
  0
  0
  0
  0
255
255
255
255
255
255
255
255
255
255
255
 21
 84
 91
100
100
100
100
100
100
 99
 91
 88
 93
 91
 56
 79
 81
 27
  1
  0
  1
  2
  1
  0
  0
  0
  0
  0
  5
 17
 25
255
  9
255
255
255
255
255
255
255
255
255
255
  0
  4
255
255
255
255
255
255
255
255
  0
  0
  0
  0
  0
  0
  0
  0
  0
255
255
255
255
255
255
255
255
255
255
100
100
100
100
100
100
100
100
100
100
100
 82
 87
 98
 94
 82
255
  3
  2
  1
  1
  4
  0
  0
  0
  0
  0
  0
  3
 25
  6
255
 20
  0
255
255
255
255
255
255
255
255
255
255
 17
 19
255
255
255
255
255
255
255
  0
  0
  0
  0
  0
  0
  0
  0
  0
  0
  0
255
255
255
255
255
255
 10
 21
 50
 52
 62
 65
 75
 81
 98
100
 95
 99
 97
 72
 59
 99
 92
 80
255
255
  3
  5
  2
 12
  0
  0
  0
  0
  0
  0
  0
255
255
255
255
 36
255
255
255
255
255
255
255
255
255
255
255
255
255
255
255
255
255
255
255
255
255
255
255
  0
  0
  0
  5
  3
  4
  4
  0
255
255
255
255
255
255
 17
  1
  0
  0
  0
  1
  0
  4
  7
  3
 18
 11
  1
 58
 58
 43
255
255
255
  0
  1
 13
255
  0
  0
  0
  0
255
  0
  0
  0
255
255
 12
 18
255
255
255
255
255
255
255
255
255
255
255
255
255
255
255
255
255
255
255
255
255
255
255
255
  0
  0
  1
  1
  0
  0
  1
  1
255
255
255
255
255
255
255
  0
  0
  0
  0
  0
  0
  0
  0
  0
  0
  0
  5
 21
 63
255
255
255
255
  6
  0
255
  0
  0
  0
  0
  0
  0
  0
  0
  0
  0
255
255
  0
  0
  0
255
255
255
255
255
255
255
  0
255
255
255
255
255
255
255
255
255
255
255
255
 39
  0
 15
  2
  0
  0
  0
  0
  0
  1
255
255
255
255
255
255
255
  0
  0
255
  0
  0
  0
  0
  0
  0
  0
  0
 20
255
255
255
255
255
255
255
255
255
  0
  0
  0
  0
  0
  0
  0
  0
255
255
255
255
255
255
255
255
255
255
255
255
255
255
  0
255
255
255
255
255
255
255
255
255
255
255
 47
 14
  8
  0
  0
  0
  0
  1
  0
  0
  3
  6
255
255
255
255
255
255
255
255
  0
  0
  0
  0
  0
  0
  0
  1
255
255
  0
255
255
255
255
255
255
255
  0
  0
  0
  0
  0
  0
  0
  0
  0
  0
  0
  0
255
255
255
255
255
255
255
255
255
255
255
255
  0
  0
255
255
255
255
255
255
255
255
255
255
 40
  4
  0
  0
  0
  0
  0
  0
  3
  9
  5
255
255
255
  0
255
255
255
255
  2
  0
  0
  0
  0
  0
255
255
255
255
255
255
  0
255
255
255
255
255
  0
  0
  0
  0
  0
  0
  0
  0
  0
  0
  0
  1
  0
255
255
255
  0
  0
  0
255
255
255
255
255
  0
255
255
255
255
255
255
255
255
255
255
255
 20
  1
  0
  0
  0
  0
  0
  1
  4
255
255
255
255
255
255
255
255
255
 13
  0
  0
  0
  0
  0
  3
  0
  0
255
255
255
255
255
255
255
255
255
255
  0
255
  0
  0
  0
  0
  0
  0
  0
  0
255
  0
  0
255
  0
  0
  0
  0
255
  0
  0
  0
255
  0
255
255
255
255
255
255
255
255
255
255
255
 63
 44
 24
  0
  0
  0
  0
  0
  0
255
255
255
255
255
  0
255
255
255
 41
  2
  0
  0
  0
  0
  1
  0
  0
255
  0
255
255
255
255
255
255
255
255
255
255
  0
  1
  0
  0
  0
  0
  0
255
255
  0
  1
255
  0
  0
  0
255
255
  0
  0
  0
255
255
255
  0
255
255
255
255
255
255
255
255
255
255
 41
 61
  0
  0
  0
  0
  1
255
255
255
255
255
255
255
255
255
255
 71
 11
  0
  2
  0
  0
  0
  0
255
  3
255
255
255
255
255
255
255
255
255
255
  1
  0
  1
  2
  1
 13
  3
  0
  0
255
  0
  0
255
255
  0
255
255
255
255
255
255
  0
255
255
255
255
255
255
  0
255
255
255
255
255
255
 22
 31
  0
  0
  0
  2
255
255
255
255
255
255
255
255
255
255
255
 48
 18
  0
  0
  0
255
  0
  0
255
255
255
255
255
255
255
255
255
255
255
255
  1
  0
  0
  0
  3
 77
 24
  0
  0
255
255
  0
255
255
255
255
255
255
255
255
255
255
255
255
255
255
255
255
255
255
255
255
255
  0
  0
  4
  7
  0
  0
  1
255
255
255
255
255
255
255
255
255
255
255
255
255
  1
  0
  0
  0
255
255
255
255
255
255
255
255
255
255
255
255
255
255
255
  0
  0
  0
  0
  1
 10
 10
  0
  0
255
255
255
  9
255
255
255
255
255
255
255
255
255
255
255
255
255
255
255
255
255
255
255
255
255
255
  3
  2
  0
  1
255
255
255
255
255
255
255
255
  0
255
255
255
255
255
255
255
255
255
255
255
255
255
255
255
255
255
  0
255
255
255
255
255
255
255
  0
255
255
255
  0
  0
  0
  0
255
255
255
  8
  6
  0
255
255
255
255
255
255
255
255
255
255
255
255
255
255
255
255
255
255
255
255
  1
  1
  1
255
255
255
255
255
255
255
255
255
255
  0
255
255
255
255
255
255
255
255
255
255
255
255
255
255
255
255
255
255
255
255
255
255
255
255
255
255
255
255
255
  0
  0
255
255
255
 21
  8
  0
255
255
255
255
255
255
255
255
255
255
255
255
255
255
255
255
255
255
255
255
  0
  1
  2
255
255
255
255
255
255
255
255
255
255
255
255
255
255
255
255
255
255
255
255
  0
255
255
  0
255
255
 67
 71
255
255
255
255
255
255
255
255
255
255
255
255
255
255
255
255
255
255
  9
  2
255
255
255
255
255
255
255
255
255
255
255
255
255
255
255
255
255
255
255
255
255
  2
  1
  1
  3
  8
255
255
255
 33
255
255
255
255
255
255
255
255
255
255
255
255
255
255
255
255
255
255
255
255
255
  0
255
255
255
255
255
255
255
255
255
255
255
255
255
255
255
255
  0
255
  0
255
255
255
255
255
255
255
255
255
255
255
255
255
255
255
255
255
255
255
255
255
255
255
  3
  1
255
255
255
255
255
255
255
255
255
255
255
255
255
255
255
255
255
255
255
255
255
255
255
255
255
255
255
255
255
255
255
255
255
255
255
255
255
255
255
255
255
255
255
255
255
255
255
255
255
255
255
255
255
255
255
255
255
255
255
255
255
255
255
255
255
255
255
255
255
255
255
255
255
255
255
255
255
255
255
255
255
255
255
255
255
255
255
255
255
255
255
255
255
255
255
255
255
255
255
255
255
255
255
255
255
255
255
255
255
255
255
255
255
255
255
255
255
255
255
255
255
255
255
255
255
255
255
255
255
255
255
255
255
255
255
255
255
255
255
255
255
255
255
255
255
255
255
255
255
255
255
255
255
255
255
255
255
255
255
255
255
255
255
255
255
255
255
255
255
255
255
255
255
255
255
255
255
255
255
255
255
255
255
255
255
255
255
255
255
255
255
255
255
255
255
255
255
255
255
255
255
255
255
255
255
255
255
255
255
255
255
255
255
255
255
255
255
255
255
255
255
255
255
255
255
255
255
255
255
255
255
255
255
255
255
255
255
255
255
255
255
255
255
255
255
255
255
255
255
255
255
255
255
255
255
255
255
255
255
255
255
255
255
255
255
255
255
255
255
255
255
255
255
255
255
255
255
255
255
255
255
255
255
255
255
255
255
255
255
255
255
255
255
255
255
255
255
255
255
255
255
255
255
255
255
255
255
255
255
255
255
255
255
255
255
255
255
255
255
255
255
255
255
255
255
255
255
255
255
255
255
255
255
255
255
255
255
255
255
255
255
255
255
255
255
255
255
255
255
255
255
255
255
255
255
255
255
255
255
255
255
255
255
255
255
255
255
255
255
255
255
255
255
255
255
255
255
255
255
255
255
255
255
255
255
255
255
255
255
255
255
255
255
255
255
255
255
255
255
255
255
255
255
255
255
255
255
255
255
255
255
255
255
255
255
255
255
255
255
255
255
255
255
255
255
255
255
255
255
255
255
255
255
255
255
255
255
255
255
255
255
255
255
255
255
255
255
255
255
255
255
255
255
255
255
255
255
255
255
255
255
255
255
255
255
255
255
255
255
255
255
255
255
255
255
255
255
255
255
255
255
