255
255
255
255
255
255
255
255
255
255
255
255
255
255
255
255
255
255
255
255
255
255
255
255
255
255
255
255
255
255
255
255
255
255
255
255
255
255
255
255
255
255
255
255
255
255
255
255
255
255
255
255
255
255
255
255
255
255
255
255
255
255
255
255
255
255
255
255
255
255
255
255
255
255
255
255
255
255
255
255
255
255
255
255
255
255
255
  0
  0
  0
  0
  0
  0
  0
  0
  0
  0
  0
  0
  0
  0
  0
  0
  0
  0
  0
255
255
255
255
  0
  0
  0
  0
  0
  0
  0
  0
  0
  0
  0
  0
255
  0
  0
  0
  0
  0
255
255
255
255
255
255
255
255
255
255
255
255
255
255
255
255
255
255
255
255
255
255
255
255
255
255
255
  0
  0
  0
  0
  0
  0
  0
  0
  0
  0
  0
  0
  0
  0
  0
  0
  0
  0
  0
  0
  0
  0
255
255
255
255
255
  0
  0
  0
  0
255
255
255
  0
  0
  0
  0
  0
255
  0
  0
  0
  0
  0
  0
  0
  0
255
255
255
255
  0
  0
  0
  0
  0
255
255
255
255
  0
255
255
  0
  0
  0
  0
  0
255
  0
  0
  0
  0
  0
  0
  0
  0
  0
  0
  0
  0
  0
  0
255
  0
  0
  0
  0
  0
  0
  0
  0
  0
255
  0
255
255
255
255
 28
 12
  5
  1
255
255
255
  0
  0
  0
  0
  0
  0
  0
  0
  0
  0
  0
  0
  0
  0
  0
  0
  1
  0
  0
  1
  0
  1
  0
255
  0
  0
  0
  0
  0
  1
  3
  7
 15
 15
  5
 15
  7
  7
  1
  0
  0
  0
  0
  0
  0
  0
  0
  0
  0
  1
255
  0
  0
  0
  0
  0
  0
  0
  0
  0
255
255
255
255
 19
 29
 32
 43
 48
 26
 35
 29
 33
 30
 12
  6
  4
  3
  3
  8
  0
  0
  0
  0
  0
  0
  2
  1
  0
  0
  0
  1
  1
  1
  0
  0
  0
  0
  0
  0
  1
  1
  9
 18
 15
 19
 28
 30
 24
 36
 24
 19
  9
  4
  1
  1
  0
 10
  8
  3
  7
 16
255
  0
  0
  0
  0
255
255
  0
  0
  0
 30
 41
 37
 27
 47
 71
 53
 55
 61
 30
 29
 53
 63
 60
 49
 39
 25
 30
 38
 47
 33
 14
  4
  3
  5
  6
  7
  7
  1
  1
  0
  1
  1
  1
  2
  1
  1
  1
255
  0
  0
  1
  2
 11
 15
 19
 15
 32
 40
 49
 22
 48
 43
 54
 41
 45
 42
 24
 24
 23
 27
 15
 26
255
  0
  0
255
255
255
255
255
255
 26
 12
 51
 32
 34
 44
 22
 19
 16
 13
 12
  9
  6
  9
  8
 12
 20
 30
 22
 22
 30
 34
 42
 36
 22
  5
  7
  6
  5
  3
  3
  6
  3
  5
  2
  6
  0
255
  0
  2
  0
  9
 26
255
255
255
255
 50
 53
 58
 46
  8
 13
 28
 50
 89
 82
 62
 53
 71
 79
 75
 56
255
255
255
255
255
255
255
255
 28
 10
  5
  4
 11
 14
 17
 11
 16
  6
  2
  3
  3
  1
  2
  1
  1
  1
  1
  5
 12
 20
 30
 16
 25
  5
  0
  2
  2
 19
 18
 19
255
 35
  2
  2
  0
  0
  0
255
255
255
255
255
255
255
255
255
255
 69
 65
 61
 47
  6
  3
  5
 24
 21
 26
 22
 15
  8
 17
 17
 22
255
255
255
255
255
255
255
255
  0
  8
  2
 12
 26
 13
  9
  7
  1
  3
  1
  1
  0
  0
  0
  0
  0
  0
  0
  1
  0
  0
  0
  3
  0
  0
  2
  0
  3
 22
 11
  0
 15
255
255
255
255
255
255
255
255
255
255
255
255
255
255
255
255
 74
 19
 41
 25
  7
  2
  2
 11
  7
  1
  7
 16
 25
 51
255
255
255
255
255
255
255
255
255
 27
 16
 16
 23
  6
 10
  6
  7
 18
 13
  5
  4
  1
  0
  0
  0
  0
  0
  0
  0
  0
  0
  0
  0
  0
  8
  1
  4
  2
  5
  6
  5
255
255
255
255
255
255
255
255
255
255
255
255
255
255
255
255
255
 58
 23
 23
 53
  7
  5
  2
  2
  5
  8
 30
255
255
255
255
255
255
255
  0
  0
255
255
255
  7
  4
  4
  1
  2
 16
 23
 19
  9
  4
  1
  1
  0
  0
  0
  0
  6
  3
  1
  0
  0
  0
  5
  1
  5
  1
  7
 23
 33
 35
 28
255
255
255
255
255
255
255
255
255
255
255
255
255
255
255
255
255
255
 60
 26
 22
 27
  3
 18
 57
 59
 61
 50
255
255
  0
255
255
255
255
255
255
255
255
  0
255
  0
  0
  0
  0
  0
  0
  0
  2
  2
  0
  0
  0
  0
  0
  0
  7
 13
 11
  1
  0
  2
  9
 25
 15
  5
 17
  5
 11
 37
 24
  0
255
255
255
255
255
255
255
255
255
255
255
255
255
255
255
255
255
255
255
  3
  5
 36
  8
 16
 29
 67
 30
 25
255
255
255
255
255
255
255
255
255
255
255
  0
  0
  0
  0
  0
  0
  0
  0
  0
  0
  0
  0
  0
  0
  0
  0
  0
  1
  0
  1
  8
  6
  9
 19
 29
 36
 36
 41
 35
 10
  0
255
  3
255
255
255
255
255
255
255
255
255
255
  0
  0
255
255
255
255
255
255
255
255
  4
 21
 21
 30
 20
  6
 22
  9
  7
255
255
255
255
255
255
255
255
255
255
  0
  0
  0
  0
  0
  0
  0
  0
  0
  0
  0
  0
  0
  0
  0
  0
255
  1
  0
  0
  0
  0
  0
  2
  6
 13
 37
 32
  7
  5
  0
255
  0
  0
255
255
255
255
255
255
255
255
255
255
  0
  0
255
255
255
255
255
255
255
  0
 17
 26
 45
 11
  0
  0
  0
  1
  0
 28
255
255
255
255
255
255
  0
  0
  0
  0
  0
  0
  0
  0
  0
  0
  0
  0
  0
  0
  0
  0
  0
  0
255
255
  0
  0
  0
  0
  0
  0
  0
  2
  4
  0
  0
255
255
255
255
  0
255
255
255
255
255
255
255
255
255
255
255
255
255
255
255
255
255
255
255
255
255
255
255
  0
  0
  0
  0
  0
  0
  0
  0
255
255
255
255
255
255
  0
  0
  0
  0
  0
  0
  0
  0
  0
  0
  0
  0
  0
  0
  0
  0
255
255
255
  0
  0
  0
255
  0
  0
  0
  0
255
  0
  0
  0
255
255
  0
  0
255
255
255
255
255
255
255
255
255
255
255
255
255
255
255
255
255
255
255
255
255
255
255
255
  0
  0
  0
  0
  0
  0
  0
  0
255
255
255
255
255
255
255
  0
  0
  0
  0
  0
  0
  0
  0
  0
  0
  0
  0
  0
  0
255
255
255
255
  0
  0
255
  0
  0
  0
  0
  0
  0
  0
  0
  0
  0
255
255
  0
  0
  0
255
255
255
255
255
255
255
  0
255
255
255
255
255
255
255
255
255
255
255
255
  0
  0
  0
  0
  0
  0
  0
  0
  0
  0
255
255
255
255
255
255
255
  0
  0
255
  0
  0
  0
  0
  0
  0
  0
  0
  0
255
255
255
255
255
255
255
255
255
  0
  0
  0
  0
  0
  0
  0
  0
255
255
255
255
255
255
255
255
255
255
255
255
255
255
  0
255
255
255
255
255
255
255
255
255
255
255
  0
  0
  0
  0
  0
  0
  0
  0
  0
  0
  0
  0
255
255
255
255
255
255
255
255
  0
  0
  0
  0
  0
  0
  0
  0
255
255
  0
255
255
255
255
255
255
255
  0
  0
  0
  0
  0
  0
  0
  0
  0
  0
  0
  0
255
255
255
255
255
255
255
255
255
255
255
255
  0
  0
255
255
255
255
255
255
255
255
255
255
  0
  0
  0
  0
  0
  0
  0
  0
  0
  0
  0
255
255
255
  0
255
255
255
255
  0
  0
  0
  0
  0
  0
255
255
255
255
255
255
  0
255
255
255
255
255
  0
  0
  0
  0
  0
  0
  0
  0
  0
  0
  0
  0
  0
255
255
255
  0
  0
  0
255
255
255
255
255
  0
255
255
255
255
255
255
255
255
255
255
255
  0
  0
  0
  0
  0
  0
  0
  0
  0
255
255
255
255
255
255
255
255
255
  0
  0
  0
  0
  0
  0
  0
  0
  0
255
255
255
255
255
255
255
255
255
255
  0
255
  0
  0
  0
  0
  0
  0
  0
  0
255
  0
  0
255
  0
  0
  0
  0
255
  0
  0
  0
255
  0
255
255
255
255
255
255
255
255
255
255
255
  0
  0
  0
  0
  0
  0
  0
  0
  0
255
255
255
255
255
  0
255
255
255
  0
  0
  0
  0
  0
  0
  0
  0
  0
255
  0
255
255
255
255
255
255
255
255
255
255
  0
  0
  0
  0
  0
  0
  0
255
255
  0
  0
255
  0
  0
  0
255
255
  0
  0
  0
255
255
255
  0
255
255
255
255
255
255
255
255
255
255
  0
  0
  0
  0
  0
  0
  0
255
255
255
255
255
255
255
255
255
255
  0
  0
  0
  0
  0
  0
  0
  0
255
  0
255
255
255
255
255
255
255
255
255
255
  0
  0
  0
  0
  0
  0
  0
  0
  0
255
  0
  0
255
255
  0
255
255
255
255
255
255
  0
255
255
255
255
255
255
  0
255
255
255
255
255
255
  0
  0
  0
  0
  0
  0
255
255
255
255
255
255
255
255
255
255
255
  0
  0
  0
  0
  0
255
  0
  0
255
255
255
255
255
255
255
255
255
255
255
255
  0
  0
  0
  0
  0
  0
  0
  0
  0
255
255
  0
255
255
255
255
255
255
255
255
255
255
255
255
255
255
255
255
255
255
255
255
255
  0
  0
  0
  0
  0
  0
  0
255
255
255
255
255
255
255
255
255
255
255
255
255
  0
  0
  0
  0
255
255
255
255
255
255
255
255
255
255
255
255
255
255
255
  0
  0
  0
  0
  0
  0
  0
  0
  0
255
255
255
 13
255
255
255
255
255
255
255
255
255
255
255
255
255
255
255
255
255
255
255
255
255
255
  0
  0
  0
  0
255
255
255
255
255
255
255
255
  0
255
255
255
255
255
255
255
255
255
255
255
255
255
255
255
255
255
  0
255
255
255
255
255
255
255
  0
255
255
255
  0
  0
  0
  0
255
255
255
  4
 10
  0
255
255
255
255
255
255
255
255
255
255
255
255
255
255
255
255
255
255
255
255
  0
  0
  0
255
255
255
255
255
255
255
255
255
255
  0
255
255
255
255
255
255
255
255
255
255
255
255
255
255
255
255
255
255
255
255
255
255
255
255
255
255
255
255
255
  0
  0
255
255
255
  0
  3
  4
255
255
255
255
255
255
255
255
255
255
255
255
255
255
255
255
255
255
255
255
  0
  0
  0
255
255
255
255
255
255
255
255
255
255
255
255
255
255
255
255
255
255
255
255
  0
255
255
  0
255
255
  0
  0
255
255
255
255
255
255
255
255
255
255
255
255
255
255
255
255
255
255
  1
  5
255
255
255
255
255
255
255
255
255
255
255
255
255
255
255
255
255
255
255
255
255
  0
  0
  0
  0
  0
255
255
255
  0
255
255
255
255
255
255
255
255
255
255
255
255
255
255
255
255
255
255
255
255
255
  0
255
255
255
255
255
255
255
255
255
255
255
255
255
255
255
255
  0
255
  0
255
255
255
255
255
255
255
255
255
255
255
255
255
255
255
255
255
255
255
255
255
255
255
  0
  0
255
255
255
255
255
255
255
255
255
255
255
255
255
255
255
255
255
255
255
255
255
255
255
255
255
255
255
255
255
255
255
255
255
255
255
255
255
255
255
255
255
255
255
255
255
255
255
255
255
255
255
255
255
255
255
255
255
255
255
255
255
255
255
255
255
255
255
255
255
255
255
255
255
255
255
255
255
255
255
255
255
255
255
255
255
255
255
255
255
255
255
255
255
255
255
255
255
255
255
255
255
255
255
255
255
255
255
255
255
255
255
255
255
255
255
255
255
255
255
255
255
255
255
255
255
255
255
255
255
255
255
255
255
255
255
255
255
255
255
255
255
255
255
255
255
255
255
255
255
255
255
255
255
255
255
255
255
255
255
255
255
255
255
255
255
255
255
255
255
255
255
255
255
255
255
255
255
255
255
255
255
255
255
255
255
255
255
255
255
255
255
255
255
255
255
255
255
255
255
255
255
255
255
255
255
255
255
255
255
255
255
255
255
255
255
255
255
255
255
255
255
255
255
255
255
255
255
255
255
255
255
255
255
255
255
255
255
255
255
255
255
255
255
255
255
255
255
255
255
255
255
255
255
255
255
255
255
255
255
255
255
255
255
255
255
255
255
255
255
255
255
255
255
255
255
255
255
255
255
255
255
255
255
255
255
255
255
255
255
255
255
255
255
255
255
255
255
255
255
255
255
255
255
255
255
255
255
255
255
255
255
255
255
255
255
255
255
255
255
255
255
255
255
255
255
255
255
255
255
255
255
255
255
255
255
255
255
255
255
255
255
255
255
255
255
255
255
255
255
255
255
255
255
255
255
255
255
255
255
255
255
255
255
255
255
255
255
255
255
255
255
255
255
255
255
255
255
255
255
255
255
255
255
255
255
255
255
255
255
255
255
255
255
255
255
255
255
255
255
255
255
255
255
255
255
255
255
255
255
255
255
255
255
255
255
255
255
255
255
255
255
255
255
255
255
255
255
255
255
255
255
255
255
255
255
255
255
255
255
255
255
255
255
255
255
255
255
255
255
255
255
255
255
255
255
255
255
255
255
255
255
255
255
255
255
255
255
255
255
255
255
255
255
255
255
255
255
255
255
255
255
