255
255
255
255
255
255
255
255
255
255
255
255
255
255
255
255
255
255
255
255
255
255
255
255
255
255
255
255
255
255
255
255
255
255
255
255
255
255
255
255
255
255
255
255
255
255
255
255
255
255
255
255
255
255
255
255
255
255
255
255
255
255
255
255
255
255
255
255
255
255
255
255
255
255
255
255
255
255
255
255
255
255
255
255
255
255
255
  0
 16
 13
 17
  8
  0
  0
 14
 40
 37
 31
 28
 15
 17
 35
 52
 64
 14
  4
255
255
255
255
  0
 31
  4
  0
  0
 47
  0
  2
  7
  2
  1
  0
255
 22
  0
 35
 27
 13
255
255
255
255
255
255
255
255
255
255
255
255
255
255
255
255
255
255
255
255
255
255
255
255
255
255
255
 52
 56
 39
 45
 39
 36
 29
 31
 23
  5
 42
 37
  4
  2
  0
  0
  0
  0
  0
  1
 39
 72
255
255
255
255
255
  7
  4
  7
  5
255
255
255
 12
  0
  9
  0
  0
255
  0
 32
 37
 33
 30
 35
 26
 38
255
255
255
255
 30
 20
 31
 26
  0
255
255
255
255
 68
255
255
 92
 76
 79
 92
 90
255
 35
 87
 97
 97
 93
 63
 56
 60
 40
 33
 58
 66
 50
 82
255
 49
 17
  0
  0
  0
  0
 27
 77
 88
255
  0
255
255
255
255
 12
 29
 27
 25
255
255
255
 26
 19
 10
 50
 53
 40
 44
 52
 50
 47
 53
 59
 48
 45
 43
 40
 24
 17
 27
 21
 10
 30
 51
255
 16
 46
 25
 31
 65
 47
 28
 31
 38
 31
 27
 21
 27
 57
 73
 84
 88
 91
 91
 95
 95
 90
 94
 88
 73
 75
255
 34
  1
  0
  5
  3
 11
 31
 41
 29
255
255
255
255
 16
 14
 12
  3
  1
  2
  1
  1
  2
  2
  6
 10
  7
  8
  6
  8
 13
 31
  8
  7
  2
  0
  0
  4
  3
  8
  7
  4
  2
  1
  6
 16
 24
 29
 31
 54
 42
 20
  8
 21
 27
 22
 26
 40
 53
 10
 12
 28
 54
 74
 78
 77
 90
 79
 73
 84
 76
 32
255
 40
 12
 11
  0
255
255
 20
 28
 31
  0
  0
  5
 15
  9
  0
  1
  1
  0
  0
  0
  0
  0
  1
  0
  0
  0
  0
  0
  0
  0
  0
  0
  0
  0
  0
  1
  1
  1
  1
  3
  3
  2
  9
  7
  5
  9
 13
255
 27
 60
 24
 17
 16
 27
 29
 21
 29
 36
  7
  1
  3
 16
 12
 21
 15
  9
 26
 40
 58
 43
 64
 25
255
 36
 39
255
255
255
255
255
255
  0
  0
  0
  6
  2
  2
  3
  1
  0
  0
  0
  0
  0
  0
  0
  0
  0
  0
  0
  0
  0
  0
  0
  1
  4
  3
  1
  0
  1
  1
  1
  1
  2
  2
  3
  0
 23
255
 45
 37
 34
 68
 26
255
255
255
255
 19
 23
 12
 17
  2
  3
  1
  4
  2
  1
  1
 11
  9
  8
  8
  7
255
255
255
255
255
255
255
255
  3
  1
  0
  0
  1
  2
  2
  2
  2
  1
  1
  2
 15
 26
 10
 20
 19
 38
 44
  7
  3
 15
  7
  3
  4
  3
  4
  0
  0
  0
  0
  1
255
  0
  1
  1
 18
  0
 13
255
255
255
255
255
255
255
255
255
255
  7
  4
  3
  1
 12
  5
  0
  0
  0
  1
  0
  0
  0
  0
  1
  0
255
255
255
255
255
255
255
255
  0
  0
  0
  3
  4
  0
  0
  0
  5
  3
 29
 42
 29
 32
 24
 31
 37
 35
 35
 17
 18
 42
 30
 35
 45
 41
  2
  1
  0
  0
  2
 10
  3
255
255
255
255
255
255
255
255
255
255
255
255
255
255
255
255
  2
  2
  5
  1
  2
  1
  0
  0
  0
  0
  0
  0
  0
 49
255
255
255
255
255
255
255
255
255
  2
  1
  2
  3
  0
  0
  0
  3
  8
  2
 10
 16
  5
  2
  2
 21
 16
 12
  9
  9
  5
  2
  1
  9
 24
  8
  6
  1
  0
  5
  4
  8
255
255
255
255
255
255
255
255
255
255
255
255
255
255
255
255
255
  2
  5
 11
  3
  0
  0
  0
  0
  0
  1
  7
255
255
255
255
255
255
255
  0
  0
255
255
255
  2
  7
 29
 25
  9
  0
  0
  7
 13
 26
 28
 37
 28
 13
  3
  5
  4
 14
 16
 26
 10
  9
  3
 16
  2
  2
  9
  4
  9
  3
  2
255
255
255
255
255
255
255
255
255
255
255
255
255
255
255
255
255
255
  4
 28
 17
  8
 16
  1
  0
  2
  1
  2
255
255
 52
255
255
255
255
255
255
255
255
 36
255
 35
 20
 21
 18
 29
 31
 22
 22
 10
 18
 17
 37
 16
  8
  9
 12
  3
  5
 19
  7
  1
  0
  0
  0
  0
  0
  5
 11
  5
  5
 19
255
255
255
255
255
255
255
255
255
255
255
255
255
255
255
255
255
255
255
 20
 20
  3
 11
  5
  7
  1
  7
 31
255
255
255
255
255
255
255
255
255
255
255
 21
 13
  8
  0
  0
  0
  0
  0
  0
  1
  3
  8
  5
  5
 17
 14
 14
 17
 11
  1
  0
  6
  2
  0
  0
  0
  0
  0
  4
  8
 15
255
 19
255
255
255
255
255
255
255
255
255
255
 25
  9
255
255
255
255
255
255
255
255
 16
 11
  4
  5
  9
  3
  8
  8
 23
255
255
255
255
255
255
255
255
255
255
  0
  0
  0
  0
  0
  0
  0
  0
  0
  0
  0
 10
 11
  1
  3
  8
255
  2
  1
  0
  0
  0
  0
  0
  0
  0
  0
  0
  2
 24
 22
255
  0
  0
255
255
255
255
255
255
255
255
255
255
 12
 11
255
255
255
255
255
255
255
  0
 16
  2
  1
  2
  6
  8
  6
  3
 11
 19
255
255
255
255
255
255
 22
 18
 10
 14
 11
 18
 16
 13
  2
  0
  4
  0
  2
 15
 22
  1
  2
  8
255
255
  0
  0
  0
  0
  0
  0
  0
  0
  0
  0
  0
255
255
255
255
  0
255
255
255
255
255
255
255
255
255
255
255
255
255
255
255
255
255
255
255
255
255
255
255
  6
  3
  5
  3
 22
  6
  2
  0
255
255
255
255
255
255
  9
  0
  0
  0
  1
 13
  5
 15
  9
  5
 15
 11
  3
 18
 29
 31
255
255
255
  0
  0
  0
255
  0
  0
  0
  0
255
 16
  2
  1
255
255
  0
  0
255
255
255
255
255
255
255
255
255
255
255
255
255
255
255
255
255
255
255
255
255
255
255
255
  9
  7
  3
  4
  3
  2
  0
  1
255
255
255
255
255
255
255
  0
  0
  0
  1
  0
  0
  0
  0
  0
  0
  0
 40
 77
 37
255
255
255
255
  0
  0
255
  0
  6
  3
  0
  0
  4
  6
  3
  0
  0
255
255
  0
  0
  0
255
255
255
255
255
255
255
  0
255
255
255
255
255
255
255
255
255
255
255
255
 21
 49
  6
  6
  2
  0
  2
  1
  0
  0
255
255
255
255
255
255
255
  0
  0
255
  0
  0
  0
  0
  0
  1
 36
 17
 35
255
255
255
255
255
255
255
255
255
  2
  2
  2
  0
  2
  2
  1
  0
255
255
255
255
255
255
255
255
255
255
255
255
255
255
  0
255
255
255
255
255
255
255
255
255
255
255
 18
 32
 20
  5
  0
  0
  0
  0
  0
  0
  6
  7
255
255
255
255
255
255
255
255
  0
  0
  0
  0
  0
  0
  2
  0
255
255
  0
255
255
255
255
255
255
255
  1
  1
  2
  2
  3
  2
  3
  0
  0
  1
  0
  0
255
255
255
255
255
255
255
255
255
255
255
255
  0
  0
255
255
255
255
255
255
255
255
255
255
 19
  8
  0
  0
  0
  0
  0
  2
 12
 21
  2
255
255
255
  0
255
255
255
255
  0
  0
  0
  0
  0
  0
255
255
255
255
255
255
  0
255
255
255
255
255
  0
  5
 16
 18
 21
 17
  2
  4
  2
  2
  1
  0
  0
255
255
255
  0
  0
  0
255
255
255
255
255
  0
255
255
255
255
255
255
255
255
255
255
255
 18
  6
  1
  0
  1
  2
  3
  4
  1
255
255
255
255
255
255
255
255
255
  0
  0
  0
  0
  0
  0
  0
  0
  0
255
255
255
255
255
255
255
255
255
255
  0
255
  0
 24
  2
  0
  2
  2
  7
  2
255
  0
  0
255
  0
  0
  0
  0
255
  0
  0
  0
255
  0
255
255
255
255
255
255
255
255
255
255
255
 13
 18
 20
  3
  2
  1
  2
  3
  2
255
255
255
255
255
  0
255
255
255
  1
  0
  0
  0
  0
  0
  0
  0
  0
255
  0
255
255
255
255
255
255
255
255
255
255
  0
 39
 26
 38
 38
  9
  0
255
255
  0
  0
255
  0
  0
  0
255
255
  0
  0
  0
255
255
255
  0
255
255
255
255
255
255
255
255
255
255
 29
 24
  4
  1
  1
  2
  3
255
255
255
255
255
255
255
255
255
255
 25
 13
  2
  0
  0
  1
  0
  0
255
  0
255
255
255
255
255
255
255
255
255
255
 53
 33
 67
 80
 69
 69
 61
  2
  1
255
  0
  0
255
255
  0
255
255
255
255
255
255
  0
255
255
255
255
255
255
  0
255
255
255
255
255
255
 39
 29
  8
  2
  1
  3
255
255
255
255
255
255
255
255
255
255
255
 52
 60
 19
  0
  0
255
  0
  0
255
255
255
255
255
255
255
255
255
255
255
255
 19
 41
 39
 48
 65
 19
 42
  5
  1
255
255
  0
255
255
255
255
255
255
255
255
255
255
255
255
255
255
255
255
255
255
255
255
255
  0
  0
 30
 41
  8
  4
  2
255
255
255
255
255
255
255
255
255
255
255
255
255
 31
 27
  0
  0
255
255
255
255
255
255
255
255
255
255
255
255
255
255
255
  0
  7
  7
 53
 55
 30
 21
  1
  0
255
255
255
  0
255
255
255
255
255
255
255
255
255
255
255
255
255
255
255
255
255
255
255
255
255
255
 24
 33
 33
 17
255
255
255
255
255
255
255
255
  0
255
255
255
255
255
255
255
255
255
255
255
255
255
255
255
255
255
  0
255
255
255
255
255
255
255
  0
255
255
255
  2
  0
  0
  0
255
255
255
  0
  0
  0
255
255
255
255
255
255
255
255
255
255
255
255
255
255
255
255
255
255
255
255
 24
 70
 40
255
255
255
255
255
255
255
255
255
255
  0
255
255
255
255
255
255
255
255
255
255
255
255
255
255
255
255
255
255
255
255
255
255
255
255
255
255
255
255
255
  7
  0
255
255
255
  0
  0
  0
255
255
255
255
255
255
255
255
255
255
255
255
255
255
255
255
255
255
255
255
  7
 40
 72
255
255
255
255
255
255
255
255
255
255
255
255
255
255
255
255
255
255
255
255
  0
255
255
  0
255
255
 14
 21
255
255
255
255
255
255
255
255
255
255
255
255
255
255
255
255
255
255
  0
  0
255
255
255
255
255
255
255
255
255
255
255
255
255
255
255
255
255
255
255
255
255
  6
 26
 33
 10
 21
255
255
255
  0
255
255
255
255
255
255
255
255
255
255
255
255
255
255
255
255
255
255
255
255
255
  0
255
255
255
255
255
255
255
255
255
255
255
255
255
255
255
255
  0
255
  0
255
255
255
255
255
255
255
255
255
255
255
255
255
255
255
255
255
255
255
255
255
255
255
  7
  4
255
255
255
255
255
255
255
255
255
255
255
255
255
255
255
255
255
255
255
255
255
255
255
255
255
255
255
255
255
255
255
255
255
255
255
255
255
255
255
255
255
255
255
255
255
255
255
255
255
255
255
255
255
255
255
255
255
255
255
255
255
255
255
255
255
255
255
255
255
255
255
255
255
255
255
255
255
255
255
255
255
255
255
255
255
255
255
255
255
255
255
255
255
255
255
255
255
255
255
255
255
255
255
255
255
255
255
255
255
255
255
255
255
255
255
255
255
255
255
255
255
255
255
255
255
255
255
255
255
255
255
255
255
255
255
255
255
255
255
255
255
255
255
255
255
255
255
255
255
255
255
255
255
255
255
255
255
255
255
255
255
255
255
255
255
255
255
255
255
255
255
255
255
255
255
255
255
255
255
255
255
255
255
255
255
255
255
255
255
255
255
255
255
255
255
255
255
255
255
255
255
255
255
255
255
255
255
255
255
255
255
255
255
255
255
255
255
255
255
255
255
255
255
255
255
255
255
255
255
255
255
255
255
255
255
255
255
255
255
255
255
255
255
255
255
255
255
255
255
255
255
255
255
255
255
255
255
255
255
255
255
255
255
255
255
255
255
255
255
255
255
255
255
255
255
255
255
255
255
255
255
255
255
255
255
255
255
255
255
255
255
255
255
255
255
255
255
255
255
255
255
255
255
255
255
255
255
255
255
255
255
255
255
255
255
255
255
255
255
255
255
255
255
255
255
255
255
255
255
255
255
255
255
255
255
255
255
255
255
255
255
255
255
255
255
255
255
255
255
255
255
255
255
255
255
255
255
255
255
255
255
255
255
255
255
255
255
255
255
255
255
255
255
255
255
255
255
255
255
255
255
255
255
255
255
255
255
255
255
255
255
255
255
255
255
255
255
255
255
255
255
255
255
255
255
255
255
255
255
255
255
255
255
255
255
255
255
255
255
255
255
255
255
255
255
255
255
255
255
255
255
255
255
255
255
255
255
255
255
255
255
255
255
255
255
255
255
255
255
255
255
255
255
255
255
255
255
255
255
255
255
255
255
255
255
255
255
255
255
255
255
255
255
255
255
255
255
255
255
255
255
